 Entering Gaussian System, Link 0=g16
 Input=FREE.INP
 Output=FREE.OUT
 Initial command:
 /usr/local/g16-A.03/sse4/g16/l1.exe "/scratch/zronyj/p2/cluster_541/Gau-1351.inp" -scrdir="/scratch/zronyj/p2/cluster_541/"
 Entering Link 1 = /usr/local/g16-A.03/sse4/g16/l1.exe PID=      1352.
  
 Copyright (c) 1988,1990,1992,1993,1995,1998,2003,2009,2016,
            Gaussian, Inc.  All Rights Reserved.
  
 This is part of the Gaussian(R) 16 program.  It is based on
 the Gaussian(R) 09 system (copyright 2009, Gaussian, Inc.),
 the Gaussian(R) 03 system (copyright 2003, Gaussian, Inc.),
 the Gaussian(R) 98 system (copyright 1998, Gaussian, Inc.),
 the Gaussian(R) 94 system (copyright 1995, Gaussian, Inc.),
 the Gaussian 92(TM) system (copyright 1992, Gaussian, Inc.),
 the Gaussian 90(TM) system (copyright 1990, Gaussian, Inc.),
 the Gaussian 88(TM) system (copyright 1988, Gaussian, Inc.),
 the Gaussian 86(TM) system (copyright 1986, Carnegie Mellon
 University), and the Gaussian 82(TM) system (copyright 1983,
 Carnegie Mellon University). Gaussian is a federally registered
 trademark of Gaussian, Inc.
  
 This software contains proprietary and confidential information,
 including trade secrets, belonging to Gaussian, Inc.
  
 This software is provided under written license and may be
 used, copied, transmitted, or stored only in accord with that
 written license.
  
 The following legend is applicable only to US Government
 contracts under FAR:
  
                    RESTRICTED RIGHTS LEGEND
  
 Use, reproduction and disclosure by the US Government is
 subject to restrictions as set forth in subparagraphs (a)
 and (c) of the Commercial Computer Software - Restricted
 Rights clause in FAR 52.227-19.
  
 Gaussian, Inc.
 340 Quinnipiac St., Bldg. 40, Wallingford CT 06492
  
  
 ---------------------------------------------------------------
 Warning -- This program may not be used in any manner that
 competes with the business of Gaussian, Inc. or will provide
 assistance to any competitor of Gaussian, Inc.  The licensee
 of this program is prohibited from giving any competitor of
 Gaussian, Inc. access to this program.  By using this program,
 the user acknowledges that Gaussian, Inc. is engaged in the
 business of creating and licensing software in the field of
 computational chemistry and represents and warrants to the
 licensee that it is not a competitor of Gaussian, Inc. and that
 it will not use this program in any manner prohibited above.
 ---------------------------------------------------------------
  

 Cite this work as:
 Gaussian 16, Revision A.03,
 M. J. Frisch, G. W. Trucks, H. B. Schlegel, G. E. Scuseria, 
 M. A. Robb, J. R. Cheeseman, G. Scalmani, V. Barone, 
 G. A. Petersson, H. Nakatsuji, X. Li, M. Caricato, A. V. Marenich, 
 J. Bloino, B. G. Janesko, R. Gomperts, B. Mennucci, H. P. Hratchian, 
 J. V. Ortiz, A. F. Izmaylov, J. L. Sonnenberg, D. Williams-Young, 
 F. Ding, F. Lipparini, F. Egidi, J. Goings, B. Peng, A. Petrone, 
 T. Henderson, D. Ranasinghe, V. G. Zakrzewski, J. Gao, N. Rega, 
 G. Zheng, W. Liang, M. Hada, M. Ehara, K. Toyota, R. Fukuda, 
 J. Hasegawa, M. Ishida, T. Nakajima, Y. Honda, O. Kitao, H. Nakai, 
 T. Vreven, K. Throssell, J. A. Montgomery, Jr., J. E. Peralta, 
 F. Ogliaro, M. J. Bearpark, J. J. Heyd, E. N. Brothers, K. N. Kudin, 
 V. N. Staroverov, T. A. Keith, R. Kobayashi, J. Normand, 
 K. Raghavachari, A. P. Rendell, J. C. Burant, S. S. Iyengar, 
 J. Tomasi, M. Cossi, J. M. Millam, M. Klene, C. Adamo, R. Cammi, 
 J. W. Ochterski, R. L. Martin, K. Morokuma, O. Farkas, 
 J. B. Foresman, and D. J. Fox, Gaussian, Inc., Wallingford CT, 2016.
 
 ******************************************
 Gaussian 16:  ES64L-G16RevA.03 25-Dec-2016
                23-Aug-2023 
 ******************************************
 %chk=cluster_541.chk
 %mem=6GB
 %nproc=8
 Will use up to    8 processors via shared memory.
 ----------------------------------------------------------------------
 #b3lyp/6-311++G** scrf=(cpcm,Solvent=Water) nosymm freq=roa scf=(xqc,c
 onver=8) iop(2/11=1) geom=checkpoint guess=checkpoint
 ----------------------------------------------------------------------
 1/10=4,29=2,30=1,38=1,83=21/1,3;
 2/11=1,12=2,15=1,40=1/2;
 3/5=4,6=6,7=1111,11=2,14=-4,25=1,30=1,36=2,70=2101,71=2,72=1,74=-5,116=-2,140=1/1,2,3;
 4/5=1/1;
 5/5=2,6=8,8=3,13=1,38=6,53=1,98=1/2,8;
 8/6=4,10=90,11=11/1;
 10/13=10,15=4,31=1,49=111,72=3/2;
 11/6=3,8=1,9=11,15=111,16=1,31=1/1,2,10;
 10/6=1,31=1,49=111/2;
 6/7=2,8=2,9=2,10=2,28=1/1;
 7/8=1,10=1,25=1,30=1/1,2,3,16;
 1/10=4,30=1/3;
 99//99;
 ---------------
 ROA cluster_541
 ---------------
 Structure from the checkpoint file:  "cluster_541.chk"
 Charge =  0 Multiplicity = 1
 No Z-Matrix found in chk file; cartesian coordinates used.
  O                                                18.610947590000     19.264611470000      4.831791570000
  H                                                18.442966510000     18.788257130000      5.663789560000
  H                                                18.577468130000     18.562274050000      4.170414530000
  O                                                19.868798300000     19.905546090000      8.474302490000
  H                                                19.175608380000     19.298736810000      8.154742740000
  H                                                19.872527600000     20.614173180000      7.823702280000
  O                                                19.298609040000     14.960971330000      5.413306120000
  H                                                18.440837410000     14.900928990000      4.975677650000
  H                                                19.860995300000     14.387078860000      4.879725870000
  O                                                18.014638830000     17.921643900000      7.314213400000
  H                                                18.360090340000     17.034654040000      7.531568630000
  H                                                17.052720270000     17.810375010000      7.271346630000
  O                                                18.623359300000     14.811946080000      8.617767410000
  H                                                19.203714470000     14.134895220000      8.247989580000
  H                                                18.638678730000     14.656567280000      9.572243220000
  O                                                23.509931350000     13.722938320000      5.909941410000
  H                                                23.419432350000     14.410347540000      6.591872910000
  H                                                24.455910680000     13.533953610000      5.900334970000
  O                                                22.752451270000     17.919110220000      5.803324220000
  H                                                22.330709130000     17.118499100000      6.157939970000
  H                                                23.060275670000     18.358690500000      6.605936010000
  O                                                24.126522650000     20.306507800000      4.000717530000
  H                                                23.846372330000     21.018585170000      4.587727720000
  H                                                24.283561430000     19.570365530000      4.609285290000
  O                                                23.116945600000     18.384497780000      9.233943960000
  H                                                23.833084930000     19.011104160000      9.067266950000
  H                                                22.294817010000     18.885330490000      9.072039350000
  O                                                22.960322120000     15.747006270000      8.199954150000
  H                                                22.031522860000     15.557477310000      8.395532910000
  H                                                23.083876150000     16.674741940000      8.498175840000
  O                                                22.593962480000     14.165408190000     11.011518310000
  H                                                23.084768890000     13.436603540000     10.610548530000
  H                                                22.860361170000     14.914735440000     10.455437430000
 Recover connectivity data from disk.
 Using perturbation frequencies:    0.085645

 GradGradGradGradGradGradGradGradGradGradGradGradGradGradGradGradGradGrad
 Berny optimization.
 Initialization pass.
 Trust Radius=3.00D-01 FncErr=1.00D-07 GrdErr=1.00D-07 EigMax=2.50D+02 EigMin=1.00D-04
 Number of steps in this run=      2 maximum allowed number of steps=      2.
 GradGradGradGradGradGradGradGradGradGradGradGradGradGradGradGradGradGrad

                          Input orientation:                          
 ---------------------------------------------------------------------
 Center     Atomic      Atomic             Coordinates (Angstroms)
 Number     Number       Type             X           Y           Z
 ---------------------------------------------------------------------
      1          8           0       18.610948   19.264611    4.831792
      2          1           0       18.442967   18.788257    5.663790
      3          1           0       18.577468   18.562274    4.170415
      4          8           0       19.868798   19.905546    8.474302
      5          1           0       19.175608   19.298737    8.154743
      6          1           0       19.872528   20.614173    7.823702
      7          8           0       19.298609   14.960971    5.413306
      8          1           0       18.440837   14.900929    4.975678
      9          1           0       19.860995   14.387079    4.879726
     10          8           0       18.014639   17.921644    7.314213
     11          1           0       18.360090   17.034654    7.531569
     12          1           0       17.052720   17.810375    7.271347
     13          8           0       18.623359   14.811946    8.617767
     14          1           0       19.203714   14.134895    8.247990
     15          1           0       18.638679   14.656567    9.572243
     16          8           0       23.509931   13.722938    5.909941
     17          1           0       23.419432   14.410348    6.591873
     18          1           0       24.455911   13.533954    5.900335
     19          8           0       22.752451   17.919110    5.803324
     20          1           0       22.330709   17.118499    6.157940
     21          1           0       23.060276   18.358691    6.605936
     22          8           0       24.126523   20.306508    4.000718
     23          1           0       23.846372   21.018585    4.587728
     24          1           0       24.283561   19.570366    4.609285
     25          8           0       23.116946   18.384498    9.233944
     26          1           0       23.833085   19.011104    9.067267
     27          1           0       22.294817   18.885330    9.072039
     28          8           0       22.960322   15.747006    8.199954
     29          1           0       22.031523   15.557477    8.395533
     30          1           0       23.083876   16.674742    8.498176
     31          8           0       22.593962   14.165408   11.011518
     32          1           0       23.084769   13.436604   10.610549
     33          1           0       22.860361   14.914735   10.455437
 ---------------------------------------------------------------------
                    Distance matrix (angstroms):
                    1          2          3          4          5
     1  O    0.000000
     2  H    0.973320   0.000000
     3  H    0.965307   1.516354   0.000000
     4  O    3.906517   3.343698   4.689922   0.000000
     5  H    3.370758   2.646167   4.095732   0.975114   0.000000
     6  H    3.516309   3.169044   4.385656   0.962002   1.525011
     7  O    4.396858   3.929756   3.877397   5.843255   5.132915
     8  H    4.369367   3.947762   3.751342   6.271016   5.476044
     9  H    5.035399   4.689982   4.425248   6.585934   5.943053
    10  O    2.884712   1.912690   3.257400   2.952894   1.987643
    11  H    3.510618   2.563316   3.698410   3.377420   2.485857
    12  H    3.239491   2.339504   3.536381   3.710410   2.739026
    13  O    5.844655   4.956771   5.817733   5.245614   4.544300
    14  H    6.191589   5.376858   6.051486   5.813258   5.164760
    15  H    6.611106   5.690797   6.666187   5.501858   4.883374
    16  O    7.474797   7.168834   7.125610   7.619609   7.410467
    17  H    7.055727   6.692731   6.822505   6.807918   6.659501
    18  H    8.255048   7.988689   7.926709   8.262209   8.136134
    19  O    4.461648   4.398471   4.528856   4.404033   4.497371
    20  H    4.494563   4.259908   4.485706   4.381115   4.323808
    21  H    4.874916   4.731988   5.105759   4.008626   4.286389
    22  O    5.674311   6.113404   5.819206   6.188857   6.540878
    23  H    5.526813   5.943826   5.828290   5.671456   6.123521
    24  H    5.685204   5.986336   5.811055   5.877145   6.223764
    25  O    6.360626   5.895346   6.802778   3.666211   4.187439
    26  H    6.728613   6.378612   7.197369   4.106970   4.754737
    27  H    5.629782   5.144156   6.160274   2.698832   3.277469
    28  O    6.529558   6.007315   6.585767   5.189050   5.190462
    29  H    6.176037   5.547801   6.229841   4.856880   4.712881
    30  H    6.336946   5.834272   6.526868   4.558003   4.719942
    31  O    8.947363   8.197542   9.070025   6.842015   6.796865
    32  H    9.347448   8.640425   9.384220   7.533474   7.461711
    33  H    8.282773   7.581387   8.435000   6.146750   6.171715
                    6          7          8          9         10
     6  H    0.000000
     7  O    6.172364   0.000000
     8  H    6.542334   0.964829   0.000000
     9  H    6.887948   0.964541   1.513307   0.000000
    10  O    3.310747   3.745345   3.843841   4.672142   0.000000
    11  H    3.896892   3.109343   3.330448   4.036662   0.976387
    12  H    4.014685   4.076203   3.957504   5.032416   0.969281
    13  O    5.988055   3.278223   3.647746   3.960456   3.426370
    14  H    6.527509   2.954122   3.446275   3.441049   4.077414
    15  H    6.330312   4.221958   4.607306   4.856583   4.018563
    16  O    8.023858   4.417534   5.287365   3.849307   7.056865
    17  H    7.251578   4.321272   5.257296   3.948983   6.485582
    18  H    8.650795   5.373205   6.237365   4.783588   7.920913
    19  O    4.431620   4.564179   5.327704   4.657123   4.972892
    20  H    4.586628   3.795133   4.631033   3.897945   4.539876
    21  H    4.090464   5.207398   5.996088   5.384134   5.113816
    22  O    5.727682   7.340226   7.905558   7.348947   7.349963
    23  H    5.140673   7.619607   8.172884   7.742439   7.143800
    24  H    5.556908   6.836864   7.488345   6.818995   7.023839
    25  O    4.181684   6.395115   7.220393   6.748317   5.471118
    26  H    4.449977   7.093411   7.919026   7.395580   6.173689
    27  H    3.227186   6.145257   6.892662   6.613112   4.726370
    28  O    5.776275   4.668126   5.615830   4.741218   5.474794
    29  H    5.527967   4.088803   5.001948   4.294406   4.784756
    30  H    5.127065   5.175102   6.091980   5.358502   5.352915
    31  O    7.691225   6.544636   7.363478   6.716928   6.982090
    32  H    8.342812   6.608331   7.447289   6.643677   7.529119
    33  H    6.952465   6.173435   7.039897   6.353202   6.510746
                   11         12         13         14         15
    11  H    0.000000
    12  H    1.542295   0.000000
    13  O    2.487884   3.642847   0.000000
    14  H    3.103798   4.369183   0.965373   0.000000
    15  H    3.145991   4.213774   0.967161   1.531357   0.000000
    16  O    6.333877   7.762483   5.691823   4.917284   6.165486
    17  H    5.776414   7.249613   5.221862   4.537717   5.639046
    18  H    7.216291   8.658792   6.560210   5.784304   6.970176
    19  O    4.802283   5.886752   5.884298   5.734998   6.463131
    20  H    4.202344   5.438339   5.011525   4.800864   5.599077
    21  H    4.970071   6.069114   6.026034   5.950618   6.484999
    22  O    7.511570   8.183298   9.043902   8.964495   9.647806
    23  H    7.391698   7.977978   9.057784   9.073972   9.614611
    24  H    7.075103   7.903746   8.411205   8.281869   8.980037
    25  O    5.229515   6.399706   5.773657   5.860427   5.836676
    26  H    6.018172   7.116209   6.706431   6.773456   6.796973
    27  H    4.613039   5.646025   5.502584   5.727182   5.612485
    28  O    4.823578   6.326102   4.456249   4.088192   4.663565
    29  H    4.050667   5.579231   3.495824   3.168913   3.702388
    30  H    4.835082   6.258563   4.835341   4.644251   4.998643
    31  O    6.186137   7.614462   4.681212   4.373992   4.237572
    32  H    6.689445   8.164910   5.076113   4.596942   4.725897
    33  H    5.770225   7.228544   4.619500   4.341894   4.320797
                   16         17         18         19         20
    16  O    0.000000
    17  H    0.972498   0.000000
    18  H    0.964720   1.523344   0.000000
    19  O    4.265326   3.657607   4.705399   0.000000
    20  H    3.603041   2.950881   4.175142   0.971904   0.000000
    21  H    4.709225   3.964669   5.071859   0.965491   1.506998
    22  O    6.882493   6.479102   7.041629   3.291980   4.247582
    23  H    7.422123   6.918647   7.623266   3.504438   4.469169
    24  H    6.040084   5.594923   6.175337   2.548857   3.496228
    25  O    5.738778   4.781831   6.036021   3.481177   3.418000
    26  H    6.167482   5.240768   6.357401   3.607429   3.781966
    27  H    6.174598   5.238459   6.585383   3.439115   3.408072
    28  O    3.105331   2.140879   3.524576   3.241154   2.539139
    29  H    3.424820   2.548605   4.024713   3.580027   2.744654
    30  H    3.948876   2.978938   4.300675   2.986724   2.498176
    31  O    5.202006   4.502739   5.476293   6.421891   5.687466
    32  H    4.728473   4.148485   4.906691   6.581239   5.826722
    33  H    4.743823   3.936254   5.020089   5.538959   4.858558
                   21         22         23         24         25
    21  H    0.000000
    22  O    3.423162   0.000000
    23  H    3.430183   0.964427   0.000000
    24  H    2.636513   0.967947   1.512924   0.000000
    25  O    2.628746   5.665689   5.390529   4.914747   0.000000
    26  H    2.661020   5.237757   4.908811   4.515452   0.966060
    27  H    2.635326   5.576127   5.202610   4.933614   0.976187
    28  O    3.061336   6.307350   6.451574   5.409431   2.837257
    29  H    3.479624   6.801229   6.900490   5.959079   3.142152
    30  H    2.533143   5.874008   5.894233   4.994732   1.861643
    31  O    6.100018   9.445273   9.476268   8.547333   4.608036
    32  H    6.345428   9.590136   9.712922   8.664600   5.135926
    33  H    5.169086   8.505162   8.524038   7.607752   3.687429
                   26         27         28         29         30
    26  H    0.000000
    27  H    1.543409   0.000000
    28  O    3.488306   3.324531   0.000000
    29  H    3.952770   3.406111   0.967905   0.000000
    30  H    2.518684   2.416327   0.982291   1.538266   0.000000
    31  O    5.366219   5.111627   3.246624   3.016219   3.585200
    32  H    5.832388   5.716613   3.341319   3.242488   3.866220
    33  H    4.433221   4.242553   2.406215   2.311557   2.641677
                   31         32         33
    31  O    0.000000
    32  H    0.965828   0.000000
    33  H    0.970405   1.503094   0.000000
 Symmetry turned off by external request.
 Stoichiometry    H22O11
 Framework group  C1[X(H22O11)]
 Deg. of freedom    93
 Full point group                 C1      NOp   1
 Rotational constants (GHZ):           0.3219140           0.2714689           0.2251903
 Standard basis: 6-311++G(d,p) (5D, 7F)
   396 basis functions,   594 primitive gaussians,   407 cartesian basis functions
    55 alpha electrons       55 beta electrons
       nuclear repulsion energy       698.1535069491 Hartrees.
 NAtoms=   33 NActive=   33 NUniq=   33 SFac= 1.00D+00 NAtFMM=   60 NAOKFM=F Big=F
 Integral buffers will be    131072 words long.
 Raffenetti 2 integral format.
 Two-electron integral symmetry is turned off.
 Force inversion solution in PCM.
 ------------------------------------------------------------------------------
 Polarizable Continuum Model (PCM)
 =================================
 Model                : C-PCM.
 Atomic radii         : UFF (Universal Force Field).
 Polarization charges : Total charges.
 Charge compensation  : None.
 Solution method      : Matrix inversion.
 Cavity type          : Scaled VdW (van der Waals Surface) (Alpha=1.100).
 Cavity algorithm     : GePol (No added spheres)
                        Default sphere list used, NSphG=   33.
                        Lebedev-Laikov grids with approx.  5.0 points / Ang**2.
                        Smoothing algorithm: York/Karplus (Gamma=1.0000).
                        Polarization charges: spherical gaussians, with
                                              point-specific exponents (IZeta= 3).
                        Self-potential: point-specific (ISelfS= 7).
                        Self-field    : sphere-specific E.n sum rule (ISelfD= 2).
 1st derivatives      : Analytical E(r).r(x)/FMM algorithm (CHGder, D1EAlg=3).
                        Cavity 1st derivative terms included.
 2nd derivatives      : Analytical E(r).r(xy)/FMM algorithm (CHGder, D2EAlg=3).
                        Cavity 2nd derivative terms included.
 Solvent              : Water, Eps=  78.355300 Eps(inf)=   1.777849
 ------------------------------------------------------------------------------
 One-electron integrals computed using PRISM.
 NBasis=   396 RedAO= T EigKep=  4.00D-04  NBF=   396
 NBsUse=   396 1.00D-06 EigRej= -1.00D+00 NBFU=   396
 Initial guess from the checkpoint file:  "cluster_541.chk"
 B after Tr=     0.000000    0.000000    0.000000
         Rot=    1.000000    0.000000    0.000000    0.000000 Ang=   0.00 deg.
 Requested convergence on RMS density matrix=1.00D-08 within  32 cycles.
 Requested convergence on MAX density matrix=1.00D-06.
 Requested convergence on             energy=1.00D-06.
 No special actions if energy rises.
 Inv3:  Mode=1 IEnd=    37573563.
 Iteration    1 A*A^-1 deviation from unit magnitude is 1.03D-14 for   2223.
 Iteration    1 A*A^-1 deviation from orthogonality  is 3.64D-15 for   2223   2040.
 Iteration    1 A^-1*A deviation from unit magnitude is 1.03D-14 for   2223.
 Iteration    1 A^-1*A deviation from orthogonality  is 3.33D-15 for   1362   1157.
 Error on total polarization charges =  0.01792
 SCF Done:  E(RB3LYP) =  -841.161918040     A.U. after   10 cycles
            NFock= 10  Conv=0.21D-08     -V/T= 2.0036
 QCSCF skips out because SCF is already converged.
 DoSCS=F DFT=T ScalE2(SS,OS)=  1.000000  1.000000
 Range of M.O.s used for correlation:     1   396
 NBasis=   396 NAE=    55 NBE=    55 NFC=     0 NFV=     0
 NROrb=    396 NOA=    55 NOB=    55 NVA=   341 NVB=   341

 **** Warning!!: The largest alpha MO coefficient is  0.15396402D+02

 NEqPCM:  Using non-equilibrium solvation (IEInf=1, Eps=  78.3553, EpsInf=   1.7778)
 Inv3:  Mode=1 IEnd=    37573563.
 Iteration    1 A*A^-1 deviation from unit magnitude is 1.03D-14 for   2223.
 Iteration    1 A*A^-1 deviation from orthogonality  is 3.64D-15 for   2223   2040.
 Iteration    1 A^-1*A deviation from unit magnitude is 1.03D-14 for   2223.
 Iteration    1 A^-1*A deviation from orthogonality  is 3.33D-15 for   1362   1157.
          Differentiating once with respect to electric field.
                with respect to dipole field.
                with respect to quadrupole field.
          Differentiating once with respect to magnetic field using GIAOs.
          Electric field/nuclear overlap derivatives assumed to be zero.
 FoFJK:  IHMeth= 1 ICntrl=    6127 DoSepK=F KAlg= 0 I1Cent=           0 FoldK=F
 IRaf=         1 NMat=       1 IRICut=       1 DoRegI=T DoRafI=F ISym2E= 0 IDoP0=0 IntGTp=1.
 CalDSu exits because no D1Ps are significant.
          There are    12 degrees of freedom in the 1st order CPHF.  IDoFFX=0 NUNeed=    12.
     11 vectors produced by pass  0 Test12= 3.13D-13 8.33D-09 XBig12= 1.00D+00 1.73D-01.
 AX will form    11 AO Fock derivatives at one time.
     11 vectors produced by pass  1 Test12= 3.13D-13 8.33D-09 XBig12= 1.02D-01 3.37D-02.
     11 vectors produced by pass  2 Test12= 3.13D-13 8.33D-09 XBig12= 3.83D-02 2.86D-02.
     11 vectors produced by pass  3 Test12= 3.13D-13 8.33D-09 XBig12= 2.32D-03 6.96D-03.
     11 vectors produced by pass  4 Test12= 3.13D-13 8.33D-09 XBig12= 6.73D-05 1.21D-03.
     11 vectors produced by pass  5 Test12= 3.13D-13 8.33D-09 XBig12= 2.56D-06 1.66D-04.
     11 vectors produced by pass  6 Test12= 3.13D-13 8.33D-09 XBig12= 6.47D-08 2.72D-05.
     11 vectors produced by pass  7 Test12= 3.13D-13 8.33D-09 XBig12= 9.16D-10 3.40D-06.
     11 vectors produced by pass  8 Test12= 3.13D-13 8.33D-09 XBig12= 1.40D-11 3.08D-07.
      9 vectors produced by pass  9 Test12= 3.13D-13 8.33D-09 XBig12= 3.66D-13 4.91D-08.
 InvSVY:  IOpt=1 It=  1 EMax= 1.92D-13
 Solved reduced A of dimension   108 with    12 vectors.
 Isotropic polarizability for W=    0.085645      102.11 Bohr**3.
 Dipole-magnetic dipole polarizability for W=    0.085645:
                 1             2             3 
      1   0.585747D+01  0.752053D+03 -0.165888D+04
      2  -0.680271D+03 -0.406480D+02  0.205615D+04
      3   0.159100D+04 -0.210857D+04  0.347595D+02
 DQ contribution to OR G for W=    0.085645:
                 1             2             3 
      1   0.120744D+02  0.237858D+04 -0.554857D+04
      2  -0.223126D+04 -0.824065D+02  0.674464D+04
      3   0.541143D+04 -0.684892D+04  0.703321D+02
 Optical Rotation G' tensor for W=    0.085645:
                 1             2             3 
      1   0.743394D-01  0.469397D+00 -0.170901D+00
      2   0.469397D+00 -0.293150D+00  0.719142D-01
      3  -0.170901D+00  0.719142D-01  0.187741D+00
 OR G Eigenvalues:    -0.6430     0.1729     0.4390  Iso=     0.0104
 Eigenvectors:
   (1)  -0.568645   0.801201  -0.186334
   (2)   0.235857   0.375820   0.896176
   (3)   0.788044   0.465658  -0.402677
 w=    0.085645 a.u., Optical Rotation Beta=      0.0104 au.
 Molar Mass =    198.1672 grams/mole, [Alpha] ( 5320.0 A) =        2.48 deg.
 End of Minotr F.D. properties on file   721 Mask=       B NFrqRd=     1 NDeriv=     1 ND12= 1 LenFil=      39:
 Frequencies=    0.085645
 Property number 1 -- Alpha(-w,w) frequency  1    0.085645:
                 1             2             3 
      1   0.986045D+02 -0.878894D-02 -0.483135D+00
      2  -0.878894D-02  0.105134D+03 -0.207619D+01
      3  -0.483135D+00 -0.207619D+01  0.102578D+03
 Property number 2 -- FD Optical Rotation Tensor frequency  1    0.085645:
                 1             2             3 
      1   0.585747D+01  0.752053D+03 -0.165888D+04
      2  -0.680271D+03 -0.406480D+02  0.205615D+04
      3   0.159100D+04 -0.210857D+04  0.347595D+02
 Property number 4 -- D-Q polarizability frequency  1    0.085645:
                 1             2             3 
      1   0.524648D+04 -0.224007D+04 -0.920135D+03
      2  -0.261405D+04  0.452406D+04 -0.100849D+04
      3  -0.263243D+04 -0.228398D+04  0.192863D+04
      4   0.317136D+04  0.423487D+04 -0.898285D+02
      5   0.131113D+04 -0.777541D+02  0.411221D+04
      6  -0.742204D+01  0.137009D+04  0.326459D+04
 End of Minotr F.D. properties file   722 does not exist.
 End of Minotr F.D. properties file   788 does not exist.
 Symmetrizing basis deriv contribution to polar:
 IMax=3 JMax=2 DiffMx= 0.00D+00
 G2DrvN: will do    34 centers at a time, making    1 passes.
 PxScal for G2LodP:  IOpCl= 0 ISclPx=1 IMOff=     1 NMtTot=    25 NTT=   78606 ScalPx= 2.09D+02
 Calling FoFCou, ICntrl=  3107 FMM=F I1Cent=   0 AccDes= 0.00D+00.
 PxScal for G2LodP:  IOpCl= 0 ISclPx=0 IMOff=     1 NMtTot=    25 NTT=   78606 ScalPx= 1.00D+00
 NEqPCM:  Using non-equilibrium solvation (IEInf=1, Eps=  78.3553, EpsInf=   1.7778)
 G2PCM: DoFxE=T DoFxN=T DoGrad=T DoDP/DQ/DG/TGxP=TTTF NFrqRd=   1 IEInf=1 SqF1=F DoCFld=F IF1Alg=4.
 End of G2Drv F.D. properties on file   721 Mask=       B NFrqRd=     1 NDeriv=     1 ND12= 1 LenFil=      39:
 Frequencies=    0.085645
 Property number 1 -- Alpha(-w,w) frequency  1    0.085645:
                 1             2             3 
      1   0.986045D+02 -0.878894D-02 -0.483135D+00
      2  -0.878894D-02  0.105134D+03 -0.207619D+01
      3  -0.483135D+00 -0.207619D+01  0.102578D+03
 Property number 2 -- FD Optical Rotation Tensor frequency  1    0.085645:
                 1             2             3 
      1   0.585747D+01  0.752053D+03 -0.165888D+04
      2  -0.680271D+03 -0.406480D+02  0.205615D+04
      3   0.159100D+04 -0.210857D+04  0.347595D+02
 Property number 4 -- D-Q polarizability frequency  1    0.085645:
                 1             2             3 
      1   0.524648D+04 -0.224007D+04 -0.920135D+03
      2  -0.261405D+04  0.452406D+04 -0.100849D+04
      3  -0.263243D+04 -0.228398D+04  0.192863D+04
      4   0.317136D+04  0.423487D+04 -0.898285D+02
      5   0.131113D+04 -0.777541D+02  0.411221D+04
      6  -0.742204D+01  0.137009D+04  0.326459D+04
 End of G2Drv F.D. properties on file   722 Mask=       B NFrqRd=     1 NDeriv=    99 ND12= 1 LenFil=    3567:
 Frequencies=    0.085645
 Property number 1 -- Alpha(-w,w) derivatives, frequency  1    0.085645:
                 1             2             3             4             5 
      1   0.279846D+01 -0.248061D+01  0.305281D+01 -0.182877D+01  0.118603D+00
      2  -0.248061D+01  0.375354D+00 -0.637976D+00  0.118603D+00  0.104021D+01
      3   0.305281D+01 -0.637976D+00  0.122901D+01 -0.641695D+00 -0.685761D+00
                 6             7             8             9            10 
      1  -0.641695D+00  0.296013D-01 -0.470106D+00  0.575858D+00 -0.178664D+01
      2  -0.685761D+00 -0.470106D+00  0.716222D-01  0.127197D+01  0.155015D+01
      3   0.866987D+00  0.575858D+00  0.127197D+01 -0.217072D+01 -0.183099D+01
                11            12            13            14            15 
      1   0.155015D+01 -0.183099D+01  0.681989D+00 -0.214572D+00 -0.218347D-01
      2  -0.149024D+00  0.232612D+00 -0.214572D+00 -0.450515D+00  0.778907D+00
      3   0.232612D+00 -0.941444D+00 -0.218347D-01  0.778907D+00 -0.203479D+01
                16            17            18            19            20 
      1  -0.948129D+00  0.153106D+00 -0.878387D+00 -0.119091D+01  0.110038D+01
      2   0.153106D+00  0.764304D+00 -0.639134D+00  0.110038D+01 -0.202515D+00
      3  -0.878387D+00 -0.639134D+00  0.146670D+01 -0.137444D+01  0.274764D+00
                21            22            23            24            25 
      1  -0.137444D+01  0.119443D+01  0.547962D-01  0.635990D+00  0.854612D+00
      2   0.274764D+00  0.547962D-01 -0.661051D+00 -0.206326D+00  0.111249D+00
      3  -0.359295D+00  0.635990D+00 -0.206326D+00  0.122045D+01  0.142423D-01
                26            27            28            29            30 
      1   0.111249D+00  0.142423D-01  0.775712D+00 -0.283047D+00 -0.541165D+00
      2  -0.890743D+00 -0.202238D+00 -0.283047D+00  0.355092D+01  0.213802D+01
      3  -0.202238D+00  0.440112D+00 -0.541165D+00  0.213802D+01  0.103941D+01
                31            32            33            34            35 
      1   0.659722D+00  0.184993D+01  0.128367D+01 -0.658512D+00  0.213543D+01
      2   0.184993D+01 -0.797358D+00 -0.100697D+01  0.213543D+01 -0.258881D+01
      3   0.128367D+01 -0.100697D+01 -0.162064D+01  0.996766D+00 -0.193268D+01
                36            37            38            39            40 
      1   0.996766D+00 -0.120350D+01 -0.536767D+00 -0.116892D-01 -0.948170D+00
      2  -0.193268D+01 -0.536767D+00 -0.247104D+01 -0.119517D+01 -0.147764D+01
      3  -0.150494D+01 -0.116892D-01 -0.119517D+01 -0.567134D+00 -0.986381D+00
                41            42            43            44            45 
      1  -0.147764D+01 -0.986381D+00  0.284522D-01 -0.131711D+01 -0.571569D+00
      2   0.131984D+01  0.106677D+01 -0.131711D+01  0.712223D+00  0.107857D+01
      3   0.106677D+01  0.880960D+00 -0.571569D+00  0.107857D+01  0.111441D+01
                46            47            48            49            50 
      1  -0.128698D+00  0.592407D+00  0.536404D+00 -0.288981D+00 -0.242816D+00
      2   0.592407D+00 -0.749686D+00 -0.834385D+00 -0.242816D+00 -0.410872D-01
      3   0.536404D+00 -0.834385D+00 -0.502843D+00 -0.465381D-01  0.111500D+00
                51            52            53            54            55 
      1  -0.465381D-01  0.508679D+00 -0.896952D+00 -0.435563D+00 -0.334608D+00
      2   0.111500D+00 -0.896952D+00  0.230621D+01  0.931750D+00 -0.128188D+00
      3   0.771792D+00 -0.435563D+00  0.931750D+00  0.365417D+00 -0.267329D-01
                56            57            58            59            60 
      1  -0.128188D+00 -0.267329D-01  0.702589D+00  0.386053D+00 -0.100812D+00
      2   0.715087D-01  0.201062D+00  0.386053D+00  0.105413D+01  0.353387D+00
      3   0.201062D+00 -0.330148D+00 -0.100812D+00  0.353387D+00 -0.158468D+01
                61            62            63            64            65 
      1   0.151696D+00 -0.109789D+01  0.165607D-01  0.255810D+00  0.365582D+00
      2  -0.109789D+01 -0.223513D+01  0.936587D-01  0.365582D+00  0.572035D+00
      3   0.165607D-01  0.936587D-01 -0.390000D+00  0.874298D-01 -0.300345D+00
                66            67            68            69            70 
      1   0.874298D-01 -0.235446D+00 -0.298959D+00  0.109955D+00  0.245697D+00
      2  -0.300345D+00 -0.298959D+00 -0.905833D+00 -0.225423D+00  0.796382D+00
      3   0.585964D+00  0.109955D+00 -0.225423D+00  0.590195D+00  0.206127D+00
                71            72            73            74            75 
      1   0.796382D+00  0.206127D+00  0.710651D-01 -0.288763D+00 -0.783133D-01
      2   0.975799D+00 -0.462142D-02 -0.288763D+00 -0.755559D+00  0.303296D-01
      3  -0.462142D-02  0.226693D+00 -0.783133D-01  0.303296D-01 -0.322523D+00
                76            77            78            79            80 
      1  -0.447970D+00 -0.173827D+00 -0.298990D-01 -0.381266D+00  0.317665D+00
      2  -0.173827D+00 -0.166202D-01 -0.148691D+00  0.317665D+00  0.128838D+01
      3  -0.298990D-01 -0.148691D+00  0.993936D+00 -0.206190D+00  0.797785D-02
                81            82            83            84            85 
      1  -0.206190D+00  0.169992D-01 -0.215519D+00 -0.684208D-01  0.757217D+00
      2   0.797785D-02 -0.215519D+00 -0.103925D+01  0.421179D-01 -0.688816D+00
      3   0.223120D+00 -0.684208D-01  0.421179D-01 -0.615039D+00  0.981160D+00
                86            87            88            89            90 
      1  -0.688816D+00  0.981160D+00 -0.864805D-01  0.127991D+01  0.197671D+01
      2   0.769074D+00 -0.959022D+00  0.127991D+01 -0.105842D+01 -0.667375D+00
      3  -0.959022D+00 -0.101234D+01  0.197671D+01 -0.667375D+00 -0.911211D+00
                91            92            93            94            95 
      1  -0.613959D+00  0.221831D+00  0.141219D+00 -0.902280D+00  0.511323D+00
      2   0.221831D+00  0.657291D+00 -0.402039D+00  0.511323D+00 -0.147497D+01
      3   0.141219D+00 -0.402039D+00 -0.281561D+00 -0.544366D+00  0.739911D+00
                96            97            98            99           100 
      1  -0.544366D+00  0.545787D+00 -0.500922D+00 -0.117484D+01  0.103448D+01
      2   0.739911D+00 -0.500922D+00  0.688924D+00 -0.903967D-01 -0.132776D+00
      3   0.565169D+00 -0.117484D+01 -0.903967D-01  0.629194D+00 -0.178390D+00
               101           102           103           104           105 
      1  -0.132776D+00 -0.178390D+00  0.611271D+00 -0.328920D-01 -0.463121D+00
      2   0.342547D+00  0.450610D+00 -0.328920D-01  0.132004D+00  0.161356D+00
      3   0.450610D+00  0.890695D+00 -0.463121D+00  0.161356D+00  0.282213D+00
               106           107           108           109           110 
      1  -0.286038D+00 -0.489355D+00 -0.774327D+00  0.225490D+01  0.224723D+01
      2  -0.489355D+00  0.163877D+00  0.223898D+00  0.224723D+01  0.235983D+01
      3  -0.774327D+00  0.223898D+00  0.464717D+00  0.714486D-01 -0.726196D+00
               111           112           113           114           115 
      1   0.714486D-01  0.151856D+01  0.103942D+01 -0.115907D+01  0.109405D+01
      2  -0.726196D+00  0.103942D+01  0.396146D+00 -0.274632D+00  0.366687D+00
      3  -0.224923D+00 -0.115907D+01 -0.274632D+00  0.313942D+00 -0.692393D+00
               116           117           118           119           120 
      1   0.366687D+00 -0.692393D+00 -0.969969D+00 -0.141612D+01 -0.383283D+00
      2   0.442344D+00 -0.412926D+00 -0.141612D+01 -0.171935D+01  0.242193D+00
      3  -0.412926D+00  0.357283D+00 -0.383283D+00  0.242193D+00  0.423692D+00
               121           122           123           124           125 
      1  -0.956731D+00 -0.288368D+00  0.897627D+00 -0.295486D+00  0.130109D+00
      2  -0.288368D+00  0.185423D+00  0.178681D+00  0.130109D+00  0.112013D+00
      3   0.897627D+00  0.178681D+00 -0.365526D+00  0.107021D+00 -0.770606D-01
               126           127           128           129           130 
      1   0.107021D+00 -0.100939D+01 -0.814913D+00  0.452228D+00 -0.582510D+00
      2  -0.770606D-01 -0.814913D+00 -0.707840D+00  0.598402D+00 -0.620994D+00
      3  -0.730878D-02  0.452228D+00  0.598402D+00 -0.257664D+00  0.189952D+00
               131           132           133           134           135 
      1  -0.620994D+00  0.189952D+00 -0.691378D+00 -0.567754D+00  0.605464D+00
      2  -0.515451D+00 -0.412292D-02 -0.567754D+00 -0.694410D+00  0.385311D+00
      3  -0.412292D-02  0.117911D+00  0.605464D+00  0.385311D+00 -0.559605D+00
               136           137           138           139           140 
      1   0.274846D+00 -0.156011D+00 -0.968233D-01  0.161412D+00 -0.113685D+00
      2  -0.156011D+00  0.119200D+01 -0.859755D+00 -0.113685D+00  0.161627D+01
      3  -0.968233D-01 -0.859755D+00  0.486837D+00  0.926073D+00 -0.215819D+01
               141           142           143           144           145 
      1   0.926073D+00  0.638858D+00  0.497667D+00 -0.103699D+01  0.722936D-01
      2  -0.215819D+01  0.497667D+00 -0.370432D+01 -0.650166D+00 -0.749361D+00
      3  -0.263823D+01 -0.103699D+01 -0.650166D+00  0.179680D+01 -0.688699D+00
               146           147           148           149           150 
      1  -0.749361D+00 -0.688699D+00  0.410616D-02  0.311057D+00 -0.155491D+00
      2   0.479866D+00  0.545346D+00  0.311057D+00 -0.738106D+00  0.203924D+01
      3   0.545346D+00  0.554978D+00 -0.155491D+00  0.203924D+01  0.148548D+01
               151           152           153           154           155 
      1  -0.193762D+00 -0.254246D+00  0.115677D+01 -0.329274D+00  0.683803D+00
      2  -0.254246D+00  0.283979D+01  0.717333D+00  0.683803D+00 -0.144495D+01
      3   0.115677D+01  0.717333D+00 -0.119226D+01  0.587898D+00  0.377594D+00
               156           157           158           159           160 
      1   0.587898D+00 -0.251666D+00  0.140844D+00 -0.519328D+00 -0.519609D+00
      2   0.377594D+00  0.140844D+00 -0.113220D+01  0.110385D+00 -0.763840D-01
      3  -0.805963D+00 -0.519328D+00  0.110385D+00  0.963816D+00  0.400179D+00
               161           162           163           164           165 
      1  -0.763840D-01  0.400179D+00 -0.143800D+01  0.409640D+00  0.177404D+01
      2   0.105844D+01 -0.324034D+00  0.409640D+00  0.103476D+01 -0.127552D+01
      3  -0.324034D+00 -0.950351D+00  0.177404D+01 -0.127552D+01 -0.928120D+00
               166           167           168           169           170 
      1   0.148592D+01  0.772333D+00 -0.150189D+01  0.159428D+01 -0.334133D+00
