 Entering Gaussian System, Link 0=g16
 Input=FREE.INP
 Output=FREE.OUT
 Initial command:
 /usr/local/g16-A.03/sse4/g16/l1.exe "/scratch/zronyj/cluster_155/Gau-24992.inp" -scrdir="/scratch/zronyj/cluster_155/"
 Entering Link 1 = /usr/local/g16-A.03/sse4/g16/l1.exe PID=     24993.
  
 Copyright (c) 1988,1990,1992,1993,1995,1998,2003,2009,2016,
            Gaussian, Inc.  All Rights Reserved.
  
 This is part of the Gaussian(R) 16 program.  It is based on
 the Gaussian(R) 09 system (copyright 2009, Gaussian, Inc.),
 the Gaussian(R) 03 system (copyright 2003, Gaussian, Inc.),
 the Gaussian(R) 98 system (copyright 1998, Gaussian, Inc.),
 the Gaussian(R) 94 system (copyright 1995, Gaussian, Inc.),
 the Gaussian 92(TM) system (copyright 1992, Gaussian, Inc.),
 the Gaussian 90(TM) system (copyright 1990, Gaussian, Inc.),
 the Gaussian 88(TM) system (copyright 1988, Gaussian, Inc.),
 the Gaussian 86(TM) system (copyright 1986, Carnegie Mellon
 University), and the Gaussian 82(TM) system (copyright 1983,
 Carnegie Mellon University). Gaussian is a federally registered
 trademark of Gaussian, Inc.
  
 This software contains proprietary and confidential information,
 including trade secrets, belonging to Gaussian, Inc.
  
 This software is provided under written license and may be
 used, copied, transmitted, or stored only in accord with that
 written license.
  
 The following legend is applicable only to US Government
 contracts under FAR:
  
                    RESTRICTED RIGHTS LEGEND
  
 Use, reproduction and disclosure by the US Government is
 subject to restrictions as set forth in subparagraphs (a)
 and (c) of the Commercial Computer Software - Restricted
 Rights clause in FAR 52.227-19.
  
 Gaussian, Inc.
 340 Quinnipiac St., Bldg. 40, Wallingford CT 06492
  
  
 ---------------------------------------------------------------
 Warning -- This program may not be used in any manner that
 competes with the business of Gaussian, Inc. or will provide
 assistance to any competitor of Gaussian, Inc.  The licensee
 of this program is prohibited from giving any competitor of
 Gaussian, Inc. access to this program.  By using this program,
 the user acknowledges that Gaussian, Inc. is engaged in the
 business of creating and licensing software in the field of
 computational chemistry and represents and warrants to the
 licensee that it is not a competitor of Gaussian, Inc. and that
 it will not use this program in any manner prohibited above.
 ---------------------------------------------------------------
  

 Cite this work as:
 Gaussian 16, Revision A.03,
 M. J. Frisch, G. W. Trucks, H. B. Schlegel, G. E. Scuseria, 
 M. A. Robb, J. R. Cheeseman, G. Scalmani, V. Barone, 
 G. A. Petersson, H. Nakatsuji, X. Li, M. Caricato, A. V. Marenich, 
 J. Bloino, B. G. Janesko, R. Gomperts, B. Mennucci, H. P. Hratchian, 
 J. V. Ortiz, A. F. Izmaylov, J. L. Sonnenberg, D. Williams-Young, 
 F. Ding, F. Lipparini, F. Egidi, J. Goings, B. Peng, A. Petrone, 
 T. Henderson, D. Ranasinghe, V. G. Zakrzewski, J. Gao, N. Rega, 
 G. Zheng, W. Liang, M. Hada, M. Ehara, K. Toyota, R. Fukuda, 
 J. Hasegawa, M. Ishida, T. Nakajima, Y. Honda, O. Kitao, H. Nakai, 
 T. Vreven, K. Throssell, J. A. Montgomery, Jr., J. E. Peralta, 
 F. Ogliaro, M. J. Bearpark, J. J. Heyd, E. N. Brothers, K. N. Kudin, 
 V. N. Staroverov, T. A. Keith, R. Kobayashi, J. Normand, 
 K. Raghavachari, A. P. Rendell, J. C. Burant, S. S. Iyengar, 
 J. Tomasi, M. Cossi, J. M. Millam, M. Klene, C. Adamo, R. Cammi, 
 J. W. Ochterski, R. L. Martin, K. Morokuma, O. Farkas, 
 J. B. Foresman, and D. J. Fox, Gaussian, Inc., Wallingford CT, 2016.
 
 ******************************************
 Gaussian 16:  ES64L-G16RevA.03 25-Dec-2016
                23-Aug-2023 
 ******************************************
 %chk=cluster_155.chk
 %mem=8GB
 %nproc=8
 Will use up to    8 processors via shared memory.
 ----------------------------------------------------------------------
 #b3lyp/6-311++G** scrf=(cpcm,Solvent=Water) nosymm freq=roa scf=(xqc,c
 onver=8) iop(2/11=1) geom=checkpoint guess=checkpoint
 ----------------------------------------------------------------------
 1/10=4,29=2,30=1,38=1,83=21/1,3;
 2/11=1,12=2,15=1,40=1/2;
 3/5=4,6=6,7=1111,11=2,14=-4,25=1,30=1,36=2,70=2101,71=2,72=1,74=-5,116=-2,140=1/1,2,3;
 4/5=1/1;
 5/5=2,6=8,8=3,13=1,38=6,53=1,98=1/2,8;
 8/6=4,10=90,11=11/1;
 10/13=10,15=4,31=1,49=111,72=3/2;
 11/6=3,8=1,9=11,15=111,16=1,31=1/1,2,10;
 10/6=1,31=1,49=111/2;
 6/7=2,8=2,9=2,10=2,28=1/1;
 7/8=1,10=1,25=1,30=1/1,2,3,16;
 1/10=4,30=1/3;
 99//99;
 ---------------
 ROA cluster_155
 ---------------
 Structure from the checkpoint file:  "cluster_155.chk"
 Charge =  0 Multiplicity = 1
 No Z-Matrix found in chk file; cartesian coordinates used.
  O                                                 5.984816120000     17.539970580000     17.621343330000
  H                                                 5.850031800000     17.806149220000     18.552380720000
  H                                                 5.298655690000     18.024680080000     17.146807670000
  O                                                 5.871076410000     18.333699360000     20.178495780000
  H                                                 5.128064270000     18.773331130000     20.622628060000
  H                                                 6.115738000000     17.617772950000     20.783938500000
  O                                                 8.843616510000     19.314796020000     19.954179690000
  H                                                 9.005209350000     19.576093560000     19.036462900000
  H                                                 7.884280450000     19.166312370000     19.983218700000
  O                                                 7.468240470000     17.412266250000     23.677900100000
  H                                                 7.826236100000     16.532952380000     23.860223590000
  H                                                 7.904713170000     17.968934970000     24.335122910000
  O                                                10.482663240000     20.247014470000     23.260361200000
  H                                                 9.850005220000     20.794496000000     23.743863630000
  H                                                10.019483600000     20.051783000000     22.431988940000
  O                                                 3.872115670000     19.654818120000     22.665178770000
  H                                                 4.389368490000     20.464233490000     22.531589580000
  H                                                 3.692282150000     19.666073790000     23.617313340000
  O                                                10.068744030000     23.818510250000     19.848011170000
  H                                                10.629565460000     24.604133440000     19.826770800000
  H                                                10.676834710000     23.074690880000     19.931737970000
  O                                                 4.320317890000     24.347633970000     19.463611380000
  H                                                 5.273506540000     24.155435680000     19.504754260000
  H                                                 4.129994950000     24.331911790000     18.514406820000
  O                                                 7.283954180000     23.469198660000     19.549923340000
  H                                                 8.229476070000     23.693973220000     19.661592830000
  H                                                 7.295370470000     22.706669510000     18.953090060000
  O                                                 6.004266580000     22.742923340000     23.347070390000
  H                                                 6.471355420000     23.252394280000     24.026756190000
  H                                                 6.443704620000     22.988480130000     22.521072900000
  O                                                 3.034910200000     23.737833740000     23.040469970000
  H                                                 3.964541050000     23.480541330000     23.189485300000
  H                                                 2.979302360000     23.780908280000     22.073810030000
 Recover connectivity data from disk.
 Using perturbation frequencies:    0.085645

 GradGradGradGradGradGradGradGradGradGradGradGradGradGradGradGradGradGrad
 Berny optimization.
 Initialization pass.
 Trust Radius=3.00D-01 FncErr=1.00D-07 GrdErr=1.00D-07 EigMax=2.50D+02 EigMin=1.00D-04
 Number of steps in this run=      2 maximum allowed number of steps=      2.
 GradGradGradGradGradGradGradGradGradGradGradGradGradGradGradGradGradGrad

                          Input orientation:                          
 ---------------------------------------------------------------------
 Center     Atomic      Atomic             Coordinates (Angstroms)
 Number     Number       Type             X           Y           Z
 ---------------------------------------------------------------------
      1          8           0        5.984816   17.539971   17.621343
      2          1           0        5.850032   17.806149   18.552381
      3          1           0        5.298656   18.024680   17.146808
      4          8           0        5.871076   18.333699   20.178496
      5          1           0        5.128064   18.773331   20.622628
      6          1           0        6.115738   17.617773   20.783939
      7          8           0        8.843617   19.314796   19.954180
      8          1           0        9.005209   19.576094   19.036463
      9          1           0        7.884280   19.166312   19.983219
     10          8           0        7.468240   17.412266   23.677900
     11          1           0        7.826236   16.532952   23.860224
     12          1           0        7.904713   17.968935   24.335123
     13          8           0       10.482663   20.247014   23.260361
     14          1           0        9.850005   20.794496   23.743864
     15          1           0       10.019484   20.051783   22.431989
     16          8           0        3.872116   19.654818   22.665179
     17          1           0        4.389368   20.464233   22.531590
     18          1           0        3.692282   19.666074   23.617313
     19          8           0       10.068744   23.818510   19.848011
     20          1           0       10.629565   24.604133   19.826771
     21          1           0       10.676835   23.074691   19.931738
     22          8           0        4.320318   24.347634   19.463611
     23          1           0        5.273507   24.155436   19.504754
     24          1           0        4.129995   24.331912   18.514407
     25          8           0        7.283954   23.469199   19.549923
     26          1           0        8.229476   23.693973   19.661593
     27          1           0        7.295370   22.706670   18.953090
     28          8           0        6.004267   22.742923   23.347070
     29          1           0        6.471355   23.252394   24.026756
     30          1           0        6.443705   22.988480   22.521073
     31          8           0        3.034910   23.737834   23.040470
     32          1           0        3.964541   23.480541   23.189485
     33          1           0        2.979302   23.780908   22.073810
 ---------------------------------------------------------------------
                    Distance matrix (angstroms):
                    1          2          3          4          5
     1  O    0.000000
     2  H    0.977675   0.000000
     3  H    0.964854   1.525584   0.000000
     4  O    2.679920   1.709679   3.100692   0.000000
     5  H    3.356026   2.396373   3.559622   0.970874   0.000000
     6  H    3.166260   2.255202   3.749922   0.969005   1.528671
     7  O    4.094493   3.633539   4.702391   3.138290   3.813835
     8  H    3.907830   3.649957   4.440295   3.559575   4.265279
     9  H    3.439681   2.834697   4.004249   2.187320   2.856572
    10  O    6.236885   5.389313   6.909220   3.955478   4.082108
    11  H    6.582442   5.805136   7.326928   4.540976   4.772992
    12  H    6.996060   6.139082   7.646340   4.641797   4.705258
    13  O    7.704365   7.041603   8.317947   5.867316   6.148261
    14  H    7.938317   7.202881   8.479847   5.882112   6.010320
    15  H    6.762400   6.121973   7.370787   5.023875   5.369749
    16  O    5.863136   4.923905   5.928304   3.453229   2.554690
    17  H    5.933573   5.003304   5.981145   3.503096   2.654987
    18  H    6.762225   5.811088   6.866007   4.283437   3.438982
    19  O    7.813871   7.458195   7.976134   6.914679   7.103814
    20  H    8.737277   8.407176   8.882005   7.879421   8.055939
    21  H    7.614860   7.277237   7.885636   6.755235   7.054635
    22  O    7.246295   6.779483   6.804739   6.251665   5.750533
    23  H    6.915025   6.446149   6.568615   5.890979   5.498895
    24  H    7.097069   6.748744   6.558755   6.463676   6.028147
    25  O    6.368903   5.926327   6.273688   5.363271   5.277284
    26  H    6.860967   6.446594   6.859646   5.878926   5.895342
    27  H    5.494168   5.124907   5.400977   4.759527   4.791213
    28  O    7.736604   6.883646   7.823232   5.431285   4.893667
    29  H    8.596384   7.747026   8.719972   6.273994   5.783989
    30  H    7.341947   6.554351   7.404943   5.242381   4.806504
    31  O    8.745421   7.953159   8.514689   6.740876   5.905382
    32  H    8.389046   7.566805   8.249863   6.260265   5.486380
    33  H    8.234493   7.505951   7.923946   6.451872   5.639055
                    6          7          8          9         10
     6  H    0.000000
     7  O    3.318088   0.000000
     8  H    3.903554   0.967777   0.000000
     9  H    2.483318   0.971193   1.523400   0.000000
    10  O    3.201017   4.401974   5.346715   4.111014   0.000000
    11  H    3.683228   4.902132   5.824032   4.687123   0.966745
    12  H    3.991824   4.678199   5.645339   4.513668   0.965573
    13  O    5.667064   3.806093   4.524856   4.319627   4.158952
    14  H    5.726908   4.190947   4.935363   4.545053   4.137225
    15  H    4.886686   2.839956   3.575560   3.367436   3.876620
    16  O    3.566856   5.672826   6.286686   4.850671   4.357380
    17  H    3.759917   5.273004   5.857533   4.515883   4.484193
    18  H    4.254020   6.330734   7.015660   5.570391   4.397861
    19  O    7.412918   4.668581   4.448350   5.141314   7.903836
    20  H    8.372577   5.584168   5.342687   6.093518   8.749179
    21  H    7.162946   4.183061   3.979451   4.803794   7.509451
    22  O    7.089275   6.784567   6.700617   6.310144   8.704537
    23  H    6.714663   6.031539   5.925814   5.651232   8.228143
    24  H    7.360272   7.032967   6.830671   6.552517   9.256729
    25  O    6.093169   4.455898   4.287497   4.366116   7.332161
    26  H    6.530525   4.431700   4.236683   4.552177   7.494668
    27  H    5.535378   3.860577   3.568054   3.733913   7.098198
    28  O    5.731425   5.596934   6.133173   5.257575   5.537921
    29  H    6.510859   6.141513   6.696165   5.919681   5.934861
    30  H    5.654175   5.083746   5.508920   4.808839   5.786371
    31  O    7.213777   7.926507   8.306421   7.332256   7.750712
    32  H    6.692261   7.185124   7.609247   6.652599   7.024131
    33  H    7.034574   7.670018   7.950943   7.051516   7.955078
                   11         12         13         14         15
    11  H    0.000000
    12  H    1.514508   0.000000
    13  O    4.605507   3.604245   0.000000
    14  H    4.719103   3.481026   0.966316   0.000000
    15  H    4.385471   3.525965   0.968943   1.517024   0.000000
    16  O    5.177765   4.678970   6.663653   6.180420   6.164584
    17  H    5.388163   4.672996   6.140565   5.603324   5.646081
    18  H    5.192786   4.597837   6.824528   6.261542   6.448817
    19  O    8.614293   7.683406   4.956919   4.936616   4.568107
    20  H    9.448352   8.472067   5.549379   5.519481   5.280460
    21  H    8.145751   7.289938   4.371863   4.518322   3.977604
    22  O    9.627612   8.790183   8.318948   7.843647   7.729560
    23  H    9.142691   8.278194   7.517689   7.085923   6.923364
    24  H   10.152031   9.413645   8.920026   8.519334   8.267589
    25  O    8.184392   7.316856   5.863579   5.597123   5.241007
    26  H    8.310916   7.397528   5.468959   5.262891   4.913733
    27  H    7.904212   7.196090   5.895873   5.756221   5.154799
    28  O    6.492044   5.232486   5.127681   4.329379   4.919510
    29  H    6.856700   5.483115   5.070529   4.187668   5.037500
    30  H    6.736361   5.533639   4.937142   4.232218   4.627993
    31  O    8.691324   7.659719   8.228195   7.456777   7.920952
    32  H    7.976940   6.871335   7.276444   6.493140   6.999465
    33  H    8.900388   7.946838   8.378349   7.675565   7.974887
                   16         17         18         19         20
    16  O    0.000000
    17  H    0.969819   0.000000
    18  H    0.969034   1.517163   0.000000
    19  O    7.979409   7.120960   8.491739   0.000000
    20  H    8.843948   7.962090   9.320866   0.965492   0.000000
    21  H    8.091442   7.287383   8.601518   0.964392   1.533769
    22  O    5.698547   4.949551   6.290046   5.785511   6.324894
    23  H    5.675186   4.854730   6.290293   4.819299   5.384458
    24  H    6.258643   5.582470   6.928296   6.108259   6.636326
    25  O    5.991240   5.128233   6.626276   2.822398   3.543704
    26  H    6.657544   5.780530   7.242778   1.852881   2.572179
    27  H    5.900176   5.126307   6.631926   3.119082   3.934532
    28  O    3.814110   2.909524   3.858148   5.469943   6.103278
    29  H    4.642466   3.787352   4.555501   5.542888   6.062820
    30  H    4.212735   3.254570   4.450893   4.579860   5.233644
    31  O    4.184827   3.579103   4.164627   7.724838   8.291992
    32  H    3.862590   3.116315   3.848029   6.967135   7.549361
    33  H    4.262799   3.632930   4.452258   7.430732   8.015823
                   21         22         23         24         25
    21  H    0.000000
    22  O    6.499603   0.000000
    23  H    5.526869   0.973243   0.000000
    24  H    6.815464   0.968225   1.523007   0.000000
    25  O    3.437013   3.092287   2.124820   3.429873   0.000000
    26  H    2.538908   3.968373   2.995881   4.304503   0.978266
    27  H    3.539420   3.435744   2.547781   3.585172   0.968396
    28  O    5.797194   4.526813   4.158437   5.421477   4.072272
    29  H    5.872547   5.162248   4.764329   6.085501   4.555146
    30  H    4.963011   3.962845   3.439379   4.817825   3.124874
    31  O    8.276653   3.849422   4.205590   4.694400   5.505493
    32  H    7.472116   3.841948   3.968138   4.754847   4.925956
    33  H    8.021173   2.988752   3.464634   3.781144   4.999719
                   26         27         28         29         30
    26  H    0.000000
    27  H    1.532742   0.000000
    28  O    4.408945   4.579883   0.000000
    29  H    4.726588   5.169033   0.969384   0.000000
    30  H    3.444318   3.679029   0.967303   1.528888   0.000000
    31  O    6.196955   5.993454   3.146574   3.607987   3.528623
    32  H    5.539066   5.444295   2.174717   2.652771   2.614412
    33  H    5.778466   5.433353   3.442240   4.035810   3.581909
                   31         32         33
    31  O    0.000000
    32  H    0.976022   0.000000
    33  H    0.969216   1.518436   0.000000
 Symmetry turned off by external request.
 Stoichiometry    H22O11
 Framework group  C1[X(H22O11)]
 Deg. of freedom    93
 Full point group                 C1      NOp   1
 Rotational constants (GHZ):           0.2812772           0.2337097           0.2104578
 Standard basis: 6-311++G(d,p) (5D, 7F)
   396 basis functions,   594 primitive gaussians,   407 cartesian basis functions
    55 alpha electrons       55 beta electrons
       nuclear repulsion energy       664.4275816743 Hartrees.
 NAtoms=   33 NActive=   33 NUniq=   33 SFac= 1.00D+00 NAtFMM=   60 NAOKFM=F Big=F
 Integral buffers will be    131072 words long.
 Raffenetti 2 integral format.
 Two-electron integral symmetry is turned off.
 Force inversion solution in PCM.
 ------------------------------------------------------------------------------
 Polarizable Continuum Model (PCM)
 =================================
 Model                : C-PCM.
 Atomic radii         : UFF (Universal Force Field).
 Polarization charges : Total charges.
 Charge compensation  : None.
 Solution method      : Matrix inversion.
 Cavity type          : Scaled VdW (van der Waals Surface) (Alpha=1.100).
 Cavity algorithm     : GePol (No added spheres)
                        Default sphere list used, NSphG=   33.
                        Lebedev-Laikov grids with approx.  5.0 points / Ang**2.
                        Smoothing algorithm: York/Karplus (Gamma=1.0000).
                        Polarization charges: spherical gaussians, with
                                              point-specific exponents (IZeta= 3).
                        Self-potential: point-specific (ISelfS= 7).
                        Self-field    : sphere-specific E.n sum rule (ISelfD= 2).
 1st derivatives      : Analytical E(r).r(x)/FMM algorithm (CHGder, D1EAlg=3).
                        Cavity 1st derivative terms included.
 2nd derivatives      : Analytical E(r).r(xy)/FMM algorithm (CHGder, D2EAlg=3).
                        Cavity 2nd derivative terms included.
 Solvent              : Water, Eps=  78.355300 Eps(inf)=   1.777849
 ------------------------------------------------------------------------------
 One-electron integrals computed using PRISM.
 NBasis=   396 RedAO= T EigKep=  5.03D-04  NBF=   396
 NBsUse=   396 1.00D-06 EigRej= -1.00D+00 NBFU=   396
 Initial guess from the checkpoint file:  "cluster_155.chk"
 B after Tr=     0.000000    0.000000    0.000000
         Rot=    1.000000    0.000000    0.000000    0.000000 Ang=   0.00 deg.
 Requested convergence on RMS density matrix=1.00D-08 within  32 cycles.
 Requested convergence on MAX density matrix=1.00D-06.
 Requested convergence on             energy=1.00D-06.
 No special actions if energy rises.
 Inv3:  Mode=1 IEnd=    41716323.
 Iteration    1 A*A^-1 deviation from unit magnitude is 2.38D-14 for   1393.
 Iteration    1 A*A^-1 deviation from orthogonality  is 3.52D-15 for   3720   3493.
 Iteration    1 A^-1*A deviation from unit magnitude is 2.38D-14 for   1393.
 Iteration    1 A^-1*A deviation from orthogonality  is 2.54D-15 for   3401   1391.
 Error on total polarization charges =  0.01835
 SCF Done:  E(RB3LYP) =  -841.161844674     A.U. after   10 cycles
            NFock= 10  Conv=0.21D-08     -V/T= 2.0036
 QCSCF skips out because SCF is already converged.
 DoSCS=F DFT=T ScalE2(SS,OS)=  1.000000  1.000000
 Range of M.O.s used for correlation:     1   396
 NBasis=   396 NAE=    55 NBE=    55 NFC=     0 NFV=     0
 NROrb=    396 NOA=    55 NOB=    55 NVA=   341 NVB=   341

 **** Warning!!: The largest alpha MO coefficient is  0.14523859D+02

 NEqPCM:  Using non-equilibrium solvation (IEInf=1, Eps=  78.3553, EpsInf=   1.7778)
 Inv3:  Mode=1 IEnd=    41716323.
 Iteration    1 A*A^-1 deviation from unit magnitude is 2.38D-14 for   1393.
 Iteration    1 A*A^-1 deviation from orthogonality  is 3.52D-15 for   3720   3493.
 Iteration    1 A^-1*A deviation from unit magnitude is 2.38D-14 for   1393.
 Iteration    1 A^-1*A deviation from orthogonality  is 2.54D-15 for   3401   1391.
          Differentiating once with respect to electric field.
                with respect to dipole field.
                with respect to quadrupole field.
          Differentiating once with respect to magnetic field using GIAOs.
          Electric field/nuclear overlap derivatives assumed to be zero.
 FoFJK:  IHMeth= 1 ICntrl=    6127 DoSepK=F KAlg= 0 I1Cent=           0 FoldK=F
 IRaf=         1 NMat=       1 IRICut=       1 DoRegI=T DoRafI=F ISym2E= 0 IDoP0=0 IntGTp=1.
 CalDSu exits because no D1Ps are significant.
          There are    12 degrees of freedom in the 1st order CPHF.  IDoFFX=0 NUNeed=    12.
     11 vectors produced by pass  0 Test12= 3.13D-13 8.33D-09 XBig12= 1.00D+00 1.60D-01.
 AX will form    11 AO Fock derivatives at one time.
     11 vectors produced by pass  1 Test12= 3.13D-13 8.33D-09 XBig12= 9.14D-02 3.29D-02.
     11 vectors produced by pass  2 Test12= 3.13D-13 8.33D-09 XBig12= 3.35D-02 2.66D-02.
     11 vectors produced by pass  3 Test12= 3.13D-13 8.33D-09 XBig12= 2.13D-03 8.43D-03.
     11 vectors produced by pass  4 Test12= 3.13D-13 8.33D-09 XBig12= 5.92D-05 9.69D-04.
     11 vectors produced by pass  5 Test12= 3.13D-13 8.33D-09 XBig12= 2.22D-06 1.43D-04.
     11 vectors produced by pass  6 Test12= 3.13D-13 8.33D-09 XBig12= 5.81D-08 1.89D-05.
     11 vectors produced by pass  7 Test12= 3.13D-13 8.33D-09 XBig12= 1.00D-09 3.06D-06.
     11 vectors produced by pass  8 Test12= 3.13D-13 8.33D-09 XBig12= 1.41D-11 3.20D-07.
      9 vectors produced by pass  9 Test12= 3.13D-13 8.33D-09 XBig12= 4.01D-13 4.43D-08.
      1 vectors produced by pass 10 Test12= 3.13D-13 8.33D-09 XBig12= 6.52D-15 9.11D-09.
 InvSVY:  IOpt=1 It=  1 EMax= 3.41D-13
 Solved reduced A of dimension   109 with    12 vectors.
 Isotropic polarizability for W=    0.085645      100.19 Bohr**3.
 Dipole-magnetic dipole polarizability for W=    0.085645:
                 1             2             3 
      1   0.202988D+01  0.193417D+04 -0.196062D+04
      2  -0.205555D+04 -0.432827D+01  0.622627D+03
      3   0.205514D+04 -0.605913D+03  0.217291D+01
 DQ contribution to OR G for W=    0.085645:
                 1             2             3 
      1   0.565710D+01  0.653431D+04 -0.651849D+04
      2  -0.677824D+04 -0.969472D+01  0.212997D+04
      3   0.670524D+04 -0.209318D+04  0.403761D+01
 Optical Rotation G' tensor for W=    0.085645:
                 1             2             3 
      1   0.336592D+00 -0.143696D+00 -0.285573D+00
      2  -0.143696D+00 -0.322288D+00  0.420911D+00
      3  -0.285573D+00  0.420911D+00 -0.139796D+00
 OR G Eigenvalues:    -0.6668    -0.0489     0.5902  Iso=     0.0418
 Eigenvectors:
   (1)  -0.075440   0.758828  -0.646907
   (2)   0.621019   0.543332   0.564913
   (3)   0.780157  -0.359124  -0.512236
 w=    0.085645 a.u., Optical Rotation Beta=      0.0418 au.
 Molar Mass =    198.1672 grams/mole, [Alpha] ( 5320.0 A) =       10.01 deg.
 End of Minotr F.D. properties on file   721 Mask=       B NFrqRd=     1 NDeriv=     1 ND12= 1 LenFil=      39:
 Frequencies=    0.085645
 Property number 1 -- Alpha(-w,w) frequency  1    0.085645:
                 1             2             3 
      1   0.103314D+03  0.572471D+00  0.171338D+00
      2   0.572471D+00  0.972037D+02  0.548154D+00
      3   0.171338D+00  0.548154D+00  0.100043D+03
 Property number 2 -- FD Optical Rotation Tensor frequency  1    0.085645:
                 1             2             3 
      1   0.202988D+01  0.193417D+04 -0.196062D+04
      2  -0.205555D+04 -0.432827D+01  0.622627D+03
      3   0.205514D+04 -0.605913D+03  0.217291D+01
 Property number 4 -- D-Q polarizability frequency  1    0.085645:
                 1             2             3 
      1   0.172723D+04 -0.255560D+04 -0.265638D+04
      2  -0.847797D+03  0.510667D+04 -0.263836D+04
      3  -0.879429D+03 -0.255107D+04  0.529474D+04
      4   0.414964D+04  0.124538D+04  0.189012D+02
      5   0.412186D+04  0.245583D+02  0.125054D+04
      6   0.285959D+02  0.389595D+04  0.396742D+04
 End of Minotr F.D. properties file   722 does not exist.
 End of Minotr F.D. properties file   788 does not exist.
 Symmetrizing basis deriv contribution to polar:
 IMax=3 JMax=2 DiffMx= 0.00D+00
 G2DrvN: will do    34 centers at a time, making    1 passes.
 PxScal for G2LodP:  IOpCl= 0 ISclPx=1 IMOff=     1 NMtTot=    25 NTT=   78606 ScalPx= 2.67D+02
 Calling FoFCou, ICntrl=  3107 FMM=F I1Cent=   0 AccDes= 0.00D+00.
 PxScal for G2LodP:  IOpCl= 0 ISclPx=0 IMOff=     1 NMtTot=    25 NTT=   78606 ScalPx= 1.00D+00
 NEqPCM:  Using non-equilibrium solvation (IEInf=1, Eps=  78.3553, EpsInf=   1.7778)
 G2PCM: DoFxE=T DoFxN=T DoGrad=T DoDP/DQ/DG/TGxP=TTTF NFrqRd=   1 IEInf=1 SqF1=F DoCFld=F IF1Alg=4.
 End of G2Drv F.D. properties on file   721 Mask=       B NFrqRd=     1 NDeriv=     1 ND12= 1 LenFil=      39:
 Frequencies=    0.085645
 Property number 1 -- Alpha(-w,w) frequency  1    0.085645:
                 1             2             3 
      1   0.103314D+03  0.572471D+00  0.171338D+00
      2   0.572471D+00  0.972037D+02  0.548154D+00
      3   0.171338D+00  0.548154D+00  0.100043D+03
 Property number 2 -- FD Optical Rotation Tensor frequency  1    0.085645:
                 1             2             3 
      1   0.202988D+01  0.193417D+04 -0.196062D+04
      2  -0.205555D+04 -0.432827D+01  0.622627D+03
      3   0.205514D+04 -0.605913D+03  0.217291D+01
 Property number 4 -- D-Q polarizability frequency  1    0.085645:
                 1             2             3 
      1   0.172723D+04 -0.255560D+04 -0.265638D+04
      2  -0.847797D+03  0.510667D+04 -0.263836D+04
      3  -0.879429D+03 -0.255107D+04  0.529474D+04
      4   0.414964D+04  0.124538D+04  0.189012D+02
      5   0.412186D+04  0.245583D+02  0.125054D+04
      6   0.285959D+02  0.389595D+04  0.396742D+04
 End of G2Drv F.D. properties on file   722 Mask=       B NFrqRd=     1 NDeriv=    99 ND12= 1 LenFil=    3567:
 Frequencies=    0.085645
 Property number 1 -- Alpha(-w,w) derivatives, frequency  1    0.085645:
                 1             2             3             4             5 
      1  -0.380468D+00  0.226565D-01  0.114681D+01  0.104254D+01  0.238601D+01
      2   0.226565D-01  0.226103D+01  0.249182D+01  0.238601D+01  0.295604D+01
      3   0.114681D+01  0.249182D+01  0.602120D+00  0.225315D+01  0.146139D+01
                 6             7             8             9            10 
      1   0.225315D+01  0.408031D+00  0.441024D-01  0.573886D+00 -0.248971D-01
      2   0.146139D+01  0.441024D-01 -0.381315D+00 -0.108707D+01 -0.690941D+00
      3  -0.101431D+01  0.573886D+00 -0.108707D+01 -0.265702D+01 -0.833906D+00
                11            12            13            14            15 
      1  -0.690941D+00 -0.833906D+00 -0.479938D+00 -0.127298D+01 -0.134247D+01
      2  -0.165055D+01 -0.179378D+01 -0.127298D+01 -0.216555D+01 -0.930514D+00
      3  -0.179378D+01 -0.205834D+01 -0.134247D+01 -0.930514D+00  0.122430D+01
                16            17            18            19            20 
      1  -0.300908D-02 -0.100679D+01 -0.106024D+01  0.271617D+00  0.499330D+00
      2  -0.100679D+01  0.516082D+00  0.796547D+00  0.499330D+00 -0.811164D+00
      3  -0.106024D+01  0.796547D+00  0.158225D+01 -0.302781D+00 -0.829996D+00
                21            22            23            24            25 
      1  -0.302781D+00 -0.584045D+00 -0.124184D+01 -0.110723D+01 -0.107762D+00
      2  -0.829996D+00 -0.124184D+01 -0.113324D+01 -0.715330D+00  0.875463D+00
      3   0.103531D+01 -0.110723D+01 -0.715330D+00 -0.420939D+00  0.602779D-01
                26            27            28            29            30 
      1   0.875463D+00  0.602779D-01  0.869532D+00  0.150585D+00  0.147117D+00
      2   0.259154D+00  0.915429D-01  0.150585D+00  0.117839D+01  0.811816D+00
      3   0.915429D-01  0.207948D+00  0.147117D+00  0.811816D+00  0.513528D-01
                31            32            33            34            35 
      1   0.257669D+00  0.915110D+00  0.748535D+00  0.237850D+00  0.150931D+01
      2   0.915110D+00  0.116039D+01  0.156559D+00  0.150931D+01  0.519288D+00
      3   0.748535D+00  0.156559D+00  0.197733D+00  0.498150D+00  0.389641D+00
                36            37            38            39            40 
      1   0.498150D+00 -0.210950D+00  0.461108D+00  0.168195D+00 -0.198683D+00
      2   0.389641D+00  0.461108D+00 -0.347130D+00 -0.302141D+00 -0.889733D+00
      3   0.791146D+00  0.168195D+00 -0.302141D+00 -0.107430D+00 -0.326246D+00
                41            42            43            44            45 
      1  -0.889733D+00 -0.326246D+00  0.561626D-01 -0.821715D+00 -0.468485D+00
      2  -0.110102D+01 -0.553092D-01 -0.821715D+00 -0.832713D-01 -0.148076D+00
      3  -0.553092D-01  0.173143D+00 -0.468485D+00 -0.148076D+00  0.136290D+00
                46            47            48            49            50 
      1  -0.612613D+00 -0.504143D+00 -0.219501D+00 -0.322258D-01 -0.619383D-01
      2  -0.504143D+00 -0.609572D+00 -0.407764D+00 -0.619383D-01  0.122327D+00
      3  -0.219501D+00 -0.407764D+00  0.366264D+00 -0.167709D+00  0.844795D-01
                51            52            53            54            55 
      1  -0.167709D+00 -0.326797D+00 -0.790937D+00  0.182029D+00  0.267991D+01
      2   0.844795D-01 -0.790937D+00 -0.938728D+00 -0.252097D+00  0.105862D+00
      3  -0.209558D+00  0.182029D+00 -0.252097D+00  0.112269D+00 -0.516731D+00
                56            57            58            59            60 
      1   0.105862D+00 -0.516731D+00  0.332785D+00 -0.257315D+01 -0.881636D+00
      2  -0.962630D+00 -0.304699D+00 -0.257315D+01  0.235911D+01  0.133472D+01
      3  -0.304699D+00 -0.386041D+00 -0.881636D+00  0.133472D+01  0.641518D+00
                61            62            63            64            65 
      1  -0.394686D+00 -0.761853D+00 -0.274749D+00  0.129673D+00 -0.157957D+00
      2  -0.761853D+00 -0.475745D+00 -0.400749D+00 -0.157957D+00 -0.111646D-01
      3  -0.274749D+00 -0.400749D+00 -0.264231D+00  0.379760D-01 -0.610325D-01
                66            67            68            69            70 
      1   0.379760D-01 -0.445097D+00  0.118864D+01  0.611541D+00  0.549493D+00
      2  -0.610325D-01  0.118864D+01 -0.108464D+01 -0.785744D+00  0.245936D+00
      3   0.491145D+00  0.611541D+00 -0.785744D+00 -0.427522D+00 -0.492926D+00
                71            72            73            74            75 
      1   0.245936D+00 -0.492926D+00 -0.303201D+01  0.337895D-01  0.308818D+00
      2   0.649843D+00  0.467311D+00  0.337895D-01  0.110920D+01  0.354141D+00
      3   0.467311D+00  0.345330D+00  0.308818D+00  0.354141D+00  0.878803D-01
                76            77            78            79            80 
      1   0.647392D-01  0.144458D+01  0.183735D+00 -0.290751D+00  0.570421D+00
      2   0.144458D+01 -0.119254D+01 -0.619881D+00  0.570421D+00 -0.102274D+00
      3   0.183735D+00 -0.619881D+00 -0.345095D+00  0.729653D+00 -0.176031D+00
                81            82            83            84            85 
      1   0.729653D+00  0.704895D+00  0.856854D+00 -0.894927D+00 -0.427512D+00
      2  -0.176031D+00  0.856854D+00  0.791795D-01 -0.126860D+01 -0.879234D-01
      3   0.318431D-01 -0.894927D+00 -0.126860D+01  0.182827D+01 -0.469389D-02
                86            87            88            89            90 
      1  -0.879234D-01 -0.469389D-02  0.890418D+00 -0.831342D+00  0.154914D+00
      2  -0.655134D+00 -0.761917D-01 -0.831342D+00 -0.103463D+01  0.422948D+00
      3  -0.761917D-01  0.210108D+00  0.154914D+00  0.422948D+00 -0.231021D+00
                91            92            93            94            95 
      1  -0.347047D+00 -0.455270D+00  0.420404D+00  0.661688D+00  0.854698D-02
      2  -0.455270D+00 -0.556923D+00  0.757776D+00  0.854698D-02  0.385673D+00
      3   0.420404D+00  0.757776D+00 -0.742433D+00 -0.263447D+00 -0.252367D+00
                96            97            98            99           100 
      1  -0.263447D+00 -0.309983D+00  0.426690D+00 -0.172917D+00 -0.314133D+00
      2  -0.252367D+00  0.426690D+00  0.176875D-01 -0.163473D+00 -0.316629D+00
      3   0.400774D+00 -0.172917D+00 -0.163473D+00  0.259634D+00  0.447124D+00
               101           102           103           104           105 
      1  -0.316629D+00  0.447124D+00 -0.209322D+00  0.110211D+00  0.300084D+00
      2   0.468659D+00  0.545561D+00  0.110211D+00  0.211261D+00  0.326711D+00
      3   0.545561D+00 -0.116533D+01  0.300084D+00  0.326711D+00 -0.623880D+00
               106           107           108           109           110 
      1  -0.593070D+00  0.431293D+00 -0.401480D-01 -0.305480D+00 -0.147941D+01
      2   0.431293D+00  0.968395D+00 -0.137926D+00 -0.147941D+01 -0.895597D+00
      3  -0.401480D-01 -0.137926D+00 -0.147683D+00  0.626124D+00  0.245147D+00
               111           112           113           114           115 
      1   0.626124D+00 -0.191306D+01 -0.142152D+01  0.812422D+00  0.798167D+00
      2   0.245147D+00 -0.142152D+01  0.313052D+00 -0.128077D+01  0.130313D+01
      3   0.890912D+00  0.812422D+00 -0.128077D+01  0.155059D+01  0.969854D+00
               116           117           118           119           120 
      1   0.130313D+01  0.969854D+00 -0.727425D-01  0.109866D+01  0.261369D+00
      2  -0.519521D+00  0.992943D+00  0.109866D+01  0.467260D+00  0.468405D-01
      3   0.992943D+00  0.885203D+00  0.261369D+00  0.468405D-01  0.367098D+00
               121           122           123           124           125 
      1   0.120871D+01  0.271859D+00 -0.387081D+00  0.191200D+00 -0.889263D+00
      2   0.271859D+00 -0.245682D+00  0.756661D+00 -0.889263D+00 -0.212794D+00
      3  -0.387081D+00  0.756661D+00 -0.992013D+00  0.722187D-01 -0.175440D+00
               126           127           128           129           130 
      1   0.722187D-01  0.484067D+00  0.417487D+00 -0.786265D+00  0.752516D+00
      2  -0.175440D+00  0.417487D+00  0.387961D+00 -0.310902D+00  0.116621D+01
      3   0.631427D-01 -0.786265D+00 -0.310902D+00 -0.126634D+01 -0.394026D+00
               131           132           133           134           135 
      1   0.116621D+01 -0.394026D+00 -0.835378D+00 -0.395397D+00 -0.874545D+00
      2  -0.821597D-01  0.547276D+00 -0.395397D+00  0.652997D+00 -0.812559D+00
      3   0.547276D+00 -0.476297D+00 -0.874545D+00 -0.812559D+00 -0.978268D+00
               136           137           138           139           140 
      1   0.317243D+01 -0.854841D+00  0.686630D-01 -0.197876D+01 -0.100416D+01
      2  -0.854841D+00 -0.122593D+01  0.862874D+00 -0.100416D+01  0.247203D+00
      3   0.686630D-01  0.862874D+00  0.180852D+00  0.125364D+01  0.275251D+00
               141           142           143           144           145 
      1   0.125364D+01  0.171284D+01  0.264939D+00 -0.300438D+00 -0.163358D+01
      2   0.275251D+00  0.264939D+00  0.528159D+00  0.720701D-01  0.844946D+00
      3  -0.412734D-02 -0.300438D+00  0.720701D-01 -0.263142D+00 -0.347090D+00
               146           147           148           149           150 
      1   0.844946D+00 -0.347090D+00  0.105912D+01  0.109349D+01 -0.103319D+01
      2   0.764113D+00 -0.570147D+00  0.109349D+01  0.596912D+00 -0.302034D+00
      3  -0.570147D+00  0.175819D+00 -0.103319D+01 -0.302034D+00  0.904716D-01
               151           152           153           154           155 
      1  -0.525453D+00 -0.231608D+00 -0.142454D+00 -0.146988D+01 -0.102693D+00
      2  -0.231608D+00 -0.921255D-01 -0.243033D+00 -0.102693D+00  0.385223D+00
      3  -0.142454D+00 -0.243033D+00  0.390607D+00  0.386693D+00 -0.238691D+00
               156           157           158           159           160 
      1   0.386693D+00  0.724165D+00 -0.273381D-01 -0.170784D+00 -0.142463D+01
      2  -0.238691D+00 -0.273381D-01 -0.492105D+00  0.381552D-01  0.928117D-01
      3  -0.372464D+00 -0.170784D+00  0.381552D-01 -0.243262D+00  0.592943D+00
               161           162           163           164           165 
      1   0.928117D-01  0.592943D+00  0.879787D+00 -0.315472D+00  0.140983D+00
      2  -0.335537D+00  0.226425D+00 -0.315472D+00 -0.139702D+01  0.180835D+00
      3   0.226425D+00 -0.256184D+00  0.140983D+00  0.180835D+00  0.148311D+01
               166           167           168           169           170 
