 Entering Gaussian System, Link 0=g16
 Input=FREE.INP
 Output=FREE.OUT
 Initial command:
 /usr/local/g16-A.03/sse4/g16/l1.exe "/scratch/zronyj/p4/cluster_212_i/Gau-5832.inp" -scrdir="/scratch/zronyj/p4/cluster_212_i/"
 Entering Link 1 = /usr/local/g16-A.03/sse4/g16/l1.exe PID=      5833.
  
 Copyright (c) 1988,1990,1992,1993,1995,1998,2003,2009,2016,
            Gaussian, Inc.  All Rights Reserved.
  
 This is part of the Gaussian(R) 16 program.  It is based on
 the Gaussian(R) 09 system (copyright 2009, Gaussian, Inc.),
 the Gaussian(R) 03 system (copyright 2003, Gaussian, Inc.),
 the Gaussian(R) 98 system (copyright 1998, Gaussian, Inc.),
 the Gaussian(R) 94 system (copyright 1995, Gaussian, Inc.),
 the Gaussian 92(TM) system (copyright 1992, Gaussian, Inc.),
 the Gaussian 90(TM) system (copyright 1990, Gaussian, Inc.),
 the Gaussian 88(TM) system (copyright 1988, Gaussian, Inc.),
 the Gaussian 86(TM) system (copyright 1986, Carnegie Mellon
 University), and the Gaussian 82(TM) system (copyright 1983,
 Carnegie Mellon University). Gaussian is a federally registered
 trademark of Gaussian, Inc.
  
 This software contains proprietary and confidential information,
 including trade secrets, belonging to Gaussian, Inc.
  
 This software is provided under written license and may be
 used, copied, transmitted, or stored only in accord with that
 written license.
  
 The following legend is applicable only to US Government
 contracts under FAR:
  
                    RESTRICTED RIGHTS LEGEND
  
 Use, reproduction and disclosure by the US Government is
 subject to restrictions as set forth in subparagraphs (a)
 and (c) of the Commercial Computer Software - Restricted
 Rights clause in FAR 52.227-19.
  
 Gaussian, Inc.
 340 Quinnipiac St., Bldg. 40, Wallingford CT 06492
  
  
 ---------------------------------------------------------------
 Warning -- This program may not be used in any manner that
 competes with the business of Gaussian, Inc. or will provide
 assistance to any competitor of Gaussian, Inc.  The licensee
 of this program is prohibited from giving any competitor of
 Gaussian, Inc. access to this program.  By using this program,
 the user acknowledges that Gaussian, Inc. is engaged in the
 business of creating and licensing software in the field of
 computational chemistry and represents and warrants to the
 licensee that it is not a competitor of Gaussian, Inc. and that
 it will not use this program in any manner prohibited above.
 ---------------------------------------------------------------
  

 Cite this work as:
 Gaussian 16, Revision A.03,
 M. J. Frisch, G. W. Trucks, H. B. Schlegel, G. E. Scuseria, 
 M. A. Robb, J. R. Cheeseman, G. Scalmani, V. Barone, 
 G. A. Petersson, H. Nakatsuji, X. Li, M. Caricato, A. V. Marenich, 
 J. Bloino, B. G. Janesko, R. Gomperts, B. Mennucci, H. P. Hratchian, 
 J. V. Ortiz, A. F. Izmaylov, J. L. Sonnenberg, D. Williams-Young, 
 F. Ding, F. Lipparini, F. Egidi, J. Goings, B. Peng, A. Petrone, 
 T. Henderson, D. Ranasinghe, V. G. Zakrzewski, J. Gao, N. Rega, 
 G. Zheng, W. Liang, M. Hada, M. Ehara, K. Toyota, R. Fukuda, 
 J. Hasegawa, M. Ishida, T. Nakajima, Y. Honda, O. Kitao, H. Nakai, 
 T. Vreven, K. Throssell, J. A. Montgomery, Jr., J. E. Peralta, 
 F. Ogliaro, M. J. Bearpark, J. J. Heyd, E. N. Brothers, K. N. Kudin, 
 V. N. Staroverov, T. A. Keith, R. Kobayashi, J. Normand, 
 K. Raghavachari, A. P. Rendell, J. C. Burant, S. S. Iyengar, 
 J. Tomasi, M. Cossi, J. M. Millam, M. Klene, C. Adamo, R. Cammi, 
 J. W. Ochterski, R. L. Martin, K. Morokuma, O. Farkas, 
 J. B. Foresman, and D. J. Fox, Gaussian, Inc., Wallingford CT, 2016.
 
 ******************************************
 Gaussian 16:  ES64L-G16RevA.03 25-Dec-2016
                27-Aug-2023 
 ******************************************
 %chk=cluster_212_i.chk
 %mem=8GB
 %nproc=8
 Will use up to    8 processors via shared memory.
 ----------------------------------------------------------------------
 #b3lyp/6-311++G** scrf=(cpcm,Solvent=Water) nosymm freq=roa scf=(xqc,c
 onver=8) iop(2/11=1) geom=checkpoint guess=checkpoint
 ----------------------------------------------------------------------
 1/10=4,29=2,30=1,38=1,83=21/1,3;
 2/11=1,12=2,15=1,40=1/2;
 3/5=4,6=6,7=1111,11=2,14=-4,25=1,30=1,36=2,70=2101,71=2,72=1,74=-5,116=-2,140=1/1,2,3;
 4/5=1/1;
 5/5=2,6=8,8=3,13=1,38=6,53=1,98=1/2,8;
 8/6=4,10=90,11=11/1;
 10/13=10,15=4,31=1,49=111,72=3/2;
 11/6=3,8=1,9=11,15=111,16=1,31=1/1,2,10;
 10/6=1,31=1,49=111/2;
 6/7=2,8=2,9=2,10=2,28=1/1;
 7/8=1,10=1,25=1,30=1/1,2,3,16;
 1/10=4,30=1/3;
 99//99;
 -----------------
 ROA cluster_212_i
 -----------------
 Structure from the checkpoint file:  "cluster_212_i.chk"
 Charge =  0 Multiplicity = 1
 No Z-Matrix found in chk file; cartesian coordinates used.
  O                                                 9.185740640000      8.218735360000      7.951874380000
  H                                                 9.128507630000      7.518219090000      7.283842630000
  H                                                 8.789799050000      7.849803180000      8.756250830000
  O                                                 7.533718600000      9.889185800000     14.296613900000
  H                                                 6.930557620000      9.540788210000     14.968107870000
  H                                                 7.050844160000      9.774061250000     13.467171730000
  O                                                 7.802440560000     10.634125100000      7.365010890000
  H                                                 8.219633250000      9.758220970000      7.486696520000
  H                                                 7.077968810000     10.462499680000      6.750554790000
  O                                                 8.942566070000      5.160476330000     12.274203160000
  H                                                 9.392473670000      4.882628420000     13.084832930000
  H                                                 9.607010300000      5.017560260000     11.583233680000
  O                                                12.739533440000      6.579515170000     11.348982370000
  H                                                12.779923940000      7.275450230000     12.023380030000
  H                                                13.136418560000      5.800196630000     11.762526030000
  O                                                13.335128200000     11.118346160000     13.692925110000
  H                                                14.049636430000     10.818091830000     13.114420350000
  H                                                12.861223240000     10.288204460000     13.909329790000
  O                                                13.076590490000      6.118517240000      8.353468350000
  H                                                12.994809630000      6.303505090000      9.308440360000
  H                                                13.048194580000      5.153165340000      8.305040660000
  O                                                12.897683570000     10.922785130000      6.947455080000
  H                                                12.015839050000     10.528827060000      6.905169140000
  H                                                13.284174710000     10.509521170000      7.736432000000
  O                                                 8.653902720000      7.285682510000     14.107248260000
  H                                                 8.521839540000      8.249617220000     14.048917380000
  H                                                 8.995506960000      6.976349990000     13.257968580000
  C                                                10.357266940000     12.420135170000     10.744827490000
  C                                                11.287336550000     11.209960780000     10.797888080000
  C                                                 9.629091850000      9.248558880000     11.187661620000
  H                                                10.119881570000     10.160347790000      9.281939860000
  H                                                10.278446400000     14.204935920000     11.320510190000
  O                                                11.657545390000      8.943262390000      9.993787050000
  O                                                 9.323610270000     12.480513640000     10.113993540000
  O                                                10.909139920000     13.471247520000     11.374606010000
  C                                                10.632482850000      9.911236890000     10.215133680000
  O                                                12.350844370000     11.704159370000      9.983576500000
  H                                                11.636284080000     11.044397450000     11.823161100000
  O                                                 9.439007830000      9.626444680000     12.325074210000
  O                                                 9.023232870000      8.133723590000     10.709082900000
  H                                                 8.491461740000      7.741515690000     11.426953130000
  H                                                13.182778820000     11.315218130000     10.284603480000
  H                                                11.315751670000      8.301469780000      9.348335860000
  O                                                14.413895720000      9.075333750000      9.130645960000
  H                                                14.363127560000      8.325628770000      8.516967290000
  H                                                13.571308380000      9.012321630000      9.611842540000
  O                                                10.232468420000      3.865706350000      8.563893480000
  H                                                10.346389650000      3.177922710000      9.233274490000
  H                                                10.878058460000      3.627398560000      7.882643340000
  O                                                 7.707032580000      3.023184510000      7.275578970000
  H                                                 7.164836540000      3.822562920000      7.266005410000
  H                                                 8.530039240000      3.316295070000      7.712192190000
  O                                                11.904928290000      8.861182590000     13.863920650000
  H                                                11.016154880000      9.119355640000     13.569163920000
  H                                                11.755399050000      8.336648280000     14.661424130000
 Recover connectivity data from disk.
 Using perturbation frequencies:    0.085645

 GradGradGradGradGradGradGradGradGradGradGradGradGradGradGradGradGradGrad
 Berny optimization.
 Initialization pass.
 Trust Radius=3.00D-01 FncErr=1.00D-07 GrdErr=1.00D-07 EigMax=2.50D+02 EigMin=1.00D-04
 Number of steps in this run=      2 maximum allowed number of steps=      2.
 GradGradGradGradGradGradGradGradGradGradGradGradGradGradGradGradGradGrad

                          Input orientation:                          
 ---------------------------------------------------------------------
 Center     Atomic      Atomic             Coordinates (Angstroms)
 Number     Number       Type             X           Y           Z
 ---------------------------------------------------------------------
      1          8           0        9.185741    8.218735    7.951874
      2          1           0        9.128508    7.518219    7.283843
      3          1           0        8.789799    7.849803    8.756251
      4          8           0        7.533719    9.889186   14.296614
      5          1           0        6.930558    9.540788   14.968108
      6          1           0        7.050844    9.774061   13.467172
      7          8           0        7.802441   10.634125    7.365011
      8          1           0        8.219633    9.758221    7.486697
      9          1           0        7.077969   10.462500    6.750555
     10          8           0        8.942566    5.160476   12.274203
     11          1           0        9.392474    4.882628   13.084833
     12          1           0        9.607010    5.017560   11.583234
     13          8           0       12.739533    6.579515   11.348982
     14          1           0       12.779924    7.275450   12.023380
     15          1           0       13.136419    5.800197   11.762526
     16          8           0       13.335128   11.118346   13.692925
     17          1           0       14.049636   10.818092   13.114420
     18          1           0       12.861223   10.288204   13.909330
     19          8           0       13.076590    6.118517    8.353468
     20          1           0       12.994810    6.303505    9.308440
     21          1           0       13.048195    5.153165    8.305041
     22          8           0       12.897684   10.922785    6.947455
     23          1           0       12.015839   10.528827    6.905169
     24          1           0       13.284175   10.509521    7.736432
     25          8           0        8.653903    7.285683   14.107248
     26          1           0        8.521840    8.249617   14.048917
     27          1           0        8.995507    6.976350   13.257969
     28          6           0       10.357267   12.420135   10.744827
     29          6           0       11.287337   11.209961   10.797888
     30          6           0        9.629092    9.248559   11.187662
     31          1           0       10.119882   10.160348    9.281940
     32          1           0       10.278446   14.204936   11.320510
     33          8           0       11.657545    8.943262    9.993787
     34          8           0        9.323610   12.480514   10.113994
     35          8           0       10.909140   13.471248   11.374606
     36          6           0       10.632483    9.911237   10.215134
     37          8           0       12.350844   11.704159    9.983577
     38          1           0       11.636284   11.044397   11.823161
     39          8           0        9.439008    9.626445   12.325074
     40          8           0        9.023233    8.133724   10.709083
     41          1           0        8.491462    7.741516   11.426953
     42          1           0       13.182779   11.315218   10.284603
     43          1           0       11.315752    8.301470    9.348336
     44          8           0       14.413896    9.075334    9.130646
     45          1           0       14.363128    8.325629    8.516967
     46          1           0       13.571308    9.012322    9.611843
     47          8           0       10.232468    3.865706    8.563893
     48          1           0       10.346390    3.177923    9.233274
     49          1           0       10.878058    3.627399    7.882643
     50          8           0        7.707033    3.023185    7.275579
     51          1           0        7.164837    3.822563    7.266005
     52          1           0        8.530039    3.316295    7.712192
     53          8           0       11.904928    8.861183   13.863921
     54          1           0       11.016155    9.119356   13.569164
     55          1           0       11.755399    8.336648   14.661424
 ---------------------------------------------------------------------
 Symmetry turned off by external request.
 Stoichiometry    C4H32O19
 Framework group  C1[X(C4H32O19)]
 Deg. of freedom   159
 Full point group                 C1      NOp   1
                          Input orientation:                          
 ---------------------------------------------------------------------
 Center     Atomic      Atomic             Coordinates (Angstroms)
 Number     Number       Type             X           Y           Z
 ---------------------------------------------------------------------
      1          8           0        9.185741    8.218735    7.951874
      2          1           0        9.128508    7.518219    7.283843
      3          1           0        8.789799    7.849803    8.756251
      4          8           0        7.533719    9.889186   14.296614
      5          1           0        6.930558    9.540788   14.968108
      6          1           0        7.050844    9.774061   13.467172
      7          8           0        7.802441   10.634125    7.365011
      8          1           0        8.219633    9.758221    7.486697
      9          1           0        7.077969   10.462500    6.750555
     10          8           0        8.942566    5.160476   12.274203
     11          1           0        9.392474    4.882628   13.084833
     12          1           0        9.607010    5.017560   11.583234
     13          8           0       12.739533    6.579515   11.348982
     14          1           0       12.779924    7.275450   12.023380
     15          1           0       13.136419    5.800197   11.762526
     16          8           0       13.335128   11.118346   13.692925
     17          1           0       14.049636   10.818092   13.114420
     18          1           0       12.861223   10.288204   13.909330
     19          8           0       13.076590    6.118517    8.353468
     20          1           0       12.994810    6.303505    9.308440
     21          1           0       13.048195    5.153165    8.305041
     22          8           0       12.897684   10.922785    6.947455
     23          1           0       12.015839   10.528827    6.905169
     24          1           0       13.284175   10.509521    7.736432
     25          8           0        8.653903    7.285683   14.107248
     26          1           0        8.521840    8.249617   14.048917
     27          1           0        8.995507    6.976350   13.257969
     28          6           0       10.357267   12.420135   10.744827
     29          6           0       11.287337   11.209961   10.797888
     30          6           0        9.629092    9.248559   11.187662
     31          1           0       10.119882   10.160348    9.281940
     32          1           0       10.278446   14.204936   11.320510
     33          8           0       11.657545    8.943262    9.993787
     34          8           0        9.323610   12.480514   10.113994
     35          8           0       10.909140   13.471248   11.374606
     36          6           0       10.632483    9.911237   10.215134
     37          8           0       12.350844   11.704159    9.983577
     38          1           0       11.636284   11.044397   11.823161
     39          8           0        9.439008    9.626445   12.325074
     40          8           0        9.023233    8.133724   10.709083
     41          1           0        8.491462    7.741516   11.426953
     42          1           0       13.182779   11.315218   10.284603
     43          1           0       11.315752    8.301470    9.348336
     44          8           0       14.413896    9.075334    9.130646
     45          1           0       14.363128    8.325629    8.516967
     46          1           0       13.571308    9.012322    9.611843
     47          8           0       10.232468    3.865706    8.563893
     48          1           0       10.346390    3.177923    9.233274
     49          1           0       10.878058    3.627399    7.882643
     50          8           0        7.707033    3.023185    7.275579
     51          1           0        7.164837    3.822563    7.266005
     52          1           0        8.530039    3.316295    7.712192
     53          8           0       11.904928    8.861183   13.863921
     54          1           0       11.016155    9.119356   13.569164
     55          1           0       11.755399    8.336648   14.661424
 ---------------------------------------------------------------------
 Rotational constants (GHZ):           0.1574265           0.1157704           0.1023195
 Standard basis: 6-311++G(d,p) (5D, 7F)
   730 basis functions,  1116 primitive gaussians,   753 cartesian basis functions
   104 alpha electrons      104 beta electrons
       nuclear repulsion energy      2502.5520143271 Hartrees.
 NAtoms=   55 NActive=   55 NUniq=   55 SFac= 1.00D+00 NAtFMM=   60 NAOKFM=F Big=F
 Integral buffers will be    131072 words long.
 Raffenetti 2 integral format.
 Two-electron integral symmetry is turned off.
 Force inversion solution in PCM.
 ------------------------------------------------------------------------------
 Polarizable Continuum Model (PCM)
 =================================
 Model                : C-PCM.
 Atomic radii         : UFF (Universal Force Field).
 Polarization charges : Total charges.
 Charge compensation  : None.
 Solution method      : Matrix inversion.
 Cavity type          : Scaled VdW (van der Waals Surface) (Alpha=1.100).
 Cavity algorithm     : GePol (No added spheres)
                        Default sphere list used, NSphG=   55.
                        Lebedev-Laikov grids with approx.  5.0 points / Ang**2.
                        Smoothing algorithm: York/Karplus (Gamma=1.0000).
                        Polarization charges: spherical gaussians, with
                                              point-specific exponents (IZeta= 3).
                        Self-potential: point-specific (ISelfS= 7).
                        Self-field    : sphere-specific E.n sum rule (ISelfD= 2).
 1st derivatives      : Analytical E(r).r(x)/FMM algorithm (CHGder, D1EAlg=3).
                        Cavity 1st derivative terms included.
 2nd derivatives      : Analytical E(r).r(xy)/FMM algorithm (CHGder, D2EAlg=3).
                        Cavity 2nd derivative terms included.
 Solvent              : Water, Eps=  78.355300 Eps(inf)=   1.777849
 ------------------------------------------------------------------------------
 One-electron integrals computed using PRISM.
 NBasis=   730 RedAO= T EigKep=  2.02D-06  NBF=   730
 NBsUse=   730 1.00D-06 EigRej= -1.00D+00 NBFU=   730
 Initial guess from the checkpoint file:  "cluster_212_i.chk"
 B after Tr=     0.000000    0.000000    0.000000
         Rot=    1.000000    0.000000    0.000000    0.000000 Ang=   0.00 deg.
 Requested convergence on RMS density matrix=1.00D-08 within  32 cycles.
 Requested convergence on MAX density matrix=1.00D-06.
 Requested convergence on             energy=1.00D-06.
 No special actions if energy rises.
 Inv3:  Mode=1 IEnd=    70131675.
 Iteration    1 A*A^-1 deviation from unit magnitude is 1.01D-14 for   4819.
 Iteration    1 A*A^-1 deviation from orthogonality  is 4.91D-15 for   4819   1856.
 Iteration    1 A^-1*A deviation from unit magnitude is 1.01D-14 for   4819.
 Iteration    1 A^-1*A deviation from orthogonality  is 2.79D-15 for   4800   4278.
 Error on total polarization charges =  0.02058
 SCF Done:  E(RB3LYP) =  -1601.69944536     A.U. after   13 cycles
            NFock= 13  Conv=0.34D-08     -V/T= 2.0035
 QCSCF skips out because SCF is already converged.
 DoSCS=F DFT=T ScalE2(SS,OS)=  1.000000  1.000000
 Range of M.O.s used for correlation:     1   730
 NBasis=   730 NAE=   104 NBE=   104 NFC=     0 NFV=     0
 NROrb=    730 NOA=   104 NOB=   104 NVA=   626 NVB=   626

 **** Warning!!: The largest alpha MO coefficient is  0.13421580D+03

 NEqPCM:  Using non-equilibrium solvation (IEInf=1, Eps=  78.3553, EpsInf=   1.7778)
 Inv3:  Mode=1 IEnd=    70131675.
 Iteration    1 A*A^-1 deviation from unit magnitude is 1.01D-14 for   4819.
 Iteration    1 A*A^-1 deviation from orthogonality  is 4.91D-15 for   4819   1856.
 Iteration    1 A^-1*A deviation from unit magnitude is 1.01D-14 for   4819.
 Iteration    1 A^-1*A deviation from orthogonality  is 2.79D-15 for   4800   4278.
          Differentiating once with respect to electric field.
                with respect to dipole field.
                with respect to quadrupole field.
          Differentiating once with respect to magnetic field using GIAOs.
          Electric field/nuclear overlap derivatives assumed to be zero.
 FoFJK:  IHMeth= 1 ICntrl=    6127 DoSepK=F KAlg= 0 I1Cent=           0 FoldK=F
 IRaf=         1 NMat=       1 IRICut=       1 DoRegI=T DoRafI=F ISym2E= 0 IDoP0=0 IntGTp=1.
 CalDSu exits because no D1Ps are significant.
          There are    12 degrees of freedom in the 1st order CPHF.  IDoFFX=0 NUNeed=    12.
     11 vectors produced by pass  0 Test12= 1.09D-12 8.33D-09 XBig12= 1.00D+00 2.11D-01.
 AX will form    11 AO Fock derivatives at one time.
     11 vectors produced by pass  1 Test12= 1.09D-12 8.33D-09 XBig12= 2.63D-01 1.41D-01.
     11 vectors produced by pass  2 Test12= 1.09D-12 8.33D-09 XBig12= 8.02D-02 3.99D-02.
     11 vectors produced by pass  3 Test12= 1.09D-12 8.33D-09 XBig12= 1.11D-02 1.49D-02.
     11 vectors produced by pass  4 Test12= 1.09D-12 8.33D-09 XBig12= 2.80D-03 4.96D-03.
     11 vectors produced by pass  5 Test12= 1.09D-12 8.33D-09 XBig12= 5.46D-04 2.89D-03.
     11 vectors produced by pass  6 Test12= 1.09D-12 8.33D-09 XBig12= 5.34D-05 7.12D-04.
     11 vectors produced by pass  7 Test12= 1.09D-12 8.33D-09 XBig12= 3.80D-06 1.68D-04.
     11 vectors produced by pass  8 Test12= 1.09D-12 8.33D-09 XBig12= 1.81D-07 3.70D-05.
     11 vectors produced by pass  9 Test12= 1.09D-12 8.33D-09 XBig12= 4.46D-09 6.19D-06.
     11 vectors produced by pass 10 Test12= 1.09D-12 8.33D-09 XBig12= 1.41D-10 9.46D-07.
      8 vectors produced by pass 11 Test12= 1.09D-12 8.33D-09 XBig12= 4.86D-12 2.03D-07.
      3 vectors produced by pass 12 Test12= 1.09D-12 8.33D-09 XBig12= 1.43D-13 2.88D-08.
 InvSVY:  IOpt=1 It=  1 EMax= 2.56D-13
 Solved reduced A of dimension   132 with    12 vectors.
 Isotropic polarizability for W=    0.085645      207.27 Bohr**3.
 Dipole-magnetic dipole polarizability for W=    0.085645:
                 1             2             3 
      1   0.164537D+02  0.205383D+04 -0.164318D+04
      2  -0.202438D+04  0.291507D+02  0.205484D+04
      3   0.170130D+04 -0.210119D+04 -0.474230D+02
 DQ contribution to OR G for W=    0.085645:
                 1             2             3 
      1   0.349350D+02  0.694249D+04 -0.578719D+04
      2  -0.688082D+04  0.513080D+02  0.688799D+04
      3   0.589384D+04 -0.696518D+04 -0.862430D+02
 Optical Rotation G' tensor for W=    0.085645:
                 1             2             3 
      1  -0.402389D+00  0.347277D+00 -0.119767D+01
      2   0.347277D+00 -0.265768D+01  0.193971D+01
      3  -0.119767D+01  0.193971D+01  0.124143D+01
 OR G Eigenvalues:    -3.6544    -0.5589     2.3946  Iso=     0.6062
 Eigenvectors:
   (1)  -0.244279   0.879582  -0.408244
   (2)   0.908189   0.355080   0.221608
   (3)  -0.339882   0.316629   0.885566
 w=    0.085645 a.u., Optical Rotation Beta=      0.6062 au.
 Molar Mass =    384.2854 grams/mole, [Alpha] ( 5320.0 A) =       74.82 deg.
 End of Minotr F.D. properties on file   721 Mask=       B NFrqRd=     1 NDeriv=     1 ND12= 1 LenFil=      39:
 Frequencies=    0.085645
 Property number 1 -- Alpha(-w,w) frequency  1    0.085645:
                 1             2             3 
      1   0.204818D+03  0.314447D+01  0.892053D+00
      2   0.314447D+01  0.211280D+03  0.674852D+01
      3   0.892053D+00  0.674852D+01  0.205700D+03
 Property number 2 -- FD Optical Rotation Tensor frequency  1    0.085645:
                 1             2             3 
      1   0.164537D+02  0.205383D+04 -0.164318D+04
      2  -0.202438D+04  0.291507D+02  0.205484D+04
      3   0.170130D+04 -0.210119D+04 -0.474230D+02
 Property number 4 -- D-Q polarizability frequency  1    0.085645:
                 1             2             3 
      1   0.547238D+04 -0.238976D+04 -0.281577D+04
      2  -0.269346D+04  0.462475D+04 -0.259789D+04
      3  -0.277892D+04 -0.223499D+04  0.541366D+04
      4   0.350407D+04  0.427172D+04  0.173460D+03
      5   0.406504D+04  0.208396D+03  0.410907D+04
      6   0.122153D+03  0.434460D+04  0.355220D+04
 End of Minotr F.D. properties file   722 does not exist.
 End of Minotr F.D. properties file   788 does not exist.
 Symmetrizing basis deriv contribution to polar:
 IMax=3 JMax=2 DiffMx= 0.00D+00
 G2DrvN: will do    56 centers at a time, making    1 passes.
 PxScal for G2LodP:  IOpCl= 0 ISclPx=1 IMOff=     1 NMtTot=    25 NTT=  266815 ScalPx= 8.87D+03
 Calling FoFCou, ICntrl=  3107 FMM=F I1Cent=   0 AccDes= 0.00D+00.
 PxScal for G2LodP:  IOpCl= 0 ISclPx=0 IMOff=     1 NMtTot=    25 NTT=  266815 ScalPx= 1.00D+00
 NEqPCM:  Using non-equilibrium solvation (IEInf=1, Eps=  78.3553, EpsInf=   1.7778)
 G2PCM: DoFxE=T DoFxN=T DoGrad=T DoDP/DQ/DG/TGxP=TTTF NFrqRd=   1 IEInf=1 SqF1=F DoCFld=F IF1Alg=4.
 End of G2Drv F.D. properties on file   721 Mask=       B NFrqRd=     1 NDeriv=     1 ND12= 1 LenFil=      39:
 Frequencies=    0.085645
 Property number 1 -- Alpha(-w,w) frequency  1    0.085645:
                 1             2             3 
      1   0.204818D+03  0.314447D+01  0.892053D+00
      2   0.314447D+01  0.211280D+03  0.674852D+01
      3   0.892053D+00  0.674852D+01  0.205700D+03
 Property number 2 -- FD Optical Rotation Tensor frequency  1    0.085645:
                 1             2             3 
      1   0.164537D+02  0.205383D+04 -0.164318D+04
      2  -0.202438D+04  0.291507D+02  0.205484D+04
      3   0.170130D+04 -0.210119D+04 -0.474230D+02
 Property number 4 -- D-Q polarizability frequency  1    0.085645:
                 1             2             3 
      1   0.547238D+04 -0.238976D+04 -0.281577D+04
      2  -0.269346D+04  0.462475D+04 -0.259789D+04
      3  -0.277892D+04 -0.223499D+04  0.541366D+04
      4   0.350407D+04  0.427172D+04  0.173460D+03
      5   0.406504D+04  0.208396D+03  0.410907D+04
      6   0.122153D+03  0.434460D+04  0.355220D+04
 End of G2Drv F.D. properties on file   722 Mask=       B NFrqRd=     1 NDeriv=   165 ND12= 1 LenFil=    5943:
 Frequencies=    0.085645
 Property number 1 -- Alpha(-w,w) derivatives, frequency  1    0.085645:
                 1             2             3             4             5 
      1   0.293037D+01  0.167458D+01  0.501904D+01 -0.151543D+01 -0.138731D+01
      2   0.167458D+01 -0.106167D+01  0.398552D+00 -0.138731D+01 -0.235004D+01
      3   0.501904D+01  0.398552D+00  0.522000D+01 -0.215229D+01 -0.126965D+00
                 6             7             8             9            10 
      1  -0.215229D+01  0.285815D+01  0.118185D+01  0.282057D+01 -0.820804D+00
      2  -0.126965D+00  0.118185D+01  0.909117D+00  0.158585D+01 -0.448073D+00
      3   0.165034D-01  0.282057D+01  0.158585D+01  0.109754D+01 -0.134635D+01
                11            12            13            14            15 
      1  -0.448073D+00 -0.134635D+01  0.790277D+00  0.549186D+00  0.117574D+01
      2   0.864219D-01 -0.476078D+00  0.549186D+00  0.929004D+00  0.126795D+01
      3  -0.476078D+00 -0.184108D+01  0.117574D+01  0.126795D+01  0.263606D+01
                16            17            18            19            20 
      1   0.662288D-02 -0.180273D+00 -0.263228D+00 -0.101760D+01 -0.862282D+00
      2  -0.180273D+00  0.171640D+00  0.147525D+00 -0.862282D+00  0.792431D+00
      3  -0.263228D+00  0.147525D+00  0.412190D+00 -0.240233D+01 -0.141006D+00
                21            22            23            24            25 
      1  -0.240233D+01  0.140774D+01  0.816619D+00  0.568769D+00 -0.242261D+01
      2  -0.141006D+00  0.816619D+00  0.824071D+00  0.387496D-01 -0.764521D+00
      3  -0.361001D+01  0.568769D+00  0.387496D-01 -0.221984D+01 -0.264516D+01
                26            27            28            29            30 
      1  -0.764521D+00 -0.264516D+01 -0.725713D-02 -0.306139D+00 -0.144915D+01
      2  -0.214272D-01 -0.138827D+01 -0.306139D+00 -0.493105D+00  0.375497D+00
      3  -0.138827D+01 -0.154965D+00 -0.144915D+01  0.375497D+00  0.238559D+01
                31            32            33            34            35 
      1  -0.731713D+00  0.167658D+01  0.135062D+01 -0.517701D+00  0.524487D+00
      2   0.167658D+01 -0.383976D+01 -0.372178D+01  0.524487D+00 -0.194544D+01
      3   0.135062D+01 -0.372178D+01 -0.281010D+01  0.710858D-01  0.175474D+00
                36            37            38            39            40 
      1   0.710858D-01  0.198620D+00  0.355891D+00 -0.162708D+00  0.138398D+01
      2   0.175474D+00  0.355891D+00 -0.383561D-01  0.365165D+00 -0.545002D+00
      3   0.231369D+01 -0.162708D+00  0.365165D+00  0.742417D+00 -0.175503D+01
                41            42            43            44            45 
      1  -0.545002D+00 -0.175503D+01 -0.655230D+00 -0.264127D+00  0.384778D+00
      2   0.882807D+00  0.103626D+01 -0.264127D+00  0.323422D+00 -0.119792D+00
      3   0.103626D+01  0.259228D+01  0.384778D+00 -0.119792D+00 -0.928030D+00
                46            47            48            49            50 
      1   0.400856D+00  0.967248D-02  0.612616D+00 -0.511154D-01 -0.117507D+01
      2   0.967248D-02  0.678560D+00 -0.157362D+00 -0.117507D+01  0.187477D+01
      3   0.612616D+00 -0.157362D+00 -0.203445D+01  0.365713D-01  0.167038D+01
                51            52            53            54            55 
      1   0.365713D-01  0.120418D+01 -0.186582D+00  0.187231D+00  0.123332D+01
      2   0.167038D+01 -0.186582D+00  0.128430D+01 -0.103264D+00  0.587616D+00
      3   0.413723D+00  0.187231D+00 -0.103264D+00 -0.236516D+01 -0.854940D+00
                56            57            58            59            60 
      1   0.587616D+00 -0.854940D+00  0.988389D+00 -0.180650D+01  0.316248D+00
      2  -0.157734D+01  0.203402D+01 -0.180650D+01  0.226215D+01  0.203158D+00
      3   0.203402D+01 -0.495921D+01  0.316248D+00  0.203158D+00 -0.381895D+01
                61            62            63            64            65 
      1  -0.451758D+01  0.151278D+00  0.152776D+01 -0.287101D+01 -0.216595D+00
      2   0.151278D+00  0.801363D+00 -0.238304D+01 -0.216595D+00  0.119370D+01
      3   0.152776D+01 -0.238304D+01  0.485525D+01 -0.504477D+00 -0.736069D+00
                66            67            68            69            70 
      1  -0.504477D+00 -0.233598D+01  0.143974D+01 -0.114444D+01  0.226322D+01
      2  -0.736069D+00  0.143974D+01 -0.273589D+01 -0.630718D+00  0.957972D+00
      3   0.182516D+01 -0.114444D+01 -0.630718D+00  0.292274D+01 -0.135556D+01
                71            72            73            74            75 
      1   0.957972D+00 -0.135556D+01  0.798389D+00 -0.288804D+00  0.945080D+00
      2  -0.950450D+00  0.264264D+01 -0.288804D+00  0.889573D-01 -0.114214D+01
      3   0.264264D+01 -0.407585D+01  0.945080D+00 -0.114214D+01  0.343545D+01
                76            77            78            79            80 
      1   0.112513D+01  0.188200D-01  0.111075D+01  0.272475D+01 -0.547818D+00
      2   0.188200D-01  0.162828D+00 -0.170922D+00 -0.547818D+00 -0.266286D+00
      3   0.111075D+01 -0.170922D+00  0.169478D+01 -0.508111D-01  0.413511D+00
                81            82            83            84            85 
      1  -0.508111D-01  0.211667D+01  0.164741D+01  0.188652D+00  0.837279D+00
      2   0.413511D+00  0.164741D+01  0.378980D+01 -0.408925D+00  0.233207D+01
      3  -0.708030D+00  0.188652D+00 -0.408925D+00 -0.102355D+01 -0.139575D+00
                86            87            88            89            90 
      1   0.233207D+01 -0.139575D+00  0.951599D+00  0.372095D+00 -0.136469D+01
      2   0.710419D+01 -0.797835D+00  0.372095D+00  0.899286D+00 -0.162271D+01
      3  -0.797835D+00 -0.172451D+00 -0.136469D+01 -0.162271D+01  0.620280D+00
                91            92            93            94            95 
      1  -0.134617D+01 -0.124229D+01  0.564646D+00 -0.204546D+00 -0.102938D+01
      2  -0.124229D+01 -0.210857D+01  0.120652D+01 -0.102938D+01 -0.248252D+01
      3   0.564646D+00  0.120652D+01 -0.195913D+00 -0.118885D+00  0.208121D+00
                96            97            98            99           100 
      1  -0.118885D+00 -0.291960D+00 -0.872610D-01  0.636447D+00 -0.290028D+00
      2   0.208121D+00 -0.872610D-01 -0.120664D+01  0.134264D+01 -0.266242D+00
      3  -0.160958D+00  0.636447D+00  0.134264D+01 -0.411783D+00 -0.704698D+00
               101           102           103           104           105 
      1  -0.266242D+00 -0.704698D+00 -0.403904D+00 -0.134820D+01  0.311394D+00
      2  -0.196811D+01 -0.895523D+00 -0.134820D+01 -0.333429D+01  0.209759D+00
      3  -0.895523D+00  0.103045D+01  0.311394D+00  0.209759D+00 -0.244782D+00
               106           107           108           109           110 
      1  -0.656571D+00 -0.495692D+00  0.851000D+00 -0.314197D+01  0.214431D+01
      2  -0.495692D+00  0.860290D-01  0.323183D+00  0.214431D+01  0.125692D+01
      3   0.851000D+00  0.323183D+00 -0.322368D+00  0.433179D+00 -0.125096D+01
               111           112           113           114           115 
      1   0.433179D+00 -0.107159D+01  0.130020D+01 -0.710110D-02  0.315506D+01
      2  -0.125096D+01  0.130020D+01 -0.165551D+01 -0.851978D+00 -0.764314D+00
      3   0.126868D+01 -0.710110D-02 -0.851978D+00  0.191076D+00 -0.522451D+00
               116           117           118           119           120 
      1  -0.764314D+00 -0.522451D+00  0.199988D+01 -0.165629D+01 -0.524288D+00
      2  -0.159468D+01  0.857766D-01 -0.165629D+01  0.753867D-01  0.863917D+00
      3   0.857766D-01  0.375200D+00 -0.524288D+00  0.863917D+00 -0.141359D+01
               121           122           123           124           125 
      1  -0.562123D+00 -0.884961D+00 -0.373634D+00 -0.231507D+01 -0.114151D+00
      2  -0.884961D+00  0.110214D+01  0.129786D+01 -0.114151D+00  0.247224D+01
      3  -0.373634D+00  0.129786D+01 -0.321415D+00  0.432849D+00 -0.154842D+00
               126           127           128           129           130 
      1   0.432849D+00  0.652379D+00 -0.302120D+00  0.234534D-01  0.153057D+01
      2  -0.154842D+00 -0.302120D+00 -0.865462D+00  0.309124D+00 -0.714556D+00
      3   0.508249D+00  0.234534D-01  0.309124D+00 -0.222055D+00  0.193747D+00
               131           132           133           134           135 
      1  -0.714556D+00  0.193747D+00 -0.116963D+01  0.876559D+00 -0.277250D+00
      2   0.125175D+01 -0.261382D+00  0.876559D+00 -0.127909D+01  0.528165D+00
      3  -0.261382D+00  0.210765D+00 -0.277250D+00  0.528165D+00 -0.388741D+00
               136           137           138           139           140 
      1  -0.276884D+01  0.392202D+00 -0.466360D+01  0.210036D+01  0.145438D+01
      2   0.392202D+00  0.237163D+01 -0.161194D+01  0.145438D+01 -0.751138D+00
      3  -0.466360D+01 -0.161194D+01 -0.499500D+01 -0.884856D-01 -0.993155D+00
               141           142           143           144           145 
      1  -0.884856D-01 -0.657674D+01 -0.181315D+01 -0.547155D+01 -0.206694D+00
      2  -0.993155D+00 -0.181315D+01 -0.255639D+00 -0.630225D+00 -0.321783D+00
      3   0.471544D+00 -0.547155D+01 -0.630225D+00 -0.443090D+01  0.648846D+00
               146           147           148           149           150 
      1  -0.321783D+00  0.648846D+00  0.602378D+00  0.122735D+00 -0.156601D+00
      2  -0.669650D+00  0.100656D+01  0.122735D+00  0.762099D+00 -0.640011D-01
      3   0.100656D+01  0.245026D+01 -0.156601D+00 -0.640011D-01 -0.102511D+01
               151           152           153           154           155 
      1   0.349296D+01  0.512302D+00  0.249757D+01  0.326051D+01  0.285169D+00
      2   0.512302D+00 -0.302243D+00 -0.111544D+00  0.285169D+00 -0.139687D+01
      3   0.249757D+01 -0.111544D+00  0.172099D+01  0.388319D+01  0.814395D+00
               156           157           158           159           160 
      1   0.388319D+01 -0.197967D+01 -0.127227D+01  0.885805D+00  0.270294D+01
      2   0.814395D+00 -0.127227D+01 -0.623209D+00  0.146224D+01  0.187499D+01
      3   0.753829D+00  0.885805D+00  0.146224D+01  0.193259D+00  0.205176D+01
