 Entering Gaussian System, Link 0=g16
 Input=FREE.INP
 Output=FREE.OUT
 Initial command:
 /usr/local/g16-A.03/sse4/g16/l1.exe "/scratch/zronyj/cluster_222_i/Gau-32083.inp" -scrdir="/scratch/zronyj/cluster_222_i/"
 Entering Link 1 = /usr/local/g16-A.03/sse4/g16/l1.exe PID=     32084.
  
 Copyright (c) 1988,1990,1992,1993,1995,1998,2003,2009,2016,
            Gaussian, Inc.  All Rights Reserved.
  
 This is part of the Gaussian(R) 16 program.  It is based on
 the Gaussian(R) 09 system (copyright 2009, Gaussian, Inc.),
 the Gaussian(R) 03 system (copyright 2003, Gaussian, Inc.),
 the Gaussian(R) 98 system (copyright 1998, Gaussian, Inc.),
 the Gaussian(R) 94 system (copyright 1995, Gaussian, Inc.),
 the Gaussian 92(TM) system (copyright 1992, Gaussian, Inc.),
 the Gaussian 90(TM) system (copyright 1990, Gaussian, Inc.),
 the Gaussian 88(TM) system (copyright 1988, Gaussian, Inc.),
 the Gaussian 86(TM) system (copyright 1986, Carnegie Mellon
 University), and the Gaussian 82(TM) system (copyright 1983,
 Carnegie Mellon University). Gaussian is a federally registered
 trademark of Gaussian, Inc.
  
 This software contains proprietary and confidential information,
 including trade secrets, belonging to Gaussian, Inc.
  
 This software is provided under written license and may be
 used, copied, transmitted, or stored only in accord with that
 written license.
  
 The following legend is applicable only to US Government
 contracts under FAR:
  
                    RESTRICTED RIGHTS LEGEND
  
 Use, reproduction and disclosure by the US Government is
 subject to restrictions as set forth in subparagraphs (a)
 and (c) of the Commercial Computer Software - Restricted
 Rights clause in FAR 52.227-19.
  
 Gaussian, Inc.
 340 Quinnipiac St., Bldg. 40, Wallingford CT 06492
  
  
 ---------------------------------------------------------------
 Warning -- This program may not be used in any manner that
 competes with the business of Gaussian, Inc. or will provide
 assistance to any competitor of Gaussian, Inc.  The licensee
 of this program is prohibited from giving any competitor of
 Gaussian, Inc. access to this program.  By using this program,
 the user acknowledges that Gaussian, Inc. is engaged in the
 business of creating and licensing software in the field of
 computational chemistry and represents and warrants to the
 licensee that it is not a competitor of Gaussian, Inc. and that
 it will not use this program in any manner prohibited above.
 ---------------------------------------------------------------
  

 Cite this work as:
 Gaussian 16, Revision A.03,
 M. J. Frisch, G. W. Trucks, H. B. Schlegel, G. E. Scuseria, 
 M. A. Robb, J. R. Cheeseman, G. Scalmani, V. Barone, 
 G. A. Petersson, H. Nakatsuji, X. Li, M. Caricato, A. V. Marenich, 
 J. Bloino, B. G. Janesko, R. Gomperts, B. Mennucci, H. P. Hratchian, 
 J. V. Ortiz, A. F. Izmaylov, J. L. Sonnenberg, D. Williams-Young, 
 F. Ding, F. Lipparini, F. Egidi, J. Goings, B. Peng, A. Petrone, 
 T. Henderson, D. Ranasinghe, V. G. Zakrzewski, J. Gao, N. Rega, 
 G. Zheng, W. Liang, M. Hada, M. Ehara, K. Toyota, R. Fukuda, 
 J. Hasegawa, M. Ishida, T. Nakajima, Y. Honda, O. Kitao, H. Nakai, 
 T. Vreven, K. Throssell, J. A. Montgomery, Jr., J. E. Peralta, 
 F. Ogliaro, M. J. Bearpark, J. J. Heyd, E. N. Brothers, K. N. Kudin, 
 V. N. Staroverov, T. A. Keith, R. Kobayashi, J. Normand, 
 K. Raghavachari, A. P. Rendell, J. C. Burant, S. S. Iyengar, 
 J. Tomasi, M. Cossi, J. M. Millam, M. Klene, C. Adamo, R. Cammi, 
 J. W. Ochterski, R. L. Martin, K. Morokuma, O. Farkas, 
 J. B. Foresman, and D. J. Fox, Gaussian, Inc., Wallingford CT, 2016.
 
 ******************************************
 Gaussian 16:  ES64L-G16RevA.03 25-Dec-2016
                25-Aug-2023 
 ******************************************
 %chk=cluster_222_i.chk
 %mem=8GB
 %nproc=4
 Will use up to    4 processors via shared memory.
 ----------------------------------------------------------------------
 #b3lyp/6-311++G** scrf=(cpcm,Solvent=Water) nosymm freq=roa scf=(xqc,c
 onver=8) iop(2/11=1) geom=checkpoint guess=checkpoint
 ----------------------------------------------------------------------
 1/10=4,29=2,30=1,38=1,83=21/1,3;
 2/11=1,12=2,15=1,40=1/2;
 3/5=4,6=6,7=1111,11=2,14=-4,25=1,30=1,36=2,70=2101,71=2,72=1,74=-5,116=-2,140=1/1,2,3;
 4/5=1/1;
 5/5=2,6=8,8=3,13=1,38=6,53=1,98=1/2,8;
 8/6=4,10=90,11=11/1;
 10/13=10,15=4,31=1,49=111,72=3/2;
 11/6=3,8=1,9=11,15=111,16=1,31=1/1,2,10;
 10/6=1,31=1,49=111/2;
 6/7=2,8=2,9=2,10=2,28=1/1;
 7/8=1,10=1,25=1,30=1/1,2,3,16;
 1/10=4,30=1/3;
 99//99;
 -----------------
 ROA cluster_222_i
 -----------------
 Structure from the checkpoint file:  "cluster_222_i.chk"
 Charge =  0 Multiplicity = 1
 No Z-Matrix found in chk file; cartesian coordinates used.
  O                                                 8.103250700000     14.573025060000      8.536912340000
  H                                                 8.636092170000     13.943712190000      9.047623520000
  H                                                 7.237027510000     14.145095300000      8.517344940000
  O                                                 9.174347900000      8.213093470000      7.957449450000
  H                                                 9.063935460000      7.487748330000      7.330762280000
  H                                                 8.801494370000      7.897411220000      8.794665560000
  O                                                 7.539069440000      9.864710970000     14.299345150000
  H                                                 6.884632290000      9.733841990000     15.001799970000
  H                                                 7.021788920000      9.925895950000     13.483648650000
  O                                                 7.790760000000     10.635158210000      7.349651290000
  H                                                 8.183274880000      9.748287980000      7.472720380000
  H                                                 6.974722240000     10.482272510000      6.859200320000
  O                                                12.756983900000      6.572845970000     11.337407140000
  H                                                12.573103570000      7.282829900000     11.973108610000
  H                                                12.914032760000      5.798332500000     11.891544030000
  O                                                13.368558470000     11.100423850000     13.670132060000
  H                                                14.037784340000     10.494132750000     13.325740010000
  H                                                12.729854130000     10.462479740000     14.039367020000
  O                                                 8.636895090000      7.278033060000     14.100622890000
  H                                                 8.469603120000      8.232875510000     14.007047430000
  H                                                 9.427112420000      7.090834110000     13.581817440000
  O                                                12.846159780000     10.935978730000      6.990112900000
  H                                                12.709093000000     10.303036690000      6.272433650000
  H                                                13.255569040000     10.420346390000      7.707671880000
  O                                                11.894295610000      8.870896200000     13.867841050000
  H                                                11.018451080000      9.164469900000     13.563051170000
  H                                                11.714584610000      8.326403060000     14.645737500000
  C                                                10.351735480000     12.433477680000     10.748314490000
  C                                                11.283006740000     11.220618520000     10.783278710000
  C                                                 9.626812830000      9.263896440000     11.178165060000
  H                                                10.127138480000     10.170616870000      9.267841040000
  H                                                10.294009500000     14.237845440000     11.277684850000
  O                                                11.632690440000      8.932662480000     10.022080750000
  O                                                 9.306508990000     12.487928780000     10.131391750000
  O                                                10.897751170000     13.480760510000     11.379153580000
  C                                                10.622930640000      9.928077810000     10.210966080000
  O                                                12.358508400000     11.675419300000      9.965319530000
  H                                                11.630166020000     11.052534120000     11.807570620000
  O                                                 9.442059290000      9.609551730000     12.328920920000
  O                                                 9.047482670000      8.149678980000     10.685893130000
  H                                                 8.511771030000      7.753209640000     11.402511690000
  H                                                13.186895320000     11.396214990000     10.377770410000
  H                                                11.303753530000      8.327147550000      9.342106650000
  O                                                14.399127560000      9.074616770000      9.125172460000
  H                                                14.630221640000      8.280902210000      8.623688560000
  H                                                13.550611100000      8.860255290000      9.555165970000
  O                                                13.057115090000     14.214476150000      6.673140200000
  H                                                13.500942820000     14.493035760000      7.483973920000
  H                                                12.904519830000     13.265983650000      6.819133390000
  O                                                10.377885840000     12.461894090000      7.349080200000
  H                                                11.091950020000     11.800543170000      7.344972050000
  H                                                 9.552881440000     11.958568320000      7.404750790000
  O                                                 8.842795180000     12.405392890000     14.359905450000
  H                                                 8.445415780000     11.513683760000     14.356573870000
  H                                                 8.151670500000     12.955737610000     13.968416350000
 Recover connectivity data from disk.
 Using perturbation frequencies:    0.085645

 GradGradGradGradGradGradGradGradGradGradGradGradGradGradGradGradGradGrad
 Berny optimization.
 Initialization pass.
 Trust Radius=3.00D-01 FncErr=1.00D-07 GrdErr=1.00D-07 EigMax=2.50D+02 EigMin=1.00D-04
 Number of steps in this run=      2 maximum allowed number of steps=      2.
 GradGradGradGradGradGradGradGradGradGradGradGradGradGradGradGradGradGrad

                          Input orientation:                          
 ---------------------------------------------------------------------
 Center     Atomic      Atomic             Coordinates (Angstroms)
 Number     Number       Type             X           Y           Z
 ---------------------------------------------------------------------
      1          8           0        8.103251   14.573025    8.536912
      2          1           0        8.636092   13.943712    9.047624
      3          1           0        7.237028   14.145095    8.517345
      4          8           0        9.174348    8.213093    7.957449
      5          1           0        9.063935    7.487748    7.330762
      6          1           0        8.801494    7.897411    8.794666
      7          8           0        7.539069    9.864711   14.299345
      8          1           0        6.884632    9.733842   15.001800
      9          1           0        7.021789    9.925896   13.483649
     10          8           0        7.790760   10.635158    7.349651
     11          1           0        8.183275    9.748288    7.472720
     12          1           0        6.974722   10.482273    6.859200
     13          8           0       12.756984    6.572846   11.337407
     14          1           0       12.573104    7.282830   11.973109
     15          1           0       12.914033    5.798333   11.891544
     16          8           0       13.368558   11.100424   13.670132
     17          1           0       14.037784   10.494133   13.325740
     18          1           0       12.729854   10.462480   14.039367
     19          8           0        8.636895    7.278033   14.100623
     20          1           0        8.469603    8.232876   14.007047
     21          1           0        9.427112    7.090834   13.581817
     22          8           0       12.846160   10.935979    6.990113
     23          1           0       12.709093   10.303037    6.272434
     24          1           0       13.255569   10.420346    7.707672
     25          8           0       11.894296    8.870896   13.867841
     26          1           0       11.018451    9.164470   13.563051
     27          1           0       11.714585    8.326403   14.645738
     28          6           0       10.351735   12.433478   10.748314
     29          6           0       11.283007   11.220619   10.783279
     30          6           0        9.626813    9.263896   11.178165
     31          1           0       10.127138   10.170617    9.267841
     32          1           0       10.294010   14.237845   11.277685
     33          8           0       11.632690    8.932662   10.022081
     34          8           0        9.306509   12.487929   10.131392
     35          8           0       10.897751   13.480761   11.379154
     36          6           0       10.622931    9.928078   10.210966
     37          8           0       12.358508   11.675419    9.965320
     38          1           0       11.630166   11.052534   11.807571
     39          8           0        9.442059    9.609552   12.328921
     40          8           0        9.047483    8.149679   10.685893
     41          1           0        8.511771    7.753210   11.402512
     42          1           0       13.186895   11.396215   10.377770
     43          1           0       11.303754    8.327148    9.342107
     44          8           0       14.399128    9.074617    9.125172
     45          1           0       14.630222    8.280902    8.623689
     46          1           0       13.550611    8.860255    9.555166
     47          8           0       13.057115   14.214476    6.673140
     48          1           0       13.500943   14.493036    7.483974
     49          1           0       12.904520   13.265984    6.819133
     50          8           0       10.377886   12.461894    7.349080
     51          1           0       11.091950   11.800543    7.344972
     52          1           0        9.552881   11.958568    7.404751
     53          8           0        8.842795   12.405393   14.359905
     54          1           0        8.445416   11.513684   14.356574
     55          1           0        8.151671   12.955738   13.968416
 ---------------------------------------------------------------------
 Symmetry turned off by external request.
 Stoichiometry    C4H32O19
 Framework group  C1[X(C4H32O19)]
 Deg. of freedom   159
 Full point group                 C1      NOp   1
                          Input orientation:                          
 ---------------------------------------------------------------------
 Center     Atomic      Atomic             Coordinates (Angstroms)
 Number     Number       Type             X           Y           Z
 ---------------------------------------------------------------------
      1          8           0        8.103251   14.573025    8.536912
      2          1           0        8.636092   13.943712    9.047624
      3          1           0        7.237028   14.145095    8.517345
      4          8           0        9.174348    8.213093    7.957449
      5          1           0        9.063935    7.487748    7.330762
      6          1           0        8.801494    7.897411    8.794666
      7          8           0        7.539069    9.864711   14.299345
      8          1           0        6.884632    9.733842   15.001800
      9          1           0        7.021789    9.925896   13.483649
     10          8           0        7.790760   10.635158    7.349651
     11          1           0        8.183275    9.748288    7.472720
     12          1           0        6.974722   10.482273    6.859200
     13          8           0       12.756984    6.572846   11.337407
     14          1           0       12.573104    7.282830   11.973109
     15          1           0       12.914033    5.798333   11.891544
     16          8           0       13.368558   11.100424   13.670132
     17          1           0       14.037784   10.494133   13.325740
     18          1           0       12.729854   10.462480   14.039367
     19          8           0        8.636895    7.278033   14.100623
     20          1           0        8.469603    8.232876   14.007047
     21          1           0        9.427112    7.090834   13.581817
     22          8           0       12.846160   10.935979    6.990113
     23          1           0       12.709093   10.303037    6.272434
     24          1           0       13.255569   10.420346    7.707672
     25          8           0       11.894296    8.870896   13.867841
     26          1           0       11.018451    9.164470   13.563051
     27          1           0       11.714585    8.326403   14.645738
     28          6           0       10.351735   12.433478   10.748314
     29          6           0       11.283007   11.220619   10.783279
     30          6           0        9.626813    9.263896   11.178165
     31          1           0       10.127138   10.170617    9.267841
     32          1           0       10.294010   14.237845   11.277685
     33          8           0       11.632690    8.932662   10.022081
     34          8           0        9.306509   12.487929   10.131392
     35          8           0       10.897751   13.480761   11.379154
     36          6           0       10.622931    9.928078   10.210966
     37          8           0       12.358508   11.675419    9.965320
     38          1           0       11.630166   11.052534   11.807571
     39          8           0        9.442059    9.609552   12.328921
     40          8           0        9.047483    8.149679   10.685893
     41          1           0        8.511771    7.753210   11.402512
     42          1           0       13.186895   11.396215   10.377770
     43          1           0       11.303754    8.327148    9.342107
     44          8           0       14.399128    9.074617    9.125172
     45          1           0       14.630222    8.280902    8.623689
     46          1           0       13.550611    8.860255    9.555166
     47          8           0       13.057115   14.214476    6.673140
     48          1           0       13.500943   14.493036    7.483974
     49          1           0       12.904520   13.265984    6.819133
     50          8           0       10.377886   12.461894    7.349080
     51          1           0       11.091950   11.800543    7.344972
     52          1           0        9.552881   11.958568    7.404751
     53          8           0        8.842795   12.405393   14.359905
     54          1           0        8.445416   11.513684   14.356574
     55          1           0        8.151671   12.955738   13.968416
 ---------------------------------------------------------------------
 Rotational constants (GHZ):           0.1786408           0.1274162           0.1141886
 Standard basis: 6-311++G(d,p) (5D, 7F)
   730 basis functions,  1116 primitive gaussians,   753 cartesian basis functions
   104 alpha electrons      104 beta electrons
       nuclear repulsion energy      2584.0781637806 Hartrees.
 NAtoms=   55 NActive=   55 NUniq=   55 SFac= 1.00D+00 NAtFMM=   60 NAOKFM=F Big=F
 Integral buffers will be    131072 words long.
 Raffenetti 2 integral format.
 Two-electron integral symmetry is turned off.
 Force inversion solution in PCM.
 ------------------------------------------------------------------------------
 Polarizable Continuum Model (PCM)
 =================================
 Model                : C-PCM.
 Atomic radii         : UFF (Universal Force Field).
 Polarization charges : Total charges.
 Charge compensation  : None.
 Solution method      : Matrix inversion.
 Cavity type          : Scaled VdW (van der Waals Surface) (Alpha=1.100).
 Cavity algorithm     : GePol (No added spheres)
                        Default sphere list used, NSphG=   55.
                        Lebedev-Laikov grids with approx.  5.0 points / Ang**2.
                        Smoothing algorithm: York/Karplus (Gamma=1.0000).
                        Polarization charges: spherical gaussians, with
                                              point-specific exponents (IZeta= 3).
                        Self-potential: point-specific (ISelfS= 7).
                        Self-field    : sphere-specific E.n sum rule (ISelfD= 2).
 1st derivatives      : Analytical E(r).r(x)/FMM algorithm (CHGder, D1EAlg=3).
                        Cavity 1st derivative terms included.
 2nd derivatives      : Analytical E(r).r(xy)/FMM algorithm (CHGder, D2EAlg=3).
                        Cavity 2nd derivative terms included.
 Solvent              : Water, Eps=  78.355300 Eps(inf)=   1.777849
 ------------------------------------------------------------------------------
 One-electron integrals computed using PRISM.
 NBasis=   730 RedAO= T EigKep=  1.96D-06  NBF=   730
 NBsUse=   730 1.00D-06 EigRej= -1.00D+00 NBFU=   730
 Initial guess from the checkpoint file:  "cluster_222_i.chk"
 B after Tr=     0.000000    0.000000    0.000000
         Rot=    1.000000    0.000000    0.000000    0.000000 Ang=   0.00 deg.
 Requested convergence on RMS density matrix=1.00D-08 within  32 cycles.
 Requested convergence on MAX density matrix=1.00D-06.
 Requested convergence on             energy=1.00D-06.
 No special actions if energy rises.
 Inv3:  Mode=1 IEnd=    62846787.
 Iteration    1 A*A^-1 deviation from unit magnitude is 2.02D-14 for   4576.
 Iteration    1 A*A^-1 deviation from orthogonality  is 1.10D-14 for   4576   3028.
 Iteration    1 A^-1*A deviation from unit magnitude is 1.91D-14 for   4576.
 Iteration    1 A^-1*A deviation from orthogonality  is 7.29D-15 for   4576   3028.
 Error on total polarization charges =  0.01969
 SCF Done:  E(RB3LYP) =  -1601.70848017     A.U. after   13 cycles
            NFock= 13  Conv=0.34D-08     -V/T= 2.0035
 QCSCF skips out because SCF is already converged.
 DoSCS=F DFT=T ScalE2(SS,OS)=  1.000000  1.000000
 Range of M.O.s used for correlation:     1   730
 NBasis=   730 NAE=   104 NBE=   104 NFC=     0 NFV=     0
 NROrb=    730 NOA=   104 NOB=   104 NVA=   626 NVB=   626

 **** Warning!!: The largest alpha MO coefficient is  0.12176803D+03

 NEqPCM:  Using non-equilibrium solvation (IEInf=1, Eps=  78.3553, EpsInf=   1.7778)
 Inv3:  Mode=1 IEnd=    62846787.
 Iteration    1 A*A^-1 deviation from unit magnitude is 2.02D-14 for   4576.
 Iteration    1 A*A^-1 deviation from orthogonality  is 1.10D-14 for   4576   3028.
 Iteration    1 A^-1*A deviation from unit magnitude is 1.91D-14 for   4576.
 Iteration    1 A^-1*A deviation from orthogonality  is 7.29D-15 for   4576   3028.
          Differentiating once with respect to electric field.
                with respect to dipole field.
                with respect to quadrupole field.
          Differentiating once with respect to magnetic field using GIAOs.
          Electric field/nuclear overlap derivatives assumed to be zero.
 FoFJK:  IHMeth= 1 ICntrl=    6127 DoSepK=F KAlg= 0 I1Cent=           0 FoldK=F
 IRaf=         1 NMat=       1 IRICut=       1 DoRegI=T DoRafI=F ISym2E= 0 IDoP0=0 IntGTp=1.
 CalDSu exits because no D1Ps are significant.
          There are    12 degrees of freedom in the 1st order CPHF.  IDoFFX=0 NUNeed=    12.
     11 vectors produced by pass  0 Test12= 1.09D-12 8.33D-09 XBig12= 1.00D+00 2.05D-01.
 AX will form    11 AO Fock derivatives at one time.
     11 vectors produced by pass  1 Test12= 1.09D-12 8.33D-09 XBig12= 2.87D-01 1.22D-01.
     11 vectors produced by pass  2 Test12= 1.09D-12 8.33D-09 XBig12= 8.58D-02 3.33D-02.
     11 vectors produced by pass  3 Test12= 1.09D-12 8.33D-09 XBig12= 1.36D-02 1.23D-02.
     11 vectors produced by pass  4 Test12= 1.09D-12 8.33D-09 XBig12= 3.88D-03 4.27D-03.
     11 vectors produced by pass  5 Test12= 1.09D-12 8.33D-09 XBig12= 4.99D-04 2.07D-03.
     11 vectors produced by pass  6 Test12= 1.09D-12 8.33D-09 XBig12= 7.22D-05 7.47D-04.
     11 vectors produced by pass  7 Test12= 1.09D-12 8.33D-09 XBig12= 5.30D-06 2.13D-04.
     11 vectors produced by pass  8 Test12= 1.09D-12 8.33D-09 XBig12= 2.55D-07 4.44D-05.
     11 vectors produced by pass  9 Test12= 1.09D-12 8.33D-09 XBig12= 7.83D-09 9.09D-06.
     11 vectors produced by pass 10 Test12= 1.09D-12 8.33D-09 XBig12= 2.57D-10 1.16D-06.
      8 vectors produced by pass 11 Test12= 1.09D-12 8.33D-09 XBig12= 8.51D-12 2.42D-07.
      5 vectors produced by pass 12 Test12= 1.09D-12 8.33D-09 XBig12= 2.55D-13 3.60D-08.
 InvSVY:  IOpt=1 It=  1 EMax= 2.84D-13
 Solved reduced A of dimension   134 with    12 vectors.
 Isotropic polarizability for W=    0.085645      209.21 Bohr**3.
 Dipole-magnetic dipole polarizability for W=    0.085645:
                 1             2             3 
      1  -0.255655D+02  0.210812D+04 -0.204056D+04
      2  -0.204721D+04 -0.346747D+01  0.206580D+04
      3   0.208612D+04 -0.212715D+04  0.264824D+02
 DQ contribution to OR G for W=    0.085645:
                 1             2             3 
      1  -0.463198D+02  0.701952D+04 -0.689103D+04
      2  -0.689779D+04 -0.108778D+02  0.691682D+04
      3   0.696602D+04 -0.702638D+04  0.571975D+02
 Optical Rotation G' tensor for W=    0.085645:
                 1             2             3 
      1  -0.724899D-01 -0.109822D-01 -0.201738D+01
      2  -0.109822D-01 -0.226100D+01  0.164327D+01
      3  -0.201738D+01  0.164327D+01 -0.217102D+00
 OR G Eigenvalues:    -3.5219    -1.2216     2.1929  Iso=     0.8502
 Eigenvectors:
   (1)  -0.334024   0.746712  -0.575195
   (2)   0.690454   0.609256   0.389975
   (3)  -0.641640   0.266884   0.719076
 w=    0.085645 a.u., Optical Rotation Beta=      0.8502 au.
 Molar Mass =    384.2854 grams/mole, [Alpha] ( 5320.0 A) =      104.93 deg.
 End of Minotr F.D. properties on file   721 Mask=       B NFrqRd=     1 NDeriv=     1 ND12= 1 LenFil=      39:
 Frequencies=    0.085645
 Property number 1 -- Alpha(-w,w) frequency  1    0.085645:
                 1             2             3 
      1   0.207692D+03 -0.419321D+00  0.142331D+01
      2  -0.419321D+00  0.211628D+03  0.575205D+00
      3   0.142331D+01  0.575205D+00  0.208324D+03
 Property number 2 -- FD Optical Rotation Tensor frequency  1    0.085645:
                 1             2             3 
      1  -0.255655D+02  0.210812D+04 -0.204056D+04
      2  -0.204721D+04 -0.346747D+01  0.206580D+04
      3   0.208612D+04 -0.212715D+04  0.264824D+02
 Property number 4 -- D-Q polarizability frequency  1    0.085645:
                 1             2             3 
      1   0.557692D+04 -0.285575D+04 -0.276670D+04
      2  -0.282160D+04  0.562458D+04 -0.277997D+04
      3  -0.275532D+04 -0.276883D+04  0.554667D+04
      4   0.411028D+04  0.420477D+04  0.653909D+02
      5   0.413109D+04  0.190711D+02  0.416150D+04
      6   0.762686D+02  0.423955D+04  0.412220D+04
 End of Minotr F.D. properties file   722 does not exist.
 End of Minotr F.D. properties file   788 does not exist.
 Symmetrizing basis deriv contribution to polar:
 IMax=3 JMax=2 DiffMx= 0.00D+00
 G2DrvN: will do    56 centers at a time, making    1 passes.
 PxScal for G2LodP:  IOpCl= 0 ISclPx=1 IMOff=     1 NMtTot=    25 NTT=  266815 ScalPx= 9.11D+03
 Calling FoFCou, ICntrl=  3107 FMM=F I1Cent=   0 AccDes= 0.00D+00.
 PxScal for G2LodP:  IOpCl= 0 ISclPx=0 IMOff=     1 NMtTot=    25 NTT=  266815 ScalPx= 1.00D+00
 NEqPCM:  Using non-equilibrium solvation (IEInf=1, Eps=  78.3553, EpsInf=   1.7778)
 G2PCM: DoFxE=T DoFxN=T DoGrad=T DoDP/DQ/DG/TGxP=TTTF NFrqRd=   1 IEInf=1 SqF1=F DoCFld=F IF1Alg=4.
 End of G2Drv F.D. properties on file   721 Mask=       B NFrqRd=     1 NDeriv=     1 ND12= 1 LenFil=      39:
 Frequencies=    0.085645
 Property number 1 -- Alpha(-w,w) frequency  1    0.085645:
                 1             2             3 
      1   0.207692D+03 -0.419321D+00  0.142331D+01
      2  -0.419321D+00  0.211628D+03  0.575205D+00
      3   0.142331D+01  0.575205D+00  0.208324D+03
 Property number 2 -- FD Optical Rotation Tensor frequency  1    0.085645:
                 1             2             3 
      1  -0.255655D+02  0.210812D+04 -0.204056D+04
      2  -0.204721D+04 -0.346747D+01  0.206580D+04
      3   0.208612D+04 -0.212715D+04  0.264824D+02
 Property number 4 -- D-Q polarizability frequency  1    0.085645:
                 1             2             3 
      1   0.557692D+04 -0.285575D+04 -0.276670D+04
      2  -0.282160D+04  0.562458D+04 -0.277997D+04
      3  -0.275532D+04 -0.276883D+04  0.554667D+04
      4   0.411028D+04  0.420477D+04  0.653909D+02
      5   0.413109D+04  0.190711D+02  0.416150D+04
      6   0.762686D+02  0.423955D+04  0.412220D+04
 End of G2Drv F.D. properties on file   722 Mask=       B NFrqRd=     1 NDeriv=   165 ND12= 1 LenFil=    5943:
 Frequencies=    0.085645
 Property number 1 -- Alpha(-w,w) derivatives, frequency  1    0.085645:
                 1             2             3             4             5 
      1  -0.117905D+01  0.111377D+01 -0.146913D+01 -0.688129D+00  0.535958D+00
      2   0.111377D+01  0.124338D+01  0.608567D+00  0.535958D+00 -0.144472D+01
      3  -0.146913D+01  0.608567D+00 -0.206893D+01  0.174067D+01 -0.244284D+01
                 6             7             8             9            10 
      1   0.174067D+01 -0.243050D+01  0.353622D+01  0.236406D+01 -0.247822D+00
      2  -0.244284D+01  0.353622D+01 -0.429507D+01 -0.337034D+01 -0.171891D+00
      3   0.643554D+00  0.236406D+01 -0.337034D+01  0.426402D+01  0.804382D+00
                11            12            13            14            15 
      1  -0.171891D+00  0.804382D+00 -0.134162D+01  0.102776D+01 -0.161405D+01
      2  -0.617938D+00 -0.578873D+00  0.102776D+01  0.590053D+00  0.131403D+01
      3  -0.578873D+00  0.165425D+00 -0.161405D+01  0.131403D+01 -0.518042D+00
                16            17            18            19            20 
      1   0.204094D+01 -0.228344D+01 -0.149654D+01  0.118377D+01 -0.102317D+01
      2  -0.228344D+01  0.219515D+01  0.211417D+01 -0.102317D+01 -0.943883D+00
      3  -0.149654D+01  0.211417D+01 -0.243608D+01  0.744880D+00  0.160617D+00
                21            22            23            24            25 
      1   0.744880D+00  0.216728D+01 -0.123959D+01 -0.209990D+00  0.130359D+00
      2   0.160617D+00 -0.123959D+01  0.591136D+00  0.965425D+00 -0.108465D+01
      3   0.181775D+01 -0.209990D+00  0.965425D+00 -0.182565D+00 -0.139154D+01
                26            27            28            29            30 
      1  -0.108465D+01 -0.139154D+01  0.225682D+01  0.296175D+01  0.441591D+01
      2   0.179708D+01  0.164283D+01  0.296175D+01 -0.126723D+01  0.153535D+01
      3   0.164283D+01 -0.183155D+01  0.441591D+01  0.153535D+01  0.531528D+01
                31            32            33            34            35 
      1  -0.166030D+01 -0.960891D+00 -0.139145D+01  0.243411D+01  0.221803D+01
      2  -0.960891D+00 -0.178017D+01 -0.173662D+00  0.221803D+01  0.939215D+00
      3  -0.139145D+01 -0.173662D+00 -0.649267D+00  0.302586D+01  0.170565D+01
                36            37            38            39            40 
      1   0.302586D+01 -0.661007D+00 -0.908849D+00 -0.122300D+01  0.949631D+00
      2   0.170565D+01 -0.908849D+00  0.174245D+00 -0.525734D+00  0.651592D+00
      3   0.580265D+00 -0.122300D+01 -0.525734D+00 -0.128421D+01  0.109759D+01
                41            42            43            44            45 
      1   0.651592D+00  0.109759D+01  0.196231D+00 -0.389004D+00 -0.183240D+00
      2   0.177186D+01  0.180310D+01 -0.389004D+00  0.442618D+00  0.171410D+00
      3   0.180310D+01  0.236433D+01 -0.183240D+00  0.171410D+00  0.427507D+00
                46            47            48            49            50 
      1  -0.938778D+00 -0.149865D+01 -0.217482D+01  0.121669D+01  0.902013D+00
      2  -0.149865D+01  0.157717D+01 -0.855493D+00  0.902013D+00  0.724228D+00
      3  -0.217482D+01 -0.855493D+00 -0.357784D+01  0.323507D+00 -0.762644D+00
                51            52            53            54            55 
      1   0.323507D+00 -0.234438D+01 -0.139485D+01 -0.294585D+01 -0.638775D+00
      2  -0.762644D+00 -0.139485D+01 -0.206993D+00 -0.157285D+01 -0.314159D+00
      3  -0.195147D+01 -0.294585D+01 -0.157285D+01  0.266425D+00 -0.112993D+01
                56            57            58            59            60 
      1  -0.314159D+00 -0.112993D+01 -0.961009D+00  0.168641D+01  0.115046D+01
      2  -0.734829D+00 -0.572579D+00  0.168641D+01  0.269275D+00 -0.270699D+01
      3  -0.572579D+00  0.146786D+01  0.115046D+01 -0.270699D+01 -0.185475D+01
                61            62            63            64            65 
      1   0.162073D+00  0.646796D+00 -0.105562D-01  0.688961D+00  0.421220D-01
      2   0.646796D+00 -0.413136D+00 -0.525352D-01  0.421220D-01  0.289289D+00
      3  -0.105562D-01 -0.525352D-01  0.178350D+01 -0.653786D+00  0.283408D+00
                66            67            68            69            70 
      1  -0.653786D+00  0.441912D+00 -0.325310D+00 -0.105476D+01 -0.102968D+01
      2   0.283408D+00 -0.325310D+00 -0.256626D-01  0.409513D+00 -0.540741D+00
      3   0.136303D+01 -0.105476D+01  0.409513D+00  0.189119D+01  0.563583D+00
                71            72            73            74            75 
      1  -0.540741D+00  0.563583D+00  0.627447D+00  0.229729D-01  0.630294D+00
      2  -0.344180D+00  0.227043D-01  0.229729D-01  0.278467D+00  0.192153D+00
      3   0.227043D-01 -0.106123D+01  0.630294D+00  0.192153D+00 -0.189645D+01
                76            77            78            79            80 
      1  -0.571821D-01 -0.110638D+01 -0.332510D+00  0.119934D+01 -0.261425D+00
      2  -0.110638D+01 -0.421030D-01  0.995355D+00 -0.261425D+00  0.656826D+00
      3  -0.332510D+00  0.995355D+00  0.754847D+00 -0.448561D-01  0.433592D+00
                81            82            83            84            85 
      1  -0.448561D-01  0.121762D+01  0.451896D+00 -0.118458D+01  0.163044D+01
      2   0.433592D+00  0.451896D+00 -0.192507D+01  0.115149D+01 -0.145635D+01
      3  -0.159140D+01 -0.118458D+01  0.115149D+01 -0.407967D+01  0.662907D+00
                86            87            88            89            90 
      1  -0.145635D+01  0.662907D+00 -0.461709D+01 -0.735898D+00  0.255834D+01
      2   0.168971D+01 -0.208364D+00 -0.735898D+00 -0.829876D+00 -0.752452D+00
      3  -0.208364D+00 -0.326144D+01  0.255834D+01 -0.752452D+00  0.680868D+01
                91            92            93            94            95 
      1  -0.236015D+01 -0.484772D+00 -0.313744D-01 -0.186416D+01  0.101722D+01
      2  -0.484772D+00  0.902139D+00  0.939857D-01  0.101722D+01 -0.276089D+01
      3  -0.313744D-01  0.939857D-01  0.171657D+01 -0.817242D+00  0.195700D+00
                96            97            98            99           100 
      1  -0.817242D+00  0.266552D+01  0.117681D+01 -0.222535D+01  0.154356D+01
      2   0.195700D+00  0.117681D+01  0.630015D+00  0.125315D+01 -0.206729D+00
      3   0.321127D+01 -0.222535D+01  0.125315D+01 -0.541321D+01  0.131104D+01
               101           102           103           104           105 
      1  -0.206729D+00  0.131104D+01  0.509422D+00 -0.944739D-01  0.658864D+00
      2   0.384457D+00 -0.649746D+00 -0.944739D-01  0.990399D-01 -0.174880D+00
      3  -0.649746D+00  0.280264D+01  0.658864D+00 -0.174880D+00  0.121250D+01
               106           107           108           109           110 
      1   0.257492D+01  0.385604D+00 -0.238746D-01 -0.512643D+01  0.440536D+01
      2   0.385604D+00  0.110805D+00  0.291673D+00  0.440536D+01  0.922028D+00
      3  -0.238746D-01  0.291673D+00 -0.783050D+00  0.136602D+00  0.422420D+00
               111           112           113           114           115 
      1   0.136602D+00 -0.125987D+01  0.193914D+01 -0.257221D+00  0.191245D+01
      2   0.422420D+00  0.193914D+01 -0.225038D+01 -0.781561D+00  0.770917D+00
      3   0.209598D+00 -0.257221D+00 -0.781561D+00 -0.819790D-01  0.937059D+00
               116           117           118           119           120 
      1   0.770917D+00  0.937059D+00  0.356478D+01 -0.272410D+01 -0.179384D+00
      2  -0.134293D+01 -0.965986D+00 -0.272410D+01 -0.762787D+00  0.250754D+00
      3  -0.965986D+00 -0.160571D+00 -0.179384D+00  0.250754D+00 -0.461609D+00
               121           122           123           124           125 
      1  -0.308453D+00 -0.129340D+01 -0.367767D+00 -0.135182D+01 -0.103250D+01
      2  -0.129340D+01  0.125164D+01  0.115872D+01 -0.103250D+01  0.328524D+01
      3  -0.367767D+00  0.115872D+01  0.892635D+00 -0.267332D+00  0.764435D+00
               126           127           128           129           130 
      1  -0.267332D+00  0.171574D+01 -0.173601D+01  0.102715D+00  0.159572D+01
      2   0.764435D+00 -0.173601D+01  0.261814D+00 -0.748808D+00 -0.793962D+00
      3   0.565748D+00  0.102715D+00 -0.748808D+00  0.131782D+00  0.572578D+00
               131           132           133           134           135 
      1  -0.793962D+00  0.572578D+00 -0.683081D+00  0.474459D+00 -0.545203D+00
      2   0.164510D+01 -0.262805D+00  0.474459D+00 -0.259838D+01  0.679984D+00
      3  -0.262805D+00 -0.346165D+00 -0.545203D+00  0.679984D+00 -0.316423D+00
               136           137           138           139           140 
      1   0.635654D+00  0.877888D+00 -0.294874D+01  0.998420D+00 -0.321776D+00
      2   0.877888D+00  0.903121D-01 -0.218892D+01 -0.321776D+00 -0.167328D+01
      3  -0.294874D+01 -0.218892D+01 -0.478358D+01 -0.854677D+00 -0.828234D+00
               141           142           143           144           145 
      1  -0.854677D+00 -0.623530D+01 -0.119838D+01 -0.603340D+01 -0.525386D+00
      2  -0.828234D+00 -0.119838D+01  0.712681D-01 -0.415719D+00 -0.124482D+00
      3  -0.307194D+00 -0.603340D+01 -0.415719D+00 -0.596706D+01  0.400518D+00
               146           147           148           149           150 
      1  -0.124482D+00  0.400518D+00  0.183237D+01 -0.461072D-01  0.567376D+00
      2   0.406707D+00  0.966301D+00 -0.461072D-01  0.281174D+00 -0.675204D+00
      3   0.966301D+00  0.141578D+01  0.567376D+00 -0.675204D+00 -0.500563D+00
               151           152           153           154           155 
      1   0.263289D+01  0.356141D-01  0.255791D+01 -0.160906D+00 -0.109196D+01
      2   0.356141D-01 -0.330769D+00  0.133099D+00 -0.109196D+01 -0.203952D+00
      3   0.255791D+01  0.133099D+00  0.273779D+01  0.234915D+01  0.136792D+01
               156           157           158           159           160 
      1   0.234915D+01 -0.233350D+01  0.403513D+00  0.141825D+01  0.325600D+01
      2   0.136792D+01  0.403513D+00  0.122292D+01  0.184282D+01  0.166140D+01
      3   0.161781D+01  0.141825D+01  0.184282D+01  0.500551D+00  0.208722D+01
