 Entering Gaussian System, Link 0=g16
 Input=FREE.INP
 Output=FREE.OUT
 Initial command:
 /usr/local/g16-A.03/sse4/g16/l1.exe "/scratch/zronyj/cluster_312_i/Gau-32464.inp" -scrdir="/scratch/zronyj/cluster_312_i/"
 Entering Link 1 = /usr/local/g16-A.03/sse4/g16/l1.exe PID=     32465.
  
 Copyright (c) 1988,1990,1992,1993,1995,1998,2003,2009,2016,
            Gaussian, Inc.  All Rights Reserved.
  
 This is part of the Gaussian(R) 16 program.  It is based on
 the Gaussian(R) 09 system (copyright 2009, Gaussian, Inc.),
 the Gaussian(R) 03 system (copyright 2003, Gaussian, Inc.),
 the Gaussian(R) 98 system (copyright 1998, Gaussian, Inc.),
 the Gaussian(R) 94 system (copyright 1995, Gaussian, Inc.),
 the Gaussian 92(TM) system (copyright 1992, Gaussian, Inc.),
 the Gaussian 90(TM) system (copyright 1990, Gaussian, Inc.),
 the Gaussian 88(TM) system (copyright 1988, Gaussian, Inc.),
 the Gaussian 86(TM) system (copyright 1986, Carnegie Mellon
 University), and the Gaussian 82(TM) system (copyright 1983,
 Carnegie Mellon University). Gaussian is a federally registered
 trademark of Gaussian, Inc.
  
 This software contains proprietary and confidential information,
 including trade secrets, belonging to Gaussian, Inc.
  
 This software is provided under written license and may be
 used, copied, transmitted, or stored only in accord with that
 written license.
  
 The following legend is applicable only to US Government
 contracts under FAR:
  
                    RESTRICTED RIGHTS LEGEND
  
 Use, reproduction and disclosure by the US Government is
 subject to restrictions as set forth in subparagraphs (a)
 and (c) of the Commercial Computer Software - Restricted
 Rights clause in FAR 52.227-19.
  
 Gaussian, Inc.
 340 Quinnipiac St., Bldg. 40, Wallingford CT 06492
  
  
 ---------------------------------------------------------------
 Warning -- This program may not be used in any manner that
 competes with the business of Gaussian, Inc. or will provide
 assistance to any competitor of Gaussian, Inc.  The licensee
 of this program is prohibited from giving any competitor of
 Gaussian, Inc. access to this program.  By using this program,
 the user acknowledges that Gaussian, Inc. is engaged in the
 business of creating and licensing software in the field of
 computational chemistry and represents and warrants to the
 licensee that it is not a competitor of Gaussian, Inc. and that
 it will not use this program in any manner prohibited above.
 ---------------------------------------------------------------
  

 Cite this work as:
 Gaussian 16, Revision A.03,
 M. J. Frisch, G. W. Trucks, H. B. Schlegel, G. E. Scuseria, 
 M. A. Robb, J. R. Cheeseman, G. Scalmani, V. Barone, 
 G. A. Petersson, H. Nakatsuji, X. Li, M. Caricato, A. V. Marenich, 
 J. Bloino, B. G. Janesko, R. Gomperts, B. Mennucci, H. P. Hratchian, 
 J. V. Ortiz, A. F. Izmaylov, J. L. Sonnenberg, D. Williams-Young, 
 F. Ding, F. Lipparini, F. Egidi, J. Goings, B. Peng, A. Petrone, 
 T. Henderson, D. Ranasinghe, V. G. Zakrzewski, J. Gao, N. Rega, 
 G. Zheng, W. Liang, M. Hada, M. Ehara, K. Toyota, R. Fukuda, 
 J. Hasegawa, M. Ishida, T. Nakajima, Y. Honda, O. Kitao, H. Nakai, 
 T. Vreven, K. Throssell, J. A. Montgomery, Jr., J. E. Peralta, 
 F. Ogliaro, M. J. Bearpark, J. J. Heyd, E. N. Brothers, K. N. Kudin, 
 V. N. Staroverov, T. A. Keith, R. Kobayashi, J. Normand, 
 K. Raghavachari, A. P. Rendell, J. C. Burant, S. S. Iyengar, 
 J. Tomasi, M. Cossi, J. M. Millam, M. Klene, C. Adamo, R. Cammi, 
 J. W. Ochterski, R. L. Martin, K. Morokuma, O. Farkas, 
 J. B. Foresman, and D. J. Fox, Gaussian, Inc., Wallingford CT, 2016.
 
 ******************************************
 Gaussian 16:  ES64L-G16RevA.03 25-Dec-2016
                26-Aug-2023 
 ******************************************
 %chk=cluster_312_i.chk
 %mem=8GB
 %nproc=8
 Will use up to    8 processors via shared memory.
 ----------------------------------------------------------------------
 #b3lyp/6-311++G** scrf=(cpcm,Solvent=Water) nosymm freq=roa scf=(xqc,c
 onver=8) iop(2/11=1) geom=checkpoint guess=checkpoint
 ----------------------------------------------------------------------
 1/10=4,29=2,30=1,38=1,83=21/1,3;
 2/11=1,12=2,15=1,40=1/2;
 3/5=4,6=6,7=1111,11=2,14=-4,25=1,30=1,36=2,70=2101,71=2,72=1,74=-5,116=-2,140=1/1,2,3;
 4/5=1/1;
 5/5=2,6=8,8=3,13=1,38=6,53=1,98=1/2,8;
 8/6=4,10=90,11=11/1;
 10/13=10,15=4,31=1,49=111,72=3/2;
 11/6=3,8=1,9=11,15=111,16=1,31=1/1,2,10;
 10/6=1,31=1,49=111/2;
 6/7=2,8=2,9=2,10=2,28=1/1;
 7/8=1,10=1,25=1,30=1/1,2,3,16;
 1/10=4,30=1/3;
 99//99;
 -----------------
 ROA cluster_312_i
 -----------------
 Structure from the checkpoint file:  "cluster_312_i.chk"
 Charge =  0 Multiplicity = 1
 No Z-Matrix found in chk file; cartesian coordinates used.
  O                                                14.976927670000      4.530501060000     13.761773230000
  H                                                15.472097470000      4.359845890000     14.574774630000
  H                                                14.051025000000      4.433069640000     14.032665030000
  O                                                16.570316390000      9.923811280000     13.219328170000
  H                                                16.607213660000      9.988993260000     14.182259480000
  H                                                15.780385910000     10.425379380000     12.959236310000
  O                                                15.857931190000      5.806278790000     10.223349570000
  H                                                16.525670310000      6.504048630000     10.394346660000
  H                                                15.164898660000      6.250698310000      9.708507060000
  O                                                14.849188650000     11.162633160000     11.224276500000
  H                                                14.976258010000     10.456452300000     10.552443060000
  H                                                15.503687610000     11.848588640000     11.025913680000
  O                                                12.709893810000      6.549363150000     11.385351440000
  H                                                12.975479610000      7.372634150000     11.822588200000
  H                                                13.466612670000      5.971121060000     11.567622990000
  O                                                15.393576950000      7.229453840000     12.826096630000
  H                                                15.537934710000      7.920921860000     13.486899130000
  H                                                15.361071410000      6.370254920000     13.287965710000
  O                                                13.350192400000     11.107619100000     13.697747540000
  H                                                13.730585720000     10.801366060000     12.862608050000
  H                                                12.777168100000     10.363155910000     13.969414210000
  O                                                13.069691330000      6.140773690000      8.352468090000
  H                                                12.898997630000      6.316188770000      9.297050360000
  H                                                13.215850240000      5.184061670000      8.326555290000
  O                                                12.925199190000     10.894216490000      6.957439940000
  H                                                12.210600440000     10.323771420000      6.643493130000
  H                                                12.593003290000     11.227738570000      7.808914820000
  C                                                10.365668510000     12.440309710000     10.756616220000
  C                                                11.302157010000     11.224948690000     10.785138370000
  C                                                 9.622095530000      9.232291420000     11.181139770000
  H                                                10.102155190000     10.174229820000      9.273860990000
  H                                                10.248635260000     14.247772430000     11.251251510000
  O                                                11.663320610000      8.963942440000      9.960151470000
  O                                                 9.323723340000     12.467737230000     10.138758840000
  O                                                10.882518680000     13.521650220000     11.374550090000
  C                                                10.623840990000      9.915014660000     10.202892740000
  O                                                12.382845630000     11.669382770000      9.963446610000
  H                                                11.648439230000     11.044879920000     11.807181290000
  O                                                 9.443207950000      9.613013250000     12.322899170000
  O                                                 9.017462090000      8.116255570000     10.716497950000
  H                                                 8.512893640000      7.750678320000     11.461134900000
  H                                                13.225226050000     11.590652700000     10.459978050000
  H                                                11.270759320000      8.104911230000      9.754227190000
  O                                                14.403881430000      8.997043040000      9.163705990000
  H                                                14.409562840000      9.318807390000      8.245492090000
  H                                                13.460204420000      9.037710560000      9.400861480000
  O                                                10.228968940000      3.857835930000      8.542555170000
  H                                                10.390981700000      3.558038700000      9.447475160000
  H                                                10.875306970000      3.359559340000      8.027011590000
  O                                                17.694017190000      7.831965110000     11.166655260000
  H                                                16.989486930000      7.856218840000     11.847966200000
  H                                                18.357936840000      7.247798020000     11.556006940000
  O                                                15.853028820000      3.398182250000      8.896069070000
  H                                                15.977232730000      3.672052830000      7.978973540000
  H                                                15.985569880000      4.231948660000      9.397870070000
  O                                                11.901113800000      8.871839050000     13.859868040000
  H                                                11.007785930000      9.070325280000     13.533962830000
  H                                                11.766217930000      8.351483790000     14.663870810000
 Recover connectivity data from disk.
 Using perturbation frequencies:    0.085645

 GradGradGradGradGradGradGradGradGradGradGradGradGradGradGradGradGradGrad
 Berny optimization.
 Initialization pass.
 Trust Radius=3.00D-01 FncErr=1.00D-07 GrdErr=1.00D-07 EigMax=2.50D+02 EigMin=1.00D-04
 Number of steps in this run=      2 maximum allowed number of steps=      2.
 GradGradGradGradGradGradGradGradGradGradGradGradGradGradGradGradGradGrad

                          Input orientation:                          
 ---------------------------------------------------------------------
 Center     Atomic      Atomic             Coordinates (Angstroms)
 Number     Number       Type             X           Y           Z
 ---------------------------------------------------------------------
      1          8           0       14.976928    4.530501   13.761773
      2          1           0       15.472097    4.359846   14.574775
      3          1           0       14.051025    4.433070   14.032665
      4          8           0       16.570316    9.923811   13.219328
      5          1           0       16.607214    9.988993   14.182259
      6          1           0       15.780386   10.425379   12.959236
      7          8           0       15.857931    5.806279   10.223350
      8          1           0       16.525670    6.504049   10.394347
      9          1           0       15.164899    6.250698    9.708507
     10          8           0       14.849189   11.162633   11.224277
     11          1           0       14.976258   10.456452   10.552443
     12          1           0       15.503688   11.848589   11.025914
     13          8           0       12.709894    6.549363   11.385351
     14          1           0       12.975480    7.372634   11.822588
     15          1           0       13.466613    5.971121   11.567623
     16          8           0       15.393577    7.229454   12.826097
     17          1           0       15.537935    7.920922   13.486899
     18          1           0       15.361071    6.370255   13.287966
     19          8           0       13.350192   11.107619   13.697748
     20          1           0       13.730586   10.801366   12.862608
     21          1           0       12.777168   10.363156   13.969414
     22          8           0       13.069691    6.140774    8.352468
     23          1           0       12.898998    6.316189    9.297050
     24          1           0       13.215850    5.184062    8.326555
     25          8           0       12.925199   10.894216    6.957440
     26          1           0       12.210600   10.323771    6.643493
     27          1           0       12.593003   11.227739    7.808915
     28          6           0       10.365669   12.440310   10.756616
     29          6           0       11.302157   11.224949   10.785138
     30          6           0        9.622096    9.232291   11.181140
     31          1           0       10.102155   10.174230    9.273861
     32          1           0       10.248635   14.247772   11.251252
     33          8           0       11.663321    8.963942    9.960151
     34          8           0        9.323723   12.467737   10.138759
     35          8           0       10.882519   13.521650   11.374550
     36          6           0       10.623841    9.915015   10.202893
     37          8           0       12.382846   11.669383    9.963447
     38          1           0       11.648439   11.044880   11.807181
     39          8           0        9.443208    9.613013   12.322899
     40          8           0        9.017462    8.116256   10.716498
     41          1           0        8.512894    7.750678   11.461135
     42          1           0       13.225226   11.590653   10.459978
     43          1           0       11.270759    8.104911    9.754227
     44          8           0       14.403881    8.997043    9.163706
     45          1           0       14.409563    9.318807    8.245492
     46          1           0       13.460204    9.037711    9.400861
     47          8           0       10.228969    3.857836    8.542555
     48          1           0       10.390982    3.558039    9.447475
     49          1           0       10.875307    3.359559    8.027012
     50          8           0       17.694017    7.831965   11.166655
     51          1           0       16.989487    7.856219   11.847966
     52          1           0       18.357937    7.247798   11.556007
     53          8           0       15.853029    3.398182    8.896069
     54          1           0       15.977233    3.672053    7.978974
     55          1           0       15.985570    4.231949    9.397870
     56          8           0       11.901114    8.871839   13.859868
     57          1           0       11.007786    9.070325   13.533963
     58          1           0       11.766218    8.351484   14.663871
 ---------------------------------------------------------------------
 Symmetry turned off by external request.
 Stoichiometry    C4H34O20
 Framework group  C1[X(C4H34O20)]
 Deg. of freedom   168
 Full point group                 C1      NOp   1
                          Input orientation:                          
 ---------------------------------------------------------------------
 Center     Atomic      Atomic             Coordinates (Angstroms)
 Number     Number       Type             X           Y           Z
 ---------------------------------------------------------------------
      1          8           0       14.976928    4.530501   13.761773
      2          1           0       15.472097    4.359846   14.574775
      3          1           0       14.051025    4.433070   14.032665
      4          8           0       16.570316    9.923811   13.219328
      5          1           0       16.607214    9.988993   14.182259
      6          1           0       15.780386   10.425379   12.959236
      7          8           0       15.857931    5.806279   10.223350
      8          1           0       16.525670    6.504049   10.394347
      9          1           0       15.164899    6.250698    9.708507
     10          8           0       14.849189   11.162633   11.224277
     11          1           0       14.976258   10.456452   10.552443
     12          1           0       15.503688   11.848589   11.025914
     13          8           0       12.709894    6.549363   11.385351
     14          1           0       12.975480    7.372634   11.822588
     15          1           0       13.466613    5.971121   11.567623
     16          8           0       15.393577    7.229454   12.826097
     17          1           0       15.537935    7.920922   13.486899
     18          1           0       15.361071    6.370255   13.287966
     19          8           0       13.350192   11.107619   13.697748
     20          1           0       13.730586   10.801366   12.862608
     21          1           0       12.777168   10.363156   13.969414
     22          8           0       13.069691    6.140774    8.352468
     23          1           0       12.898998    6.316189    9.297050
     24          1           0       13.215850    5.184062    8.326555
     25          8           0       12.925199   10.894216    6.957440
     26          1           0       12.210600   10.323771    6.643493
     27          1           0       12.593003   11.227739    7.808915
     28          6           0       10.365669   12.440310   10.756616
     29          6           0       11.302157   11.224949   10.785138
     30          6           0        9.622096    9.232291   11.181140
     31          1           0       10.102155   10.174230    9.273861
     32          1           0       10.248635   14.247772   11.251252
     33          8           0       11.663321    8.963942    9.960151
     34          8           0        9.323723   12.467737   10.138759
     35          8           0       10.882519   13.521650   11.374550
     36          6           0       10.623841    9.915015   10.202893
     37          8           0       12.382846   11.669383    9.963447
     38          1           0       11.648439   11.044880   11.807181
     39          8           0        9.443208    9.613013   12.322899
     40          8           0        9.017462    8.116256   10.716498
     41          1           0        8.512894    7.750678   11.461135
     42          1           0       13.225226   11.590653   10.459978
     43          1           0       11.270759    8.104911    9.754227
     44          8           0       14.403881    8.997043    9.163706
     45          1           0       14.409563    9.318807    8.245492
     46          1           0       13.460204    9.037711    9.400861
     47          8           0       10.228969    3.857836    8.542555
     48          1           0       10.390982    3.558039    9.447475
     49          1           0       10.875307    3.359559    8.027012
     50          8           0       17.694017    7.831965   11.166655
     51          1           0       16.989487    7.856219   11.847966
     52          1           0       18.357937    7.247798   11.556007
     53          8           0       15.853029    3.398182    8.896069
     54          1           0       15.977233    3.672053    7.978974
     55          1           0       15.985570    4.231949    9.397870
     56          8           0       11.901114    8.871839   13.859868
     57          1           0       11.007786    9.070325   13.533963
     58          1           0       11.766218    8.351484   14.663871
 ---------------------------------------------------------------------
 Rotational constants (GHZ):           0.1616316           0.1027782           0.0881124
 Standard basis: 6-311++G(d,p) (5D, 7F)
   766 basis functions,  1170 primitive gaussians,   790 cartesian basis functions
   109 alpha electrons      109 beta electrons
       nuclear repulsion energy      2702.6153003429 Hartrees.
 NAtoms=   58 NActive=   58 NUniq=   58 SFac= 1.00D+00 NAtFMM=   60 NAOKFM=F Big=F
 Integral buffers will be    131072 words long.
 Raffenetti 2 integral format.
 Two-electron integral symmetry is turned off.
 Force inversion solution in PCM.
 ------------------------------------------------------------------------------
 Polarizable Continuum Model (PCM)
 =================================
 Model                : C-PCM.
 Atomic radii         : UFF (Universal Force Field).
 Polarization charges : Total charges.
 Charge compensation  : None.
 Solution method      : Matrix inversion.
 Cavity type          : Scaled VdW (van der Waals Surface) (Alpha=1.100).
 Cavity algorithm     : GePol (No added spheres)
                        Default sphere list used, NSphG=   58.
                        Lebedev-Laikov grids with approx.  5.0 points / Ang**2.
                        Smoothing algorithm: York/Karplus (Gamma=1.0000).
                        Polarization charges: spherical gaussians, with
                                              point-specific exponents (IZeta= 3).
                        Self-potential: point-specific (ISelfS= 7).
                        Self-field    : sphere-specific E.n sum rule (ISelfD= 2).
 1st derivatives      : Analytical E(r).r(x)/FMM algorithm (CHGder, D1EAlg=3).
                        Cavity 1st derivative terms included.
 2nd derivatives      : Analytical E(r).r(xy)/FMM algorithm (CHGder, D2EAlg=3).
                        Cavity 2nd derivative terms included.
 Solvent              : Water, Eps=  78.355300 Eps(inf)=   1.777849
 ------------------------------------------------------------------------------
 One-electron integrals computed using PRISM.
 NBasis=   766 RedAO= T EigKep=  5.91D-06  NBF=   766
 NBsUse=   766 1.00D-06 EigRej= -1.00D+00 NBFU=   766
 Initial guess from the checkpoint file:  "cluster_312_i.chk"
 B after Tr=     0.000000    0.000000    0.000000
         Rot=    1.000000    0.000000    0.000000    0.000000 Ang=   0.00 deg.
 Requested convergence on RMS density matrix=1.00D-08 within  32 cycles.
 Requested convergence on MAX density matrix=1.00D-06.
 Requested convergence on             energy=1.00D-06.
 No special actions if energy rises.
 Inv3:  Mode=1 IEnd=    72088812.
 Iteration    1 A*A^-1 deviation from unit magnitude is 8.99D-15 for   1221.
 Iteration    1 A*A^-1 deviation from orthogonality  is 5.61D-15 for   4284   1827.
 Iteration    1 A^-1*A deviation from unit magnitude is 8.99D-15 for   1221.
 Iteration    1 A^-1*A deviation from orthogonality  is 2.41D-15 for   3193   1217.
 Error on total polarization charges =  0.01911
 SCF Done:  E(RB3LYP) =  -1678.19115934     A.U. after   13 cycles
            NFock= 13  Conv=0.17D-08     -V/T= 2.0036
 QCSCF skips out because SCF is already converged.
 DoSCS=F DFT=T ScalE2(SS,OS)=  1.000000  1.000000
 Range of M.O.s used for correlation:     1   766
 NBasis=   766 NAE=   109 NBE=   109 NFC=     0 NFV=     0
 NROrb=    766 NOA=   109 NOB=   109 NVA=   657 NVB=   657

 **** Warning!!: The largest alpha MO coefficient is  0.65001117D+02

 NEqPCM:  Using non-equilibrium solvation (IEInf=1, Eps=  78.3553, EpsInf=   1.7778)
 Inv3:  Mode=1 IEnd=    72088812.
 Iteration    1 A*A^-1 deviation from unit magnitude is 8.99D-15 for   1221.
 Iteration    1 A*A^-1 deviation from orthogonality  is 5.61D-15 for   4284   1827.
 Iteration    1 A^-1*A deviation from unit magnitude is 8.99D-15 for   1221.
 Iteration    1 A^-1*A deviation from orthogonality  is 2.41D-15 for   3193   1217.
          Differentiating once with respect to electric field.
                with respect to dipole field.
                with respect to quadrupole field.
          Differentiating once with respect to magnetic field using GIAOs.
          Electric field/nuclear overlap derivatives assumed to be zero.
 FoFJK:  IHMeth= 1 ICntrl=    6127 DoSepK=F KAlg= 0 I1Cent=           0 FoldK=F
 IRaf=         1 NMat=       1 IRICut=       1 DoRegI=T DoRafI=F ISym2E= 0 IDoP0=0 IntGTp=1.
 CalDSu exits because no D1Ps are significant.
          There are    12 degrees of freedom in the 1st order CPHF.  IDoFFX=0 NUNeed=    12.
     11 vectors produced by pass  0 Test12= 1.19D-12 8.33D-09 XBig12= 1.00D+00 2.19D-01.
 AX will form    11 AO Fock derivatives at one time.
     11 vectors produced by pass  1 Test12= 1.19D-12 8.33D-09 XBig12= 2.33D-01 1.16D-01.
     11 vectors produced by pass  2 Test12= 1.19D-12 8.33D-09 XBig12= 6.33D-02 3.79D-02.
     11 vectors produced by pass  3 Test12= 1.19D-12 8.33D-09 XBig12= 8.19D-03 9.48D-03.
     11 vectors produced by pass  4 Test12= 1.19D-12 8.33D-09 XBig12= 2.57D-03 6.49D-03.
     11 vectors produced by pass  5 Test12= 1.19D-12 8.33D-09 XBig12= 4.09D-04 3.48D-03.
     11 vectors produced by pass  6 Test12= 1.19D-12 8.33D-09 XBig12= 6.57D-05 1.36D-03.
     11 vectors produced by pass  7 Test12= 1.19D-12 8.33D-09 XBig12= 4.86D-06 2.42D-04.
     11 vectors produced by pass  8 Test12= 1.19D-12 8.33D-09 XBig12= 2.24D-07 3.76D-05.
     11 vectors produced by pass  9 Test12= 1.19D-12 8.33D-09 XBig12= 7.23D-09 7.22D-06.
     11 vectors produced by pass 10 Test12= 1.19D-12 8.33D-09 XBig12= 1.81D-10 9.52D-07.
      9 vectors produced by pass 11 Test12= 1.19D-12 8.33D-09 XBig12= 5.24D-12 2.23D-07.
      6 vectors produced by pass 12 Test12= 1.19D-12 8.33D-09 XBig12= 1.59D-13 3.06D-08.
 InvSVY:  IOpt=1 It=  1 EMax= 4.55D-13
 Solved reduced A of dimension   136 with    12 vectors.
 Isotropic polarizability for W=    0.085645      219.68 Bohr**3.
 Dipole-magnetic dipole polarizability for W=    0.085645:
                 1             2             3 
      1  -0.217187D+02  0.224188D+04 -0.165672D+04
      2  -0.225222D+04  0.702621D+02  0.252455D+04
      3   0.186805D+04 -0.271967D+04 -0.509029D+02
 DQ contribution to OR G for W=    0.085645:
                 1             2             3 
      1  -0.367207D+02  0.753771D+04 -0.590117D+04
      2  -0.756776D+04  0.139889D+03  0.876571D+04
      3   0.632033D+04 -0.914904D+04 -0.103168D+03
 Optical Rotation G' tensor for W=    0.085645:
                 1             2             3 
      1   0.499410D+00 -0.117133D+01 -0.438908D+00
      2  -0.117133D+01 -0.133868D+01  0.863428D+00
      3  -0.438908D+00  0.863428D+00 -0.152023D+01
 OR G Eigenvalues:    -2.3948    -1.2546     1.2899  Iso=     0.7865
 Eigenvectors:
   (1)   0.205915   0.746070  -0.633228
   (2)   0.499262   0.476443   0.723698
   (3)   0.841627  -0.465168  -0.274378
 w=    0.085645 a.u., Optical Rotation Beta=      0.7865 au.
 Molar Mass =    402.3006 grams/mole, [Alpha] ( 5320.0 A) =       92.72 deg.
 End of Minotr F.D. properties on file   721 Mask=       B NFrqRd=     1 NDeriv=     1 ND12= 1 LenFil=      39:
 Frequencies=    0.085645
 Property number 1 -- Alpha(-w,w) frequency  1    0.085645:
                 1             2             3 
      1   0.224105D+03  0.179086D+01  0.370343D+01
      2   0.179086D+01  0.224357D+03  0.855734D+01
      3   0.370343D+01  0.855734D+01  0.210576D+03
 Property number 2 -- FD Optical Rotation Tensor frequency  1    0.085645:
                 1             2             3 
      1  -0.217187D+02  0.224188D+04 -0.165672D+04
      2  -0.225222D+04  0.702621D+02  0.252455D+04
      3   0.186805D+04 -0.271967D+04 -0.509029D+02
 Property number 4 -- D-Q polarizability frequency  1    0.085645:
                 1             2             3 
      1   0.722110D+04 -0.255352D+04 -0.286395D+04
      2  -0.367750D+04  0.483444D+04 -0.277225D+04
      3  -0.354360D+04 -0.228091D+04  0.563620D+04
      4   0.376680D+04  0.547154D+04  0.291081D+03
      5   0.470381D+04  0.254361D+03  0.522211D+04
      6   0.151193D+03  0.476546D+04  0.362026D+04
 End of Minotr F.D. properties file   722 does not exist.
 End of Minotr F.D. properties file   788 does not exist.
 Symmetrizing basis deriv contribution to polar:
 IMax=3 JMax=2 DiffMx= 0.00D+00
 G2DrvN: will do    59 centers at a time, making    1 passes.
 PxScal for G2LodP:  IOpCl= 0 ISclPx=1 IMOff=     1 NMtTot=    25 NTT=  293761 ScalPx= 2.85D+03
 Calling FoFCou, ICntrl=  3107 FMM=F I1Cent=   0 AccDes= 0.00D+00.
 PxScal for G2LodP:  IOpCl= 0 ISclPx=0 IMOff=     1 NMtTot=    25 NTT=  293761 ScalPx= 1.00D+00
 NEqPCM:  Using non-equilibrium solvation (IEInf=1, Eps=  78.3553, EpsInf=   1.7778)
 G2PCM: DoFxE=T DoFxN=T DoGrad=T DoDP/DQ/DG/TGxP=TTTF NFrqRd=   1 IEInf=1 SqF1=F DoCFld=F IF1Alg=4.
 End of G2Drv F.D. properties on file   721 Mask=       B NFrqRd=     1 NDeriv=     1 ND12= 1 LenFil=      39:
 Frequencies=    0.085645
 Property number 1 -- Alpha(-w,w) frequency  1    0.085645:
                 1             2             3 
      1   0.224105D+03  0.179086D+01  0.370343D+01
      2   0.179086D+01  0.224357D+03  0.855734D+01
      3   0.370343D+01  0.855734D+01  0.210576D+03
 Property number 2 -- FD Optical Rotation Tensor frequency  1    0.085645:
                 1             2             3 
      1  -0.217187D+02  0.224188D+04 -0.165672D+04
      2  -0.225222D+04  0.702621D+02  0.252455D+04
      3   0.186805D+04 -0.271967D+04 -0.509029D+02
 Property number 4 -- D-Q polarizability frequency  1    0.085645:
                 1             2             3 
      1   0.722110D+04 -0.255352D+04 -0.286395D+04
      2  -0.367750D+04  0.483444D+04 -0.277225D+04
      3  -0.354360D+04 -0.228091D+04  0.563620D+04
      4   0.376680D+04  0.547154D+04  0.291081D+03
      5   0.470381D+04  0.254361D+03  0.522211D+04
      6   0.151193D+03  0.476546D+04  0.362026D+04
 End of G2Drv F.D. properties on file   722 Mask=       B NFrqRd=     1 NDeriv=   174 ND12= 1 LenFil=    6267:
 Frequencies=    0.085645
 Property number 1 -- Alpha(-w,w) derivatives, frequency  1    0.085645:
                 1             2             3             4             5 
      1   0.111601D+01 -0.122867D+01  0.464865D+00  0.366939D+00 -0.211240D+01
      2  -0.122867D+01 -0.182844D+01 -0.588942D+00 -0.211240D+01  0.537512D+01
      3   0.464865D+00 -0.588942D+00  0.407859D+00  0.372170D+00 -0.744503D+00
                 6             7             8             9            10 
      1   0.372170D+00  0.260289D+00 -0.151729D+01 -0.417976D+00 -0.320180D+00
      2  -0.744503D+00 -0.151729D+01  0.377380D+01  0.345396D+00  0.326186D+00
      3  -0.986249D+00 -0.417976D+00  0.345396D+00 -0.473432D+00  0.460430D-01
                11            12            13            14            15 
      1   0.326186D+00  0.460430D-01 -0.418331D+00  0.704402D+00 -0.439090D+00
      2   0.361437D+00  0.110876D+00  0.704402D+00 -0.184817D+01  0.131653D+00
      3   0.110876D+00 -0.837713D+00 -0.439090D+00  0.131653D+00  0.725480D+00
                16            17            18            19            20 
      1  -0.359720D+00  0.155065D+01 -0.175928D+00 -0.897857D+00  0.980123D+00
      2   0.155065D+01 -0.213471D+01  0.486089D+00  0.980123D+00  0.121894D+01
      3  -0.175928D+00  0.486089D+00 -0.899617D+00 -0.780985D+00  0.365246D+00
                21            22            23            24            25 
      1  -0.780985D+00 -0.235475D+00  0.549135D+00 -0.381815D-01  0.366059D+00
      2   0.365246D+00  0.549135D+00 -0.223410D+01  0.693429D-01 -0.147445D+00
      3   0.861331D+00 -0.381815D-01  0.693429D-01  0.106243D+01  0.614207D+00
                26            27            28            29            30 
      1  -0.147445D+00  0.614207D+00 -0.167343D+01 -0.418319D+01 -0.877666D+00
      2  -0.171556D+01 -0.253895D+00 -0.418319D+01 -0.242081D+01 -0.233980D+01
      3  -0.253895D+00  0.516563D+00 -0.877666D+00 -0.233980D+01 -0.559619D+00
                31            32            33            34            35 
      1  -0.434746D+01 -0.314975D+01 -0.118681D+01  0.147590D+01  0.652992D+00
      2  -0.314975D+01 -0.221522D+01 -0.146429D+01  0.652992D+00  0.154574D+01
      3  -0.118681D+01 -0.146429D+01 -0.112098D+01  0.103155D+01  0.232581D+00
                36            37            38            39            40 
      1   0.103155D+01  0.940026D+00  0.108294D+01  0.734266D+00  0.970938D+00
      2   0.232581D+00  0.108294D+01  0.772685D+00  0.106188D+01  0.178226D+01
      3   0.679654D+00  0.734266D+00  0.106188D+01  0.134976D+01  0.717221D-01
                41            42            43            44            45 
      1   0.178226D+01  0.717221D-01 -0.102603D+01 -0.725486D+00 -0.175763D+01
      2   0.128733D+01  0.699284D+00 -0.725486D+00 -0.107084D+01 -0.562538D+00
      3   0.699284D+00  0.386454D-01 -0.175763D+01 -0.562538D+00 -0.160368D+01
                46            47            48            49            50 
      1   0.812257D+00  0.314373D+01  0.233561D+00  0.345758D+01  0.105813D+01
      2   0.314373D+01  0.937284D+00  0.103642D+01  0.105813D+01  0.814114D+00
      3   0.233561D+00  0.103642D+01 -0.519107D+00  0.104844D+01  0.477971D+00
                51            52            53            54            55 
      1   0.104844D+01 -0.922398D+00 -0.474666D-01  0.127223D+01 -0.252517D+01
      2   0.477971D+00 -0.474666D-01 -0.584131D+00  0.349013D+00 -0.645762D+00
      3   0.332594D+00  0.127223D+01  0.349013D+00  0.123305D+01  0.326414D+01
                56            57            58            59            60 
      1  -0.645762D+00  0.326414D+01 -0.154877D+01 -0.177317D+01 -0.225498D+01
      2  -0.181462D+01 -0.189062D+01 -0.177317D+01 -0.744906D+00  0.590371D+00
      3  -0.189062D+01  0.273022D+00 -0.225498D+01  0.590371D+00  0.109644D+01
                61            62            63            64            65 
      1   0.325274D+01 -0.347681D+01 -0.234639D+01  0.227529D+01  0.120556D+01
      2  -0.347681D+01  0.150901D+01  0.279080D+01  0.120556D+01  0.216972D+01
      3  -0.234639D+01  0.279080D+01  0.268829D+01 -0.151574D+00  0.411249D+00
                66            67            68            69            70 
      1  -0.151574D+00  0.105106D+01  0.206404D+01  0.769758D+00 -0.248485D+00
      2   0.411249D+00  0.206404D+01  0.131973D+01 -0.207135D+00  0.123388D+01
      3  -0.712130D+00  0.769758D+00 -0.207135D+00 -0.969813D+00  0.217526D+01
                71            72            73            74            75 
      1   0.123388D+01  0.217526D+01  0.152338D+01 -0.382238D+00 -0.286190D+01
      2  -0.110463D+00 -0.191956D+01 -0.382238D+00 -0.956684D+00  0.102206D+01
      3  -0.191956D+01 -0.162725D+01 -0.286190D+01  0.102206D+01 -0.752152D+00
                76            77            78            79            80 
      1   0.841010D+00 -0.565290D+00  0.905628D+00 -0.236554D+01  0.174890D+01
      2  -0.565290D+00  0.482269D+00 -0.455184D+00  0.174890D+01 -0.858589D+00
      3   0.905628D+00 -0.455184D+00  0.915975D-01  0.118338D+00 -0.619568D+00
                81            82            83            84            85 
      1   0.118338D+00 -0.281354D+01 -0.150330D+01 -0.949817D+00  0.621807D+00
      2  -0.619568D+00 -0.150330D+01  0.101658D+01 -0.203941D-01  0.628267D+00
      3  -0.224492D+01 -0.949817D+00 -0.203941D-01  0.734680D+00  0.644519D+00
                86            87            88            89            90 
      1   0.628267D+00  0.644519D+00 -0.280112D+01  0.210111D+00 -0.231823D+01
      2   0.563614D+00  0.226028D+01  0.210111D+00  0.258931D+01 -0.700681D+00
      3   0.226028D+01  0.253473D+01 -0.231823D+01 -0.700681D+00  0.450011D+00
                91            92            93            94            95 
      1   0.148995D+01  0.665954D+00  0.116643D+01  0.698150D+00  0.912483D+00
      2   0.665954D+00  0.246181D+00  0.920343D+00  0.912483D+00 -0.446853D+00
      3   0.116643D+01  0.920343D+00 -0.382636D+00 -0.140310D+00 -0.202383D+01
                96            97            98            99           100 
      1  -0.140310D+00  0.274482D+01 -0.277799D+00  0.148143D+01 -0.337697D+00
      2  -0.202383D+01 -0.277799D+00 -0.235979D+01 -0.333865D-01 -0.567577D+00
      3  -0.131385D+01  0.148143D+01 -0.333865D-01 -0.135454D+01  0.139342D+00
               101           102           103           104           105 
      1  -0.567577D+00  0.139342D+00 -0.176123D+01 -0.104620D+01  0.828408D-01
      2  -0.123740D+01  0.269417D-01 -0.104620D+01 -0.955530D+00 -0.158018D+00
      3   0.269417D-01 -0.555272D+00  0.828408D-01 -0.158018D+00 -0.619148D+00
               106           107           108           109           110 
      1   0.501966D+00  0.375286D+00  0.473583D+00  0.817618D+00  0.185150D+01
      2   0.375286D+00  0.254533D+00  0.332506D+00  0.185150D+01  0.263570D+01
      3   0.473583D+00  0.332506D+00 -0.882277D-01 -0.155722D+01 -0.182639D+01
               111           112           113           114           115 
      1  -0.155722D+01  0.148399D+01  0.635012D+00 -0.682266D+00 -0.176131D+01
      2  -0.182639D+01  0.635012D+00 -0.121195D+01 -0.874098D+00 -0.172751D+01
      3   0.144030D+01 -0.682266D+00 -0.874098D+00  0.849388D+00  0.120188D+01
               116           117           118           119           120 
      1  -0.172751D+01  0.120188D+01 -0.362888D+00 -0.597088D+00  0.995443D+00
      2  -0.285685D+01  0.225446D+01 -0.597088D+00  0.469956D+00  0.350373D+00
      3   0.225446D+01 -0.964686D+00  0.995443D+00  0.350373D+00 -0.424599D+00
               121           122           123           124           125 
      1  -0.421532D+00 -0.140217D+00  0.640450D+00  0.706793D+00  0.885784D+00
      2  -0.140217D+00  0.975056D+00  0.104192D+01  0.885784D+00  0.197563D+01
      3   0.640450D+00  0.104192D+01 -0.692419D+00 -0.160945D+00 -0.967703D+00
               126           127           128           129           130 
      1  -0.160945D+00  0.579863D+00 -0.104631D+01  0.631962D+00 -0.799262D+00
      2  -0.967703D+00 -0.104631D+01 -0.276535D+01  0.134051D+01 -0.255921D+00
      3   0.112743D+01  0.631962D+00  0.134051D+01 -0.607975D+00  0.219657D-01
               131           132           133           134           135 
      1  -0.255921D+00  0.219657D-01  0.704212D+00  0.646132D+00 -0.401338D+00
      2   0.500731D+00  0.268565D+00  0.646132D+00  0.938349D+00 -0.604414D+00
      3   0.268565D+00  0.229990D+00 -0.401338D+00 -0.604414D+00  0.382169D+00
               136           137           138           139           140 
      1  -0.546960D+01  0.140538D+01 -0.342896D+01 -0.827920D+00 -0.104155D+01
      2   0.140538D+01 -0.727318D+00  0.244290D-01 -0.104155D+01  0.129338D+01
      3  -0.342896D+01  0.244290D-01  0.102438D+00 -0.115178D+00 -0.203433D+01
               141           142           143           144           145 
      1  -0.115178D+00  0.154954D+01 -0.938612D+00  0.145237D+01  0.201565D+01
      2  -0.203433D+01 -0.938612D+00 -0.196070D+01 -0.351318D+00 -0.535702D+00
      3   0.230655D+01  0.145237D+01 -0.351318D+00  0.238791D+01  0.154247D+01
               146           147           148           149           150 
      1  -0.535702D+00  0.154247D+01 -0.566310D+00  0.831520D+00 -0.864003D+00
