 Entering Gaussian System, Link 0=g16
 Input=FREE.INP
 Output=FREE.OUT
 Initial command:
 /usr/local/g16-A.03/sse4/g16/l1.exe "/scratch/zronyj/cluster_113_i/Gau-906.inp" -scrdir="/scratch/zronyj/cluster_113_i/"
 Entering Link 1 = /usr/local/g16-A.03/sse4/g16/l1.exe PID=       907.
  
 Copyright (c) 1988,1990,1992,1993,1995,1998,2003,2009,2016,
            Gaussian, Inc.  All Rights Reserved.
  
 This is part of the Gaussian(R) 16 program.  It is based on
 the Gaussian(R) 09 system (copyright 2009, Gaussian, Inc.),
 the Gaussian(R) 03 system (copyright 2003, Gaussian, Inc.),
 the Gaussian(R) 98 system (copyright 1998, Gaussian, Inc.),
 the Gaussian(R) 94 system (copyright 1995, Gaussian, Inc.),
 the Gaussian 92(TM) system (copyright 1992, Gaussian, Inc.),
 the Gaussian 90(TM) system (copyright 1990, Gaussian, Inc.),
 the Gaussian 88(TM) system (copyright 1988, Gaussian, Inc.),
 the Gaussian 86(TM) system (copyright 1986, Carnegie Mellon
 University), and the Gaussian 82(TM) system (copyright 1983,
 Carnegie Mellon University). Gaussian is a federally registered
 trademark of Gaussian, Inc.
  
 This software contains proprietary and confidential information,
 including trade secrets, belonging to Gaussian, Inc.
  
 This software is provided under written license and may be
 used, copied, transmitted, or stored only in accord with that
 written license.
  
 The following legend is applicable only to US Government
 contracts under FAR:
  
                    RESTRICTED RIGHTS LEGEND
  
 Use, reproduction and disclosure by the US Government is
 subject to restrictions as set forth in subparagraphs (a)
 and (c) of the Commercial Computer Software - Restricted
 Rights clause in FAR 52.227-19.
  
 Gaussian, Inc.
 340 Quinnipiac St., Bldg. 40, Wallingford CT 06492
  
  
 ---------------------------------------------------------------
 Warning -- This program may not be used in any manner that
 competes with the business of Gaussian, Inc. or will provide
 assistance to any competitor of Gaussian, Inc.  The licensee
 of this program is prohibited from giving any competitor of
 Gaussian, Inc. access to this program.  By using this program,
 the user acknowledges that Gaussian, Inc. is engaged in the
 business of creating and licensing software in the field of
 computational chemistry and represents and warrants to the
 licensee that it is not a competitor of Gaussian, Inc. and that
 it will not use this program in any manner prohibited above.
 ---------------------------------------------------------------
  

 Cite this work as:
 Gaussian 16, Revision A.03,
 M. J. Frisch, G. W. Trucks, H. B. Schlegel, G. E. Scuseria, 
 M. A. Robb, J. R. Cheeseman, G. Scalmani, V. Barone, 
 G. A. Petersson, H. Nakatsuji, X. Li, M. Caricato, A. V. Marenich, 
 J. Bloino, B. G. Janesko, R. Gomperts, B. Mennucci, H. P. Hratchian, 
 J. V. Ortiz, A. F. Izmaylov, J. L. Sonnenberg, D. Williams-Young, 
 F. Ding, F. Lipparini, F. Egidi, J. Goings, B. Peng, A. Petrone, 
 T. Henderson, D. Ranasinghe, V. G. Zakrzewski, J. Gao, N. Rega, 
 G. Zheng, W. Liang, M. Hada, M. Ehara, K. Toyota, R. Fukuda, 
 J. Hasegawa, M. Ishida, T. Nakajima, Y. Honda, O. Kitao, H. Nakai, 
 T. Vreven, K. Throssell, J. A. Montgomery, Jr., J. E. Peralta, 
 F. Ogliaro, M. J. Bearpark, J. J. Heyd, E. N. Brothers, K. N. Kudin, 
 V. N. Staroverov, T. A. Keith, R. Kobayashi, J. Normand, 
 K. Raghavachari, A. P. Rendell, J. C. Burant, S. S. Iyengar, 
 J. Tomasi, M. Cossi, J. M. Millam, M. Klene, C. Adamo, R. Cammi, 
 J. W. Ochterski, R. L. Martin, K. Morokuma, O. Farkas, 
 J. B. Foresman, and D. J. Fox, Gaussian, Inc., Wallingford CT, 2016.
 
 ******************************************
 Gaussian 16:  ES64L-G16RevA.03 25-Dec-2016
                21-Aug-2023 
 ******************************************
 %chk=cluster_113_i.chk
 %mem=8GB
 %nproc=8
 Will use up to    8 processors via shared memory.
 ----------------------------------------------------------------------
 #b3lyp/6-311++G** scrf=(cpcm,Solvent=Water) nosymm freq=roa scf=(xqc,c
 onver=8) iop(2/11=1) geom=checkpoint guess=checkpoint
 ----------------------------------------------------------------------
 1/10=4,29=2,30=1,38=1,83=21/1,3;
 2/11=1,12=2,15=1,40=1/2;
 3/5=4,6=6,7=1111,11=2,14=-4,25=1,30=1,36=2,70=2101,71=2,72=1,74=-5,116=-2,140=1/1,2,3;
 4/5=1/1;
 5/5=2,6=8,8=3,13=1,38=6,53=1,98=1/2,8;
 8/6=4,10=90,11=11/1;
 10/13=10,15=4,31=1,49=111,72=3/2;
 11/6=3,8=1,9=11,15=111,16=1,31=1/1,2,10;
 10/6=1,31=1,49=111/2;
 6/7=2,8=2,9=2,10=2,28=1/1;
 7/8=1,10=1,25=1,30=1/1,2,3,16;
 1/10=4,30=1/3;
 99//99;
 -----------------
 ROA cluster_113_i
 -----------------
 Structure from the checkpoint file:  "cluster_113_i.chk"
 Charge =  0 Multiplicity = 1
 No Z-Matrix found in chk file; cartesian coordinates used.
  O                                                 6.053139160000      6.159707230000     12.316078030000
  H                                                 6.924422220000      5.734467720000     12.234315790000
  H                                                 6.208115850000      7.076232310000     12.039000660000
  O                                                10.067609490000      4.004452680000     14.612013050000
  H                                                10.485281770000      3.241853740000     15.029802120000
  H                                                10.389863830000      4.769314090000     15.105397770000
  O                                                 7.492601300000      9.880877950000     14.345860440000
  H                                                 7.705732460000      8.953066820000     14.132999800000
  H                                                 6.915547000000     10.142064300000     13.617332680000
  O                                                 5.356277050000      8.823420560000     16.371128900000
  H                                                 5.041394370000      8.703452880000     17.276104890000
  H                                                 4.856060600000      9.571731980000     16.019926800000
  O                                                 8.951604360000      5.146711530000     12.276514990000
  H                                                 9.372154750000      4.583041830000     12.959534020000
  H                                                 9.626712210000      5.302161570000     11.599569050000
  O                                                 6.420779850000      8.517777690000     10.612581840000
  H                                                 5.681136620000      8.865999720000     11.140601680000
  H                                                 6.009149460000      7.929839570000      9.962835310000
  O                                                 8.180566840000      7.934441720000     16.903132920000
  H                                                 8.257681800000      7.339941900000     16.135637420000
  H                                                 7.489157510000      8.557987040000     16.614519130000
  O                                                 6.713239670000      4.335995450000     17.417706280000
  H                                                 7.325411970000      3.786163270000     16.909138360000
  H                                                 6.264357250000      4.861500630000     16.726561320000
  O                                                 8.628458390000      7.341372610000     14.093832520000
  H                                                 9.410421480000      7.914000200000     14.085205220000
  H                                                 8.789243200000      6.676583040000     13.389069000000
  C                                                10.343024480000     12.404255260000     10.743025750000
  C                                                11.272479840000     11.197647780000     10.810428410000
  C                                                 9.649410020000      9.249850330000     11.227728220000
  H                                                10.079251760000     10.164343650000      9.338626490000
  H                                                10.367598580000     14.232919020000     11.208963100000
  O                                                11.628134100000      8.921611260000      9.983375620000
  O                                                 9.317950570000     12.476324920000     10.099310540000
  O                                                10.925540290000     13.450645680000     11.356048030000
  C                                                10.631403850000      9.901469150000     10.248462180000
  O                                                12.326732950000     11.702064970000      9.988981510000
  H                                                11.601209170000     11.034896770000     11.840963460000
  O                                                 9.439195060000      9.628933000000     12.361183360000
  O                                                 9.087013030000      8.151796080000     10.687050680000
  H                                                 8.217986820000      8.004039480000     11.110823510000
  H                                                13.170246620000     11.526279650000     10.424295580000
  H                                                11.282503740000      8.346562060000      9.286969440000
  O                                                 5.281566340000      6.045528590000     15.272425160000
  H                                                 5.429940100000      6.945283740000     15.619175220000
  H                                                 5.679564130000      6.051101350000     14.379946250000
  O                                                10.713488810000      9.203649290000     16.713391210000
  H                                                 9.824846760000      8.800093450000     16.807228910000
  H                                                11.297007900000      8.551908680000     17.125495870000
  O                                                 4.283201340000      8.789236250000     13.203287570000
  H                                                 3.347849470000      8.768486280000     12.956414090000
  H                                                 4.400276810000      7.981423620000     13.726301110000
 Recover connectivity data from disk.
 Using perturbation frequencies:    0.085645

 GradGradGradGradGradGradGradGradGradGradGradGradGradGradGradGradGradGrad
 Berny optimization.
 Initialization pass.
 Trust Radius=3.00D-01 FncErr=1.00D-07 GrdErr=1.00D-07 EigMax=2.50D+02 EigMin=1.00D-04
 Number of steps in this run=      2 maximum allowed number of steps=      2.
 GradGradGradGradGradGradGradGradGradGradGradGradGradGradGradGradGradGrad

                          Input orientation:                          
 ---------------------------------------------------------------------
 Center     Atomic      Atomic             Coordinates (Angstroms)
 Number     Number       Type             X           Y           Z
 ---------------------------------------------------------------------
      1          8           0        6.053139    6.159707   12.316078
      2          1           0        6.924422    5.734468   12.234316
      3          1           0        6.208116    7.076232   12.039001
      4          8           0       10.067609    4.004453   14.612013
      5          1           0       10.485282    3.241854   15.029802
      6          1           0       10.389864    4.769314   15.105398
      7          8           0        7.492601    9.880878   14.345860
      8          1           0        7.705732    8.953067   14.133000
      9          1           0        6.915547   10.142064   13.617333
     10          8           0        5.356277    8.823421   16.371129
     11          1           0        5.041394    8.703453   17.276105
     12          1           0        4.856061    9.571732   16.019927
     13          8           0        8.951604    5.146712   12.276515
     14          1           0        9.372155    4.583042   12.959534
     15          1           0        9.626712    5.302162   11.599569
     16          8           0        6.420780    8.517778   10.612582
     17          1           0        5.681137    8.866000   11.140602
     18          1           0        6.009149    7.929840    9.962835
     19          8           0        8.180567    7.934442   16.903133
     20          1           0        8.257682    7.339942   16.135637
     21          1           0        7.489158    8.557987   16.614519
     22          8           0        6.713240    4.335995   17.417706
     23          1           0        7.325412    3.786163   16.909138
     24          1           0        6.264357    4.861501   16.726561
     25          8           0        8.628458    7.341373   14.093833
     26          1           0        9.410421    7.914000   14.085205
     27          1           0        8.789243    6.676583   13.389069
     28          6           0       10.343024   12.404255   10.743026
     29          6           0       11.272480   11.197648   10.810428
     30          6           0        9.649410    9.249850   11.227728
     31          1           0       10.079252   10.164344    9.338626
     32          1           0       10.367599   14.232919   11.208963
     33          8           0       11.628134    8.921611    9.983376
     34          8           0        9.317951   12.476325   10.099311
     35          8           0       10.925540   13.450646   11.356048
     36          6           0       10.631404    9.901469   10.248462
     37          8           0       12.326733   11.702065    9.988982
     38          1           0       11.601209   11.034897   11.840963
     39          8           0        9.439195    9.628933   12.361183
     40          8           0        9.087013    8.151796   10.687051
     41          1           0        8.217987    8.004039   11.110824
     42          1           0       13.170247   11.526280   10.424296
     43          1           0       11.282504    8.346562    9.286969
     44          8           0        5.281566    6.045529   15.272425
     45          1           0        5.429940    6.945284   15.619175
     46          1           0        5.679564    6.051101   14.379946
     47          8           0       10.713489    9.203649   16.713391
     48          1           0        9.824847    8.800093   16.807229
     49          1           0       11.297008    8.551909   17.125496
     50          8           0        4.283201    8.789236   13.203288
     51          1           0        3.347849    8.768486   12.956414
     52          1           0        4.400277    7.981424   13.726301
 ---------------------------------------------------------------------
 Symmetry turned off by external request.
 Stoichiometry    C4H30O18
 Framework group  C1[X(C4H30O18)]
 Deg. of freedom   150
 Full point group                 C1      NOp   1
                          Input orientation:                          
 ---------------------------------------------------------------------
 Center     Atomic      Atomic             Coordinates (Angstroms)
 Number     Number       Type             X           Y           Z
 ---------------------------------------------------------------------
      1          8           0        6.053139    6.159707   12.316078
      2          1           0        6.924422    5.734468   12.234316
      3          1           0        6.208116    7.076232   12.039001
      4          8           0       10.067609    4.004453   14.612013
      5          1           0       10.485282    3.241854   15.029802
      6          1           0       10.389864    4.769314   15.105398
      7          8           0        7.492601    9.880878   14.345860
      8          1           0        7.705732    8.953067   14.133000
      9          1           0        6.915547   10.142064   13.617333
     10          8           0        5.356277    8.823421   16.371129
     11          1           0        5.041394    8.703453   17.276105
     12          1           0        4.856061    9.571732   16.019927
     13          8           0        8.951604    5.146712   12.276515
     14          1           0        9.372155    4.583042   12.959534
     15          1           0        9.626712    5.302162   11.599569
     16          8           0        6.420780    8.517778   10.612582
     17          1           0        5.681137    8.866000   11.140602
     18          1           0        6.009149    7.929840    9.962835
     19          8           0        8.180567    7.934442   16.903133
     20          1           0        8.257682    7.339942   16.135637
     21          1           0        7.489158    8.557987   16.614519
     22          8           0        6.713240    4.335995   17.417706
     23          1           0        7.325412    3.786163   16.909138
     24          1           0        6.264357    4.861501   16.726561
     25          8           0        8.628458    7.341373   14.093833
     26          1           0        9.410421    7.914000   14.085205
     27          1           0        8.789243    6.676583   13.389069
     28          6           0       10.343024   12.404255   10.743026
     29          6           0       11.272480   11.197648   10.810428
     30          6           0        9.649410    9.249850   11.227728
     31          1           0       10.079252   10.164344    9.338626
     32          1           0       10.367599   14.232919   11.208963
     33          8           0       11.628134    8.921611    9.983376
     34          8           0        9.317951   12.476325   10.099311
     35          8           0       10.925540   13.450646   11.356048
     36          6           0       10.631404    9.901469   10.248462
     37          8           0       12.326733   11.702065    9.988982
     38          1           0       11.601209   11.034897   11.840963
     39          8           0        9.439195    9.628933   12.361183
     40          8           0        9.087013    8.151796   10.687051
     41          1           0        8.217987    8.004039   11.110824
     42          1           0       13.170247   11.526280   10.424296
     43          1           0       11.282504    8.346562    9.286969
     44          8           0        5.281566    6.045529   15.272425
     45          1           0        5.429940    6.945284   15.619175
     46          1           0        5.679564    6.051101   14.379946
     47          8           0       10.713489    9.203649   16.713391
     48          1           0        9.824847    8.800093   16.807229
     49          1           0       11.297008    8.551909   17.125496
     50          8           0        4.283201    8.789236   13.203288
     51          1           0        3.347849    8.768486   12.956414
     52          1           0        4.400277    7.981424   13.726301
 ---------------------------------------------------------------------
 Rotational constants (GHZ):           0.2256493           0.0959602           0.0939495
 Standard basis: 6-311++G(d,p) (5D, 7F)
   694 basis functions,  1062 primitive gaussians,   716 cartesian basis functions
    99 alpha electrons       99 beta electrons
       nuclear repulsion energy      2262.1487035775 Hartrees.
 NAtoms=   52 NActive=   52 NUniq=   52 SFac= 1.00D+00 NAtFMM=   60 NAOKFM=F Big=F
 Integral buffers will be    131072 words long.
 Raffenetti 2 integral format.
 Two-electron integral symmetry is turned off.
 Force inversion solution in PCM.
 ------------------------------------------------------------------------------
 Polarizable Continuum Model (PCM)
 =================================
 Model                : C-PCM.
 Atomic radii         : UFF (Universal Force Field).
 Polarization charges : Total charges.
 Charge compensation  : None.
 Solution method      : Matrix inversion.
 Cavity type          : Scaled VdW (van der Waals Surface) (Alpha=1.100).
 Cavity algorithm     : GePol (No added spheres)
                        Default sphere list used, NSphG=   52.
                        Lebedev-Laikov grids with approx.  5.0 points / Ang**2.
                        Smoothing algorithm: York/Karplus (Gamma=1.0000).
                        Polarization charges: spherical gaussians, with
                                              point-specific exponents (IZeta= 3).
                        Self-potential: point-specific (ISelfS= 7).
                        Self-field    : sphere-specific E.n sum rule (ISelfD= 2).
 1st derivatives      : Analytical E(r).r(x)/FMM algorithm (CHGder, D1EAlg=3).
                        Cavity 1st derivative terms included.
 2nd derivatives      : Analytical E(r).r(xy)/FMM algorithm (CHGder, D2EAlg=3).
                        Cavity 2nd derivative terms included.
 Solvent              : Water, Eps=  78.355300 Eps(inf)=   1.777849
 ------------------------------------------------------------------------------
 One-electron integrals computed using PRISM.
 NBasis=   694 RedAO= T EigKep=  6.47D-06  NBF=   694
 NBsUse=   694 1.00D-06 EigRej= -1.00D+00 NBFU=   694
 Initial guess from the checkpoint file:  "cluster_113_i.chk"
 B after Tr=     0.000000    0.000000    0.000000
         Rot=    1.000000    0.000000    0.000000    0.000000 Ang=   0.00 deg.
 Requested convergence on RMS density matrix=1.00D-08 within  32 cycles.
 Requested convergence on MAX density matrix=1.00D-06.
 Requested convergence on             energy=1.00D-06.
 No special actions if energy rises.
 Inv3:  Mode=1 IEnd=    57868992.
 Iteration    1 A*A^-1 deviation from unit magnitude is 2.93D-14 for    513.
 Iteration    1 A*A^-1 deviation from orthogonality  is 3.18D-15 for   3917    509.
 Iteration    1 A^-1*A deviation from unit magnitude is 2.93D-14 for    513.
 Iteration    1 A^-1*A deviation from orthogonality  is 2.29D-15 for   4385   4314.
 Error on total polarization charges =  0.01838
 SCF Done:  E(RB3LYP) =  -1525.24492889     A.U. after   13 cycles
            NFock= 13  Conv=0.19D-08     -V/T= 2.0035
 QCSCF skips out because SCF is already converged.
 DoSCS=F DFT=T ScalE2(SS,OS)=  1.000000  1.000000
 Range of M.O.s used for correlation:     1   694
 NBasis=   694 NAE=    99 NBE=    99 NFC=     0 NFV=     0
 NROrb=    694 NOA=    99 NOB=    99 NVA=   595 NVB=   595

 **** Warning!!: The largest alpha MO coefficient is  0.80885386D+02

 NEqPCM:  Using non-equilibrium solvation (IEInf=1, Eps=  78.3553, EpsInf=   1.7778)
 Inv3:  Mode=1 IEnd=    57868992.
 Iteration    1 A*A^-1 deviation from unit magnitude is 2.93D-14 for    513.
 Iteration    1 A*A^-1 deviation from orthogonality  is 3.18D-15 for   3917    509.
 Iteration    1 A^-1*A deviation from unit magnitude is 2.93D-14 for    513.
 Iteration    1 A^-1*A deviation from orthogonality  is 2.29D-15 for   4385   4314.
          Differentiating once with respect to electric field.
                with respect to dipole field.
                with respect to quadrupole field.
          Differentiating once with respect to magnetic field using GIAOs.
          Electric field/nuclear overlap derivatives assumed to be zero.
 FoFJK:  IHMeth= 1 ICntrl=    6127 DoSepK=F KAlg= 0 I1Cent=           0 FoldK=F
 IRaf=         1 NMat=       1 IRICut=       1 DoRegI=T DoRafI=F ISym2E= 0 IDoP0=0 IntGTp=1.
 CalDSu exits because no D1Ps are significant.
          There are    12 degrees of freedom in the 1st order CPHF.  IDoFFX=0 NUNeed=    12.
     11 vectors produced by pass  0 Test12= 9.82D-13 8.33D-09 XBig12= 1.00D+00 1.51D-01.
 AX will form    11 AO Fock derivatives at one time.
     11 vectors produced by pass  1 Test12= 9.82D-13 8.33D-09 XBig12= 2.50D-01 7.45D-02.
     11 vectors produced by pass  2 Test12= 9.82D-13 8.33D-09 XBig12= 8.03D-02 3.04D-02.
     11 vectors produced by pass  3 Test12= 9.82D-13 8.33D-09 XBig12= 8.58D-03 1.50D-02.
     11 vectors produced by pass  4 Test12= 9.82D-13 8.33D-09 XBig12= 2.50D-03 5.23D-03.
     11 vectors produced by pass  5 Test12= 9.82D-13 8.33D-09 XBig12= 2.57D-04 1.88D-03.
     11 vectors produced by pass  6 Test12= 9.82D-13 8.33D-09 XBig12= 1.89D-05 5.91D-04.
     11 vectors produced by pass  7 Test12= 9.82D-13 8.33D-09 XBig12= 8.25D-07 8.07D-05.
     11 vectors produced by pass  8 Test12= 9.82D-13 8.33D-09 XBig12= 3.71D-08 1.48D-05.
     11 vectors produced by pass  9 Test12= 9.82D-13 8.33D-09 XBig12= 9.10D-10 2.09D-06.
     11 vectors produced by pass 10 Test12= 9.82D-13 8.33D-09 XBig12= 3.31D-11 3.89D-07.
      8 vectors produced by pass 11 Test12= 9.82D-13 8.33D-09 XBig12= 8.27D-13 7.72D-08.
      2 vectors produced by pass 12 Test12= 9.82D-13 8.33D-09 XBig12= 1.96D-14 1.00D-08.
 InvSVY:  IOpt=1 It=  1 EMax= 3.41D-13
 Solved reduced A of dimension   131 with    12 vectors.
 Isotropic polarizability for W=    0.085645      198.23 Bohr**3.
 Dipole-magnetic dipole polarizability for W=    0.085645:
                 1             2             3 
      1   0.350304D+02  0.242953D+04 -0.155087D+04
      2  -0.244860D+04 -0.530153D+01  0.158058D+04
      3   0.158901D+04 -0.160869D+04 -0.309528D+02
 DQ contribution to OR G for W=    0.085645:
                 1             2             3 
      1   0.746371D+02  0.806699D+04 -0.535096D+04
      2  -0.810374D+04 -0.228888D+02  0.535844D+04
      3   0.543185D+04 -0.540668D+04 -0.517483D+02
 Optical Rotation G' tensor for W=    0.085645:
                 1             2             3 
      1   0.532110D+00  0.173310D+00  0.576382D+00
      2   0.173310D+00 -0.368340D+01  0.997625D+00
      3   0.576382D+00  0.997625D+00  0.192735D+01
 OR G Eigenvalues:    -3.8567     0.3315     2.3013  Iso=     0.4080
 Eigenvectors:
   (1)  -0.016815   0.985590  -0.168317
   (2)   0.947240  -0.038188  -0.318243
   (3)   0.320085   0.164787   0.932947
 w=    0.085645 a.u., Optical Rotation Beta=      0.4080 au.
 Molar Mass =    366.2702 grams/mole, [Alpha] ( 5320.0 A) =       52.83 deg.
 End of Minotr F.D. properties on file   721 Mask=       B NFrqRd=     1 NDeriv=     1 ND12= 1 LenFil=      39:
 Frequencies=    0.085645
 Property number 1 -- Alpha(-w,w) frequency  1    0.085645:
                 1             2             3 
      1   0.198870D+03  0.338686D+01 -0.214329D+01
      2   0.338686D+01  0.201320D+03  0.799152D+00
      3  -0.214329D+01  0.799152D+00  0.194491D+03
 Property number 2 -- FD Optical Rotation Tensor frequency  1    0.085645:
                 1             2             3 
      1   0.350304D+02  0.242953D+04 -0.155087D+04
      2  -0.244860D+04 -0.530153D+01  0.158058D+04
      3   0.158901D+04 -0.160869D+04 -0.309528D+02
 Property number 4 -- D-Q polarizability frequency  1    0.085645:
                 1             2             3 
      1   0.429351D+04 -0.208770D+04 -0.329223D+04
      2  -0.201904D+04  0.433750D+04 -0.310529D+04
      3  -0.227448D+04 -0.224979D+04  0.639751D+04
      4   0.334415D+04  0.338764D+04  0.221614D+02
      5   0.481152D+04  0.967985D+02  0.308396D+04
      6   0.450502D+02  0.496171D+04  0.310117D+04
 End of Minotr F.D. properties file   722 does not exist.
 End of Minotr F.D. properties file   788 does not exist.
 Symmetrizing basis deriv contribution to polar:
 IMax=3 JMax=2 DiffMx= 0.00D+00
 G2DrvN: will do    53 centers at a time, making    1 passes.
 PxScal for G2LodP:  IOpCl= 0 ISclPx=1 IMOff=     1 NMtTot=    25 NTT=  241165 ScalPx= 2.94D+03
 Calling FoFCou, ICntrl=  3107 FMM=F I1Cent=   0 AccDes= 0.00D+00.
 PxScal for G2LodP:  IOpCl= 0 ISclPx=0 IMOff=     1 NMtTot=    25 NTT=  241165 ScalPx= 1.00D+00
 NEqPCM:  Using non-equilibrium solvation (IEInf=1, Eps=  78.3553, EpsInf=   1.7778)
 G2PCM: DoFxE=T DoFxN=T DoGrad=T DoDP/DQ/DG/TGxP=TTTF NFrqRd=   1 IEInf=1 SqF1=F DoCFld=F IF1Alg=4.
 End of G2Drv F.D. properties on file   721 Mask=       B NFrqRd=     1 NDeriv=     1 ND12= 1 LenFil=      39:
 Frequencies=    0.085645
 Property number 1 -- Alpha(-w,w) frequency  1    0.085645:
                 1             2             3 
      1   0.198870D+03  0.338686D+01 -0.214329D+01
      2   0.338686D+01  0.201320D+03  0.799152D+00
      3  -0.214329D+01  0.799152D+00  0.194491D+03
 Property number 2 -- FD Optical Rotation Tensor frequency  1    0.085645:
                 1             2             3 
      1   0.350304D+02  0.242953D+04 -0.155087D+04
      2  -0.244860D+04 -0.530153D+01  0.158058D+04
      3   0.158901D+04 -0.160869D+04 -0.309528D+02
 Property number 4 -- D-Q polarizability frequency  1    0.085645:
                 1             2             3 
      1   0.429351D+04 -0.208770D+04 -0.329223D+04
      2  -0.201904D+04  0.433750D+04 -0.310529D+04
      3  -0.227448D+04 -0.224979D+04  0.639751D+04
      4   0.334415D+04  0.338764D+04  0.221614D+02
      5   0.481152D+04  0.967985D+02  0.308396D+04
      6   0.450502D+02  0.496171D+04  0.310117D+04
 End of G2Drv F.D. properties on file   722 Mask=       B NFrqRd=     1 NDeriv=   156 ND12= 1 LenFil=    5619:
 Frequencies=    0.085645
 Property number 1 -- Alpha(-w,w) derivatives, frequency  1    0.085645:
                 1             2             3             4             5 
      1   0.143698D+01  0.286438D+01  0.243127D+01  0.213055D+01 -0.566735D-01
      2   0.286438D+01  0.157467D+01  0.239708D+01 -0.566735D-01 -0.232160D+01
      3   0.243127D+01  0.239708D+01  0.229833D+01  0.599921D+00  0.902232D+00
                 6             7             8             9            10 
      1   0.599921D+00  0.201582D+01  0.179351D+01  0.397425D+01  0.240764D+00
      2   0.902232D+00  0.179351D+01  0.225499D+01  0.360445D+01 -0.258596D+01
      3  -0.337486D+00  0.397425D+01  0.360445D+01  0.395785D+01 -0.176170D+01
                11            12            13            14            15 
      1  -0.258596D+01 -0.176170D+01 -0.151138D+01  0.161303D+00 -0.180029D+00
      2  -0.103216D+01 -0.172394D+01  0.161303D+00 -0.845884D+00 -0.559646D+00
      3  -0.172394D+01 -0.133319D+01 -0.180029D+00 -0.559646D+00 -0.165448D+00
                16            17            18            19            20 
      1  -0.180553D+01 -0.107017D+01 -0.168984D+01 -0.264592D+01 -0.185791D+00
      2  -0.107017D+01 -0.622121D+00 -0.145865D+01 -0.185791D+00  0.944886D+00
      3  -0.168984D+01 -0.145865D+01 -0.153970D+01 -0.101785D+01 -0.188451D+00
                21            22            23            24            25 
      1  -0.101785D+01  0.456219D+00  0.669589D-01 -0.840862D-02  0.158293D-01
      2  -0.188451D+00  0.669589D-01  0.318981D+01 -0.712805D+00 -0.121370D+00
      3  -0.508839D+00 -0.840862D-02 -0.712805D+00  0.184070D+00 -0.199193D+01
                26            27            28            29            30 
      1  -0.121370D+00 -0.199193D+01 -0.119906D+01  0.216970D+01  0.230796D+00
      2  -0.120400D+01 -0.157758D+01  0.216970D+01 -0.994966D+00 -0.152122D+01
      3  -0.157758D+01 -0.227552D+01  0.230796D+00 -0.152122D+01  0.214924D+01
                31            32            33            34            35 
      1   0.272067D+00  0.305822D+00  0.727170D-02  0.252768D+01 -0.139343D+01
      2   0.305822D+00 -0.244456D+01 -0.516344D+00 -0.139343D+01 -0.217183D+01
      3   0.727170D-02 -0.516344D+00 -0.274863D+00 -0.275374D+00  0.188570D+01
                36            37            38            39            40 
      1  -0.275374D+00  0.985508D-01 -0.276292D+00 -0.120313D+00  0.703989D+00
      2   0.188570D+01 -0.276292D+00 -0.105273D+01  0.908044D+00 -0.561870D+00
      3   0.986465D+00 -0.120313D+00  0.908044D+00 -0.821280D+00 -0.122394D+00
                41            42            43            44            45 
      1  -0.561870D+00 -0.122394D+00 -0.982951D+00  0.922676D+00  0.286721D+00
      2   0.139795D+01 -0.265785D+00  0.922676D+00 -0.881821D+00 -0.644605D+00
      3  -0.265785D+00  0.758810D+00  0.286721D+00 -0.644605D+00 -0.920578D-01
                46            47            48            49            50 
      1   0.696948D+00 -0.134438D+01 -0.127819D+00 -0.994072D+00  0.695377D-01
      2  -0.134438D+01  0.158439D+01  0.957243D+00  0.695377D-01  0.175333D+01
      3  -0.127819D+00  0.957243D+00 -0.913947D+00  0.152055D+00  0.409189D+00
                51            52            53            54            55 
      1   0.152055D+00 -0.168009D+01  0.872985D+00  0.251184D+00  0.148013D+01
      2   0.409189D+00  0.872985D+00  0.155500D+01 -0.614510D+00 -0.220472D+01
      3  -0.646610D+00  0.251184D+00 -0.614510D+00 -0.199283D+00 -0.256408D+01
                56            57            58            59            60 
      1  -0.220472D+01 -0.256408D+01  0.531249D+00 -0.242685D+01 -0.163484D+01
      2  -0.429737D+01  0.488349D+00 -0.242685D+01  0.232186D+01  0.641300D+00
      3   0.488349D+00  0.271270D+01 -0.163484D+01  0.641300D+00  0.120467D+01
                61            62            63            64            65 
      1  -0.196137D+01 -0.408836D+00  0.696567D+00 -0.159805D+01  0.199872D+01
      2  -0.408836D+00  0.127043D+01  0.738028D+00  0.199872D+01  0.785999D+00
      3   0.696567D+00  0.738028D+00 -0.103286D+00  0.197324D+01 -0.614552D+00
                66            67            68            69            70 
      1   0.197324D+01  0.889755D+00  0.115491D+01  0.144909D+00  0.576676D+00
      2  -0.614552D+00  0.115491D+01 -0.347443D+01 -0.142440D+01  0.290732D+00
      3  -0.158702D+01  0.144909D+00 -0.142440D+01 -0.233027D+01 -0.540084D+00
                71            72            73            74            75 
      1   0.290732D+00 -0.540084D+00 -0.227562D+00  0.497993D+00  0.538657D+00
      2  -0.279130D+01 -0.685843D+00  0.497993D+00  0.366613D+01 -0.332764D-01
      3  -0.685843D+00  0.909717D+00  0.538657D+00 -0.332764D-01 -0.894860D+00
                76            77            78            79            80 
      1  -0.837800D+00  0.618949D+00  0.791984D+00  0.136081D+01 -0.274689D+00
      2   0.618949D+00  0.579445D+00  0.318337D+00 -0.274689D+00  0.663901D+00
      3   0.791984D+00  0.318337D+00  0.264119D+00 -0.150591D+00 -0.453311D+00
                81            82            83            84            85 
      1  -0.150591D+00  0.148709D+01  0.131158D+00 -0.460553D+00  0.287610D+01
      2  -0.453311D+00  0.131158D+00 -0.153243D+01 -0.213601D+01  0.192376D+00
      3  -0.482193D+00 -0.460553D+00 -0.213601D+01 -0.141571D+01 -0.893067D+00
                86            87            88            89            90 
      1   0.192376D+00 -0.893067D+00  0.212478D+01  0.697503D+00 -0.131184D+01
      2  -0.493091D+00 -0.255045D+00  0.697503D+00  0.100730D+00 -0.780570D+00
      3  -0.255045D+00 -0.155662D+01 -0.131184D+01 -0.780570D+00  0.657919D+00
                91            92            93            94            95 
      1  -0.651643D+00 -0.903965D-01 -0.317418D+00 -0.123032D+01 -0.124533D+00
      2  -0.903965D-01  0.810290D+00  0.103838D+01 -0.124533D+00  0.735487D+00
      3  -0.317418D+00  0.103838D+01  0.134519D+01  0.994543D+00  0.284879D+00
                96            97            98            99           100 
      1   0.994543D+00 -0.179824D+01 -0.400524D+00  0.120016D+01 -0.429907D+00
      2   0.284879D+00 -0.400524D+00 -0.476540D+00 -0.181501D+00 -0.369303D+00
      3  -0.298800D+00  0.120016D+01 -0.181501D+00 -0.193802D+01  0.519190D+00
               101           102           103           104           105 
      1  -0.369303D+00  0.519190D+00 -0.204786D+01  0.278340D+00 -0.313971D-01
      2   0.995391D+00  0.121784D+01  0.278340D+00 -0.388412D+00 -0.126027D+00
      3   0.121784D+01  0.819010D-01 -0.313971D-01 -0.126027D+00  0.140765D+01
               106           107           108           109           110 
      1  -0.642872D-01 -0.550352D+00 -0.146133D+00  0.218001D+00  0.200056D+01
      2  -0.550352D+00  0.922235D+00  0.900525D+00  0.200056D+01  0.466086D+01
      3  -0.146133D+00  0.900525D+00  0.773455D+00  0.101478D+01  0.381129D+01
               111           112           113           114           115 
      1   0.101478D+01 -0.958498D+00  0.154100D+01  0.131529D+01 -0.435459D+00
      2   0.381129D+01  0.154100D+01  0.457910D+01  0.200914D+01  0.234888D+01
      3   0.105459D+01  0.131529D+01  0.200914D+01  0.254032D+01  0.141303D+00
               116           117           118           119           120 
      1   0.234888D+01  0.141303D+00  0.863385D+00 -0.147640D+01 -0.330411D+00
      2   0.352531D+01  0.202912D+01 -0.147640D+01 -0.349741D+01 -0.203863D+01
      3   0.202912D+01 -0.809043D+00 -0.330411D+00 -0.203863D+01  0.796041D-01
               121           122           123           124           125 
      1   0.849888D+00 -0.551831D+00 -0.924805D+00  0.246276D+00 -0.153435D+01
      2  -0.551831D+00 -0.138100D+01  0.752647D-01 -0.153435D+01 -0.587332D+00
      3  -0.924805D+00  0.752647D-01 -0.182963D+01 -0.216934D+00 -0.251969D+01
               126           127           128           129           130 
      1  -0.216934D+00 -0.606478D+00 -0.167633D+00 -0.919226D-01  0.201830D+00
      2  -0.251969D+01 -0.167633D+00 -0.111676D+01 -0.204068D+01 -0.471120D+00
      3  -0.641509D-01 -0.919226D-01 -0.204068D+01 -0.149459D+01 -0.395241D+00
               131           132           133           134           135 
      1  -0.471120D+00 -0.395241D+00  0.681841D+00 -0.901902D+00 -0.140123D+00
      2  -0.181693D+01 -0.122850D+01 -0.901902D+00 -0.109623D+01  0.414533D+00
      3  -0.122850D+01 -0.594840D+00 -0.140123D+00  0.414533D+00  0.492712D+00
               136           137           138           139           140 
      1   0.275972D+01  0.567014D+00  0.465414D+00  0.136802D-01  0.996874D+00
      2   0.567014D+00 -0.738725D-01  0.165379D+01  0.996874D+00 -0.122304D+01
      3   0.465414D+00  0.165379D+01  0.123471D+01 -0.912673D+00  0.154986D+01
               141           142           143           144           145 
      1  -0.912673D+00 -0.848443D+00 -0.904088D+00  0.109227D+01 -0.110593D+01
      2   0.154986D+01 -0.904088D+00  0.516718D+00 -0.200324D+01 -0.382846D+00
      3  -0.336146D+01  0.109227D+01 -0.200324D+01 -0.551759D+00  0.544911D-01
               146           147           148           149           150 
      1  -0.382846D+00  0.544911D-01 -0.139081D+01 -0.784068D+00 -0.565243D+00
      2   0.274269D+00 -0.159098D+01 -0.784068D+00  0.293941D+00 -0.659678D+00
      3  -0.159098D+01 -0.135758D+01 -0.565243D+00 -0.659678D+00  0.128202D+01
               151           152           153           154           155 
      1   0.847002D+00  0.201728D+00 -0.138255D+01 -0.238867D+00  0.383675D+00
      2   0.201728D+00 -0.445628D+00  0.148988D+01  0.383675D+00  0.213009D-01
      3  -0.138255D+01  0.148988D+01 -0.202202D+00  0.193465D+00  0.392721D-01
               156           157           158           159           160 
      1   0.193465D+00  0.100875D+01 -0.867452D-01  0.124137D+01  0.489350D+00
      2   0.392721D-01 -0.867452D-01  0.606549D+00 -0.411063D+00  0.357020D+00
      3   0.569204D+00  0.124137D+01 -0.411063D+00  0.216445D+01  0.224453D+00
               161           162           163           164           165 
      1   0.357020D+00  0.224453D+00  0.100290D+01 -0.116256D+01 -0.199108D+01
      2  -0.107358D-02  0.460039D+00 -0.116256D+01  0.585534D+00 -0.234192D+01
      3   0.460039D+00  0.280082D+00 -0.199108D+01 -0.234192D+01  0.492514D+01
               166           167           168           169           170 
      1  -0.134782D+01  0.410427D+00 -0.229532D+01 -0.394603D+00 -0.895578D+00
      2   0.410427D+00 -0.437804D+00 -0.445913D+00 -0.895578D+00 -0.961946D+00
      3  -0.229532D+01 -0.445913D+00  0.473069D+01  0.248395D+01  0.304346D+01
               171           172           173           174           175 
