 Entering Gaussian System, Link 0=g16
 Input=FREE.INP
 Output=FREE.OUT
 Initial command:
 /usr/local/g16-A.03/sse4/g16/l1.exe "/scratch/zronyj/p2/cluster_554/Gau-15810.inp" -scrdir="/scratch/zronyj/p2/cluster_554/"
 Entering Link 1 = /usr/local/g16-A.03/sse4/g16/l1.exe PID=     15811.
  
 Copyright (c) 1988,1990,1992,1993,1995,1998,2003,2009,2016,
            Gaussian, Inc.  All Rights Reserved.
  
 This is part of the Gaussian(R) 16 program.  It is based on
 the Gaussian(R) 09 system (copyright 2009, Gaussian, Inc.),
 the Gaussian(R) 03 system (copyright 2003, Gaussian, Inc.),
 the Gaussian(R) 98 system (copyright 1998, Gaussian, Inc.),
 the Gaussian(R) 94 system (copyright 1995, Gaussian, Inc.),
 the Gaussian 92(TM) system (copyright 1992, Gaussian, Inc.),
 the Gaussian 90(TM) system (copyright 1990, Gaussian, Inc.),
 the Gaussian 88(TM) system (copyright 1988, Gaussian, Inc.),
 the Gaussian 86(TM) system (copyright 1986, Carnegie Mellon
 University), and the Gaussian 82(TM) system (copyright 1983,
 Carnegie Mellon University). Gaussian is a federally registered
 trademark of Gaussian, Inc.
  
 This software contains proprietary and confidential information,
 including trade secrets, belonging to Gaussian, Inc.
  
 This software is provided under written license and may be
 used, copied, transmitted, or stored only in accord with that
 written license.
  
 The following legend is applicable only to US Government
 contracts under FAR:
  
                    RESTRICTED RIGHTS LEGEND
  
 Use, reproduction and disclosure by the US Government is
 subject to restrictions as set forth in subparagraphs (a)
 and (c) of the Commercial Computer Software - Restricted
 Rights clause in FAR 52.227-19.
  
 Gaussian, Inc.
 340 Quinnipiac St., Bldg. 40, Wallingford CT 06492
  
  
 ---------------------------------------------------------------
 Warning -- This program may not be used in any manner that
 competes with the business of Gaussian, Inc. or will provide
 assistance to any competitor of Gaussian, Inc.  The licensee
 of this program is prohibited from giving any competitor of
 Gaussian, Inc. access to this program.  By using this program,
 the user acknowledges that Gaussian, Inc. is engaged in the
 business of creating and licensing software in the field of
 computational chemistry and represents and warrants to the
 licensee that it is not a competitor of Gaussian, Inc. and that
 it will not use this program in any manner prohibited above.
 ---------------------------------------------------------------
  

 Cite this work as:
 Gaussian 16, Revision A.03,
 M. J. Frisch, G. W. Trucks, H. B. Schlegel, G. E. Scuseria, 
 M. A. Robb, J. R. Cheeseman, G. Scalmani, V. Barone, 
 G. A. Petersson, H. Nakatsuji, X. Li, M. Caricato, A. V. Marenich, 
 J. Bloino, B. G. Janesko, R. Gomperts, B. Mennucci, H. P. Hratchian, 
 J. V. Ortiz, A. F. Izmaylov, J. L. Sonnenberg, D. Williams-Young, 
 F. Ding, F. Lipparini, F. Egidi, J. Goings, B. Peng, A. Petrone, 
 T. Henderson, D. Ranasinghe, V. G. Zakrzewski, J. Gao, N. Rega, 
 G. Zheng, W. Liang, M. Hada, M. Ehara, K. Toyota, R. Fukuda, 
 J. Hasegawa, M. Ishida, T. Nakajima, Y. Honda, O. Kitao, H. Nakai, 
 T. Vreven, K. Throssell, J. A. Montgomery, Jr., J. E. Peralta, 
 F. Ogliaro, M. J. Bearpark, J. J. Heyd, E. N. Brothers, K. N. Kudin, 
 V. N. Staroverov, T. A. Keith, R. Kobayashi, J. Normand, 
 K. Raghavachari, A. P. Rendell, J. C. Burant, S. S. Iyengar, 
 J. Tomasi, M. Cossi, J. M. Millam, M. Klene, C. Adamo, R. Cammi, 
 J. W. Ochterski, R. L. Martin, K. Morokuma, O. Farkas, 
 J. B. Foresman, and D. J. Fox, Gaussian, Inc., Wallingford CT, 2016.
 
 ******************************************
 Gaussian 16:  ES64L-G16RevA.03 25-Dec-2016
                24-Aug-2023 
 ******************************************
 %chk=cluster_554.chk
 %mem=6GB
 %nproc=8
 Will use up to    8 processors via shared memory.
 ----------------------------------------------------------------------
 #b3lyp/6-311++G** scrf=(cpcm,Solvent=Water) nosymm freq=roa scf=(xqc,c
 onver=8) iop(2/11=1) geom=checkpoint guess=checkpoint
 ----------------------------------------------------------------------
 1/10=4,29=2,30=1,38=1,83=21/1,3;
 2/11=1,12=2,15=1,40=1/2;
 3/5=4,6=6,7=1111,11=2,14=-4,25=1,30=1,36=2,70=2101,71=2,72=1,74=-5,116=-2,140=1/1,2,3;
 4/5=1/1;
 5/5=2,6=8,8=3,13=1,38=6,53=1,98=1/2,8;
 8/6=4,10=90,11=11/1;
 10/13=10,15=4,31=1,49=111,72=3/2;
 11/6=3,8=1,9=11,15=111,16=1,31=1/1,2,10;
 10/6=1,31=1,49=111/2;
 6/7=2,8=2,9=2,10=2,28=1/1;
 7/8=1,10=1,25=1,30=1/1,2,3,16;
 1/10=4,30=1/3;
 99//99;
 ---------------
 ROA cluster_554
 ---------------
 Structure from the checkpoint file:  "cluster_554.chk"
 Charge =  0 Multiplicity = 1
 No Z-Matrix found in chk file; cartesian coordinates used.
  O                                                20.029870550000     20.510572300000     14.957381220000
  H                                                19.851369490000     19.595214200000     14.705818150000
  H                                                20.421307130000     20.400265060000     15.845447980000
  O                                                18.417030790000     18.048913830000     19.554974020000
  H                                                18.352862970000     18.961868660000     19.208547630000
  H                                                19.358075640000     17.973778200000     19.769363860000
  O                                                18.503607610000     20.664027370000     18.885721500000
  H                                                18.148971190000     21.013880220000     18.056303600000
  H                                                17.984958750000     21.102504500000     19.573915050000
  O                                                20.398488880000     23.823770320000     20.150502540000
  H                                                20.350399490000     22.907715630000     19.845729800000
  H                                                20.323706550000     23.742306220000     21.109516580000
  O                                                17.730888900000     24.221747800000     15.080173910000
  H                                                17.777212690000     23.257657890000     15.027166950000
  H                                                17.993844090000     24.499304340000     14.194752900000
  O                                                23.630510410000     20.595039410000     18.885689320000
  H                                                23.754545140000     20.527392210000     19.845289890000
  H                                                24.131461810000     21.376915830000     18.637349060000
  O                                                22.465483800000     17.472719070000     19.807022680000
  H                                                23.352668960000     17.856365930000     19.825624230000
  H                                                22.581477980000     16.595629000000     20.196959790000
  O                                                24.289003550000     18.094159340000     16.047849770000
  H                                                23.507104470000     18.641571420000     16.230282220000
  H                                                24.606568520000     18.404740640000     15.192949150000
  O                                                21.615827750000     19.294512290000     17.323991030000
  H                                                21.633211070000     18.461342640000     17.824464820000
  H                                                22.193501680000     19.872304360000     17.862196050000
  O                                                23.177271420000     24.379816130000     17.313627870000
  H                                                22.487422670000     24.988558470000     17.018468210000
  H                                                22.754380060000     23.923600530000     18.054065390000
 Recover connectivity data from disk.
 Using perturbation frequencies:    0.085645

 GradGradGradGradGradGradGradGradGradGradGradGradGradGradGradGradGradGrad
 Berny optimization.
 Initialization pass.
 Trust Radius=3.00D-01 FncErr=1.00D-07 GrdErr=1.00D-07 EigMax=2.50D+02 EigMin=1.00D-04
 Number of steps in this run=      2 maximum allowed number of steps=      2.
 GradGradGradGradGradGradGradGradGradGradGradGradGradGradGradGradGradGrad

                          Input orientation:                          
 ---------------------------------------------------------------------
 Center     Atomic      Atomic             Coordinates (Angstroms)
 Number     Number       Type             X           Y           Z
 ---------------------------------------------------------------------
      1          8           0       20.029871   20.510572   14.957381
      2          1           0       19.851369   19.595214   14.705818
      3          1           0       20.421307   20.400265   15.845448
      4          8           0       18.417031   18.048914   19.554974
      5          1           0       18.352863   18.961869   19.208548
      6          1           0       19.358076   17.973778   19.769364
      7          8           0       18.503608   20.664027   18.885722
      8          1           0       18.148971   21.013880   18.056304
      9          1           0       17.984959   21.102504   19.573915
     10          8           0       20.398489   23.823770   20.150503
     11          1           0       20.350399   22.907716   19.845730
     12          1           0       20.323707   23.742306   21.109517
     13          8           0       17.730889   24.221748   15.080174
     14          1           0       17.777213   23.257658   15.027167
     15          1           0       17.993844   24.499304   14.194753
     16          8           0       23.630510   20.595039   18.885689
     17          1           0       23.754545   20.527392   19.845290
     18          1           0       24.131462   21.376916   18.637349
     19          8           0       22.465484   17.472719   19.807023
     20          1           0       23.352669   17.856366   19.825624
     21          1           0       22.581478   16.595629   20.196960
     22          8           0       24.289004   18.094159   16.047850
     23          1           0       23.507104   18.641571   16.230282
     24          1           0       24.606569   18.404741   15.192949
     25          8           0       21.615828   19.294512   17.323991
     26          1           0       21.633211   18.461343   17.824465
     27          1           0       22.193502   19.872304   17.862196
     28          8           0       23.177271   24.379816   17.313628
     29          1           0       22.487423   24.988558   17.018468
     30          1           0       22.754380   23.923601   18.054065
 ---------------------------------------------------------------------
                    Distance matrix (angstroms):
                    1          2          3          4          5
     1  O    0.000000
     2  H    0.965933   0.000000
     3  H    0.976756   1.507213   0.000000
     4  O    5.458834   5.287976   4.827687   0.000000
     5  H    4.825272   4.787611   4.202129   0.978578   0.000000
     6  H    5.481041   5.339652   4.734492   0.968077   1.517000
     7  O    4.217213   4.520002   3.604220   2.700780   1.739047
     8  H    3.659839   4.017029   3.229229   3.333001   2.362200
     9  H    5.083742   5.427134   4.508925   3.084066   2.202537
    10  O    6.171035   6.915534   5.500400   6.134313   5.358167
    11  H    5.453896   6.135176   4.721715   5.237405   4.468318
    12  H    6.955517   7.643875   6.236119   6.202155   5.509128
    13  O    4.367290   5.103077   4.735792   7.654966   6.715404
    14  H    3.553283   4.221242   3.978129   6.931192   6.022385
    15  H    4.542795   5.268936   5.041775   8.397535   7.478651
    16  O    5.329479   5.723013   4.424928   5.840468   5.533990
    17  H    6.145334   6.520576   5.208202   5.892045   5.659901
    18  H    5.578151   6.078699   4.744872   6.676253   6.288953
    19  O    6.219308   6.112354   5.333222   4.097011   4.414679
    20  H    6.464177   6.441669   5.559326   4.946802   5.157614
    21  H    7.020731   6.826686   6.170677   4.457219   4.945426
    22  O    5.016810   4.873070   4.507568   6.839739   6.780907
    23  H    4.147842   4.074043   3.572569   6.108492   5.961448
    24  H    5.043430   4.926098   4.682338   7.580518   7.452802
    25  O    3.097564   3.171524   2.199013   4.094033   3.782743
    26  H    3.871719   3.766508   3.024010   3.675401   3.595399
    27  H    3.677857   3.940188   2.736181   4.522387   4.170379
    28  O    5.516256   6.383942   5.058430   8.231880   7.497986
    29  H    5.508176   6.433140   5.166938   8.435675   7.629680
    30  H    5.353612   6.194607   4.768135   7.455016   6.732382
                    6          7          8          9         10
     6  H    0.000000
     7  O    2.957766   0.000000
     8  H    3.693065   0.967522   0.000000
     9  H    3.422364   0.966886   1.529019   0.000000
    10  O    5.954002   3.895410   4.164310   3.682780   0.000000
    11  H    5.033317   3.060456   3.411004   2.987973   0.966621
    12  H    6.000364   4.211155   4.636366   3.846605   0.965369
    13  O    7.979559   5.266561   4.395743   5.476125   5.743057
    14  H    7.273716   4.705636   3.787930   5.035947   5.782745
    15  H    8.690219   6.080657   5.204212   6.361895   6.458298
    16  O    5.089753   5.127367   5.559728   5.709941   4.740297
    17  H    5.084845   5.339643   5.904202   5.804526   4.714062
    18  H    5.970596   5.678260   6.021595   6.223500   4.712941
    19  O    3.147771   5.170078   5.851249   5.771030   6.687772
    20  H    3.996714   5.681529   6.338680   6.277984   6.666531
    21  H    3.531636   5.907642   6.614414   6.467465   7.550737
    22  O    6.178852   6.937474   7.089334   7.824593   8.049615
    23  H    5.494132   6.014704   6.137735   6.908702   7.203250
    24  H    6.976817   7.482451   7.530403   8.385494   8.464700
    25  O    3.580731   3.741723   3.938477   4.638341   5.475880
    26  H    3.032588   3.971461   4.325405   4.831776   5.974163
    27  H    3.909134   3.910211   4.207030   4.706932   4.906373
    28  O    7.852020   6.174277   6.096302   6.542918   4.009823
    29  H    8.158884   6.169197   5.974724   6.473323   3.940814
    30  H    7.062402   5.420843   5.447593   5.745947   3.155192
                   11         12         13         14         15
    11  H    0.000000
    12  H    1.514731   0.000000
    13  O    5.594554   6.580695   0.000000
    14  H    5.473783   6.611694   0.966657   0.000000
    15  H    6.326140   7.335889   0.964445   1.510473   0.000000
    16  O    4.126654   5.077957   7.901930   7.499255   8.307838
    17  H    4.153811   4.868736   8.522853   8.148445   8.993905
    18  H    4.254405   5.119149   7.855819   7.546329   8.194896
    19  O    5.832175   6.752142   9.503098   8.848301  10.043208
    20  H    5.876237   6.742943   9.728402   9.126054  10.225084
    21  H    6.703992   7.550185  10.385923   9.705171  10.933479
    22  O    7.287443   8.558365   9.027325   8.372988   9.169999
    23  H    6.421545   7.743284   8.113309   7.455696   8.297738
    24  H    7.748556   9.046451   9.006956   8.379641   9.048106
    25  O    4.584290   5.981860   6.663716   5.976361   7.071121
    26  H    5.049886   6.355702   7.479406   6.760047   7.929488
    27  H    4.067573   5.386849   6.824384   6.245127   7.245439
    28  O    4.070605   4.791453   5.888666   5.970576   6.050585
    29  H    4.109767   4.792858   5.193226   5.398831   5.329633
    30  H    3.165629   3.908558   5.845373   5.863258   6.155358
                   16         17         18         19         20
    16  O    0.000000
    17  H    0.969945   0.000000
    18  H    0.961226   1.524099   0.000000
    19  O    3.457604   3.315746   4.402996   0.000000
    20  H    2.908781   2.701161   3.796418   0.966762   0.000000
    21  H    4.337647   4.118072   5.262655   0.966847   1.523838
    22  O    3.839446   4.541676   4.184115   4.224073   3.899339
    23  H    3.298856   4.084829   3.696742   3.904390   3.683325
    24  H    4.403002   5.184194   4.574215   5.171323   4.830596
    25  O    2.861681   3.528605   3.519905   3.194729   3.367945
    26  H    3.109351   3.585018   3.924615   2.366557   2.706875
    27  H    1.906536   2.607424   2.573015   3.100699   3.043473
    28  O    4.123268   4.645829   3.417620   7.377781   6.992588
    29  H    4.908785   5.431254   4.285744   8.016505   7.713426
    30  H    3.540978   3.967751   2.953333   6.691053   6.348835
                   21         22         23         24         25
    21  H    0.000000
    22  O    4.730365   0.000000
    23  H    4.558201   0.971755   0.000000
    24  H    5.693329   0.963412   1.530023   0.000000
    25  O    4.058374   3.196131   2.280232   3.778566   0.000000
    26  H    3.163673   3.216274   2.466856   3.971012   0.972084
    27  H    4.042060   3.293141   2.429691   3.886067   0.978374
    28  O    8.322388   6.507505   5.848921   6.499361   5.319636
    29  H    8.975128   7.191699   6.476514   7.153318   5.768465
    30  H    7.636823   6.353137   5.638494   6.486478   4.822631
                   26         27         28         29         30
    26  H    0.000000
    27  H    1.518605   0.000000
    28  O    6.137867   4.646116   0.000000
    29  H    6.632032   5.193681   0.966218   0.000000
    30  H    5.580860   4.094435   0.967066   1.509259   0.000000
 Symmetry turned off by external request.
 Stoichiometry    H20O10
 Framework group  C1[X(H20O10)]
 Deg. of freedom    84
 Full point group                 C1      NOp   1
 Rotational constants (GHZ):           0.3784693           0.2705647           0.2444388
 Standard basis: 6-311++G(d,p) (5D, 7F)
   360 basis functions,   540 primitive gaussians,   370 cartesian basis functions
    50 alpha electrons       50 beta electrons
       nuclear repulsion energy       573.6214624233 Hartrees.
 NAtoms=   30 NActive=   30 NUniq=   30 SFac= 1.00D+00 NAtFMM=   60 NAOKFM=F Big=F
 Integral buffers will be    131072 words long.
 Raffenetti 2 integral format.
 Two-electron integral symmetry is turned off.
 Force inversion solution in PCM.
 ------------------------------------------------------------------------------
 Polarizable Continuum Model (PCM)
 =================================
 Model                : C-PCM.
 Atomic radii         : UFF (Universal Force Field).
 Polarization charges : Total charges.
 Charge compensation  : None.
 Solution method      : Matrix inversion.
 Cavity type          : Scaled VdW (van der Waals Surface) (Alpha=1.100).
 Cavity algorithm     : GePol (No added spheres)
                        Default sphere list used, NSphG=   30.
                        Lebedev-Laikov grids with approx.  5.0 points / Ang**2.
                        Smoothing algorithm: York/Karplus (Gamma=1.0000).
                        Polarization charges: spherical gaussians, with
                                              point-specific exponents (IZeta= 3).
                        Self-potential: point-specific (ISelfS= 7).
                        Self-field    : sphere-specific E.n sum rule (ISelfD= 2).
 1st derivatives      : Analytical E(r).r(x)/FMM algorithm (CHGder, D1EAlg=3).
                        Cavity 1st derivative terms included.
 2nd derivatives      : Analytical E(r).r(xy)/FMM algorithm (CHGder, D2EAlg=3).
                        Cavity 2nd derivative terms included.
 Solvent              : Water, Eps=  78.355300 Eps(inf)=   1.777849
 ------------------------------------------------------------------------------
 Separa: There are  2 disjoint cavities,
 One-electron integrals computed using PRISM.
 NBasis=   360 RedAO= T EigKep=  4.60D-04  NBF=   360
 NBsUse=   360 1.00D-06 EigRej= -1.00D+00 NBFU=   360
 Initial guess from the checkpoint file:  "cluster_554.chk"
 B after Tr=     0.000000    0.000000    0.000000
         Rot=    1.000000    0.000000    0.000000    0.000000 Ang=   0.00 deg.
 Requested convergence on RMS density matrix=1.00D-08 within  32 cycles.
 Requested convergence on MAX density matrix=1.00D-06.
 Requested convergence on             energy=1.00D-06.
 No special actions if energy rises.
 Inv3:  Mode=1 IEnd=    34945707.
 Iteration    1 A*A^-1 deviation from unit magnitude is 1.29D-14 for   1697.
 Iteration    1 A*A^-1 deviation from orthogonality  is 3.54D-15 for   1955    962.
 Iteration    1 A^-1*A deviation from unit magnitude is 1.29D-14 for   1697.
 Iteration    1 A^-1*A deviation from orthogonality  is 2.56D-15 for   3235    828.
 Error on total polarization charges =  0.01766
 SCF Done:  E(RB3LYP) =  -764.686426080     A.U. after   10 cycles
            NFock= 10  Conv=0.18D-08     -V/T= 2.0035
 QCSCF skips out because SCF is already converged.
 DoSCS=F DFT=T ScalE2(SS,OS)=  1.000000  1.000000
 Range of M.O.s used for correlation:     1   360
 NBasis=   360 NAE=    50 NBE=    50 NFC=     0 NFV=     0
 NROrb=    360 NOA=    50 NOB=    50 NVA=   310 NVB=   310

 **** Warning!!: The largest alpha MO coefficient is  0.15031646D+02

 NEqPCM:  Using non-equilibrium solvation (IEInf=1, Eps=  78.3553, EpsInf=   1.7778)
 Inv3:  Mode=1 IEnd=    34945707.
 Iteration    1 A*A^-1 deviation from unit magnitude is 1.29D-14 for   1697.
 Iteration    1 A*A^-1 deviation from orthogonality  is 3.54D-15 for   1955    962.
 Iteration    1 A^-1*A deviation from unit magnitude is 1.29D-14 for   1697.
 Iteration    1 A^-1*A deviation from orthogonality  is 2.56D-15 for   3235    828.
          Differentiating once with respect to electric field.
                with respect to dipole field.
                with respect to quadrupole field.
          Differentiating once with respect to magnetic field using GIAOs.
          Electric field/nuclear overlap derivatives assumed to be zero.
 FoFJK:  IHMeth= 1 ICntrl=    6127 DoSepK=F KAlg= 0 I1Cent=           0 FoldK=F
 IRaf=         1 NMat=       1 IRICut=       1 DoRegI=T DoRafI=F ISym2E= 0 IDoP0=0 IntGTp=1.
 CalDSu exits because no D1Ps are significant.
          There are    12 degrees of freedom in the 1st order CPHF.  IDoFFX=0 NUNeed=    12.
     11 vectors produced by pass  0 Test12= 2.58D-13 8.33D-09 XBig12= 1.00D+00 1.46D-01.
 AX will form    11 AO Fock derivatives at one time.
     11 vectors produced by pass  1 Test12= 2.58D-13 8.33D-09 XBig12= 1.06D-01 4.39D-02.
     11 vectors produced by pass  2 Test12= 2.58D-13 8.33D-09 XBig12= 3.35D-02 2.80D-02.
     11 vectors produced by pass  3 Test12= 2.58D-13 8.33D-09 XBig12= 2.00D-03 6.88D-03.
     11 vectors produced by pass  4 Test12= 2.58D-13 8.33D-09 XBig12= 5.51D-05 8.80D-04.
     11 vectors produced by pass  5 Test12= 2.58D-13 8.33D-09 XBig12= 2.00D-06 1.67D-04.
     11 vectors produced by pass  6 Test12= 2.58D-13 8.33D-09 XBig12= 5.23D-08 2.45D-05.
     11 vectors produced by pass  7 Test12= 2.58D-13 8.33D-09 XBig12= 7.38D-10 2.80D-06.
     11 vectors produced by pass  8 Test12= 2.58D-13 8.33D-09 XBig12= 1.12D-11 3.19D-07.
      8 vectors produced by pass  9 Test12= 2.58D-13 8.33D-09 XBig12= 1.94D-13 3.65D-08.
 InvSVY:  IOpt=1 It=  1 EMax= 5.12D-13
 Solved reduced A of dimension   107 with    12 vectors.
 Isotropic polarizability for W=    0.085645       90.67 Bohr**3.
 Dipole-magnetic dipole polarizability for W=    0.085645:
                 1             2             3 
      1  -0.224134D+02  0.158080D+04 -0.178299D+04
      2  -0.150733D+04 -0.169288D+02  0.178875D+04
      3   0.176315D+04 -0.183172D+04  0.391693D+02
 DQ contribution to OR G for W=    0.085645:
                 1             2             3 
      1  -0.448104D+02  0.516383D+04 -0.589962D+04
      2  -0.501394D+04 -0.338578D+02  0.596205D+04
      3   0.586115D+04 -0.604771D+04  0.786682D+02
 Optical Rotation G' tensor for W=    0.085645:
                 1             2             3 
      1  -0.823631D-01  0.370636D+00  0.151844D+00
      2   0.370636D+00 -0.864692D-01  0.359938D-01
      3   0.151844D+00  0.359938D-01 -0.407128D-02
 OR G Eigenvalues:    -0.4701    -0.0419     0.3391  Iso=     0.0576
 Eigenvectors:
   (1)   0.715712  -0.674505  -0.181108
   (2)  -0.135192  -0.388219   0.911597
   (3)   0.685186   0.627956   0.369041
 w=    0.085645 a.u., Optical Rotation Beta=      0.0576 au.
 Molar Mass =    180.1520 grams/mole, [Alpha] ( 5320.0 A) =       15.17 deg.
 End of Minotr F.D. properties on file   721 Mask=       B NFrqRd=     1 NDeriv=     1 ND12= 1 LenFil=      39:
 Frequencies=    0.085645
 Property number 1 -- Alpha(-w,w) frequency  1    0.085645:
                 1             2             3 
      1   0.899318D+02 -0.813208D+00  0.447171D+00
      2  -0.813208D+00  0.918257D+02 -0.156508D+01
      3   0.447171D+00 -0.156508D+01  0.902412D+02
 Property number 2 -- FD Optical Rotation Tensor frequency  1    0.085645:
                 1             2             3 
      1  -0.224134D+02  0.158080D+04 -0.178299D+04
      2  -0.150733D+04 -0.169288D+02  0.178875D+04
      3   0.176315D+04 -0.183172D+04  0.391693D+02
 Property number 4 -- D-Q polarizability frequency  1    0.085645:
                 1             2             3 
      1   0.478676D+04 -0.238443D+04 -0.196993D+04
      2  -0.243492D+04  0.481929D+04 -0.211968D+04
      3  -0.235185D+04 -0.243486D+04  0.408961D+04
      4   0.347672D+04  0.361279D+04 -0.341095D+02
      5   0.304400D+04 -0.789199D+02  0.361021D+04
      6  -0.251707D+00  0.304416D+04  0.346475D+04
 End of Minotr F.D. properties file   722 does not exist.
 End of Minotr F.D. properties file   788 does not exist.
 Symmetrizing basis deriv contribution to polar:
 IMax=3 JMax=2 DiffMx= 0.00D+00
 G2DrvN: will do    31 centers at a time, making    1 passes.
 PxScal for G2LodP:  IOpCl= 0 ISclPx=1 IMOff=     1 NMtTot=    25 NTT=   64980 ScalPx= 2.13D+02
 Calling FoFCou, ICntrl=  3107 FMM=F I1Cent=   0 AccDes= 0.00D+00.
 PxScal for G2LodP:  IOpCl= 0 ISclPx=0 IMOff=     1 NMtTot=    25 NTT=   64980 ScalPx= 1.00D+00
 NEqPCM:  Using non-equilibrium solvation (IEInf=1, Eps=  78.3553, EpsInf=   1.7778)
 G2PCM: DoFxE=T DoFxN=T DoGrad=T DoDP/DQ/DG/TGxP=TTTF NFrqRd=   1 IEInf=1 SqF1=F DoCFld=F IF1Alg=4.
 End of G2Drv F.D. properties on file   721 Mask=       B NFrqRd=     1 NDeriv=     1 ND12= 1 LenFil=      39:
 Frequencies=    0.085645
 Property number 1 -- Alpha(-w,w) frequency  1    0.085645:
                 1             2             3 
      1   0.899318D+02 -0.813208D+00  0.447171D+00
      2  -0.813208D+00  0.918257D+02 -0.156508D+01
      3   0.447171D+00 -0.156508D+01  0.902412D+02
 Property number 2 -- FD Optical Rotation Tensor frequency  1    0.085645:
                 1             2             3 
      1  -0.224134D+02  0.158080D+04 -0.178299D+04
      2  -0.150733D+04 -0.169288D+02  0.178875D+04
      3   0.176315D+04 -0.183172D+04  0.391693D+02
 Property number 4 -- D-Q polarizability frequency  1    0.085645:
                 1             2             3 
      1   0.478676D+04 -0.238443D+04 -0.196993D+04
      2  -0.243492D+04  0.481929D+04 -0.211968D+04
      3  -0.235185D+04 -0.243486D+04  0.408961D+04
      4   0.347672D+04  0.361279D+04 -0.341095D+02
      5   0.304400D+04 -0.789199D+02  0.361021D+04
      6  -0.251707D+00  0.304416D+04  0.346475D+04
 End of G2Drv F.D. properties on file   722 Mask=       B NFrqRd=     1 NDeriv=    90 ND12= 1 LenFil=    3243:
 Frequencies=    0.085645
 Property number 1 -- Alpha(-w,w) derivatives, frequency  1    0.085645:
                 1             2             3             4             5 
      1   0.234298D+01 -0.577860D+00  0.210522D+01 -0.157376D+01 -0.875438D-01
      2  -0.577860D+00  0.288757D+00 -0.117167D+00 -0.875438D-01  0.373273D+00
      3   0.210522D+01 -0.117167D+00 -0.251997D+01  0.178183D+00 -0.114104D+00
                 6             7             8             9            10 
      1   0.178183D+00 -0.272503D+00  0.805852D-01 -0.175884D+01 -0.772350D+00
      2  -0.114104D+00  0.805852D-01  0.503938D+00 -0.495516D-01  0.125911D+00
      3  -0.442286D+00 -0.175884D+01 -0.495516D-01 -0.164459D+01 -0.105854D+01
                11            12            13            14            15 
      1   0.125911D+00 -0.105854D+01  0.127590D+01  0.254991D+00 -0.145923D+00
      2  -0.250950D+00 -0.227000D-01  0.254991D+00 -0.358138D+00  0.590702D+00
      3  -0.227000D-01  0.114667D+01 -0.145923D+00  0.590702D+00  0.927808D+00
                16            17            18            19            20 
      1   0.704225D+00 -0.968321D-01  0.277183D+00 -0.178355D+01  0.567966D+00
      2  -0.968321D-01 -0.472767D+00  0.340100D-01  0.567966D+00 -0.902541D-01
      3   0.277183D+00  0.340100D-01 -0.512198D+00 -0.125612D+01  0.796069D-01
                21            22            23            24            25 
      1  -0.125612D+01  0.436999D+00 -0.318983D+00  0.423928D-01 -0.649099D+00
      2   0.796069D-01 -0.318983D+00  0.783256D-01 -0.613537D+00  0.497437D-01
      3   0.140164D+01  0.423928D-01 -0.613537D+00 -0.665228D+00  0.142573D+01
                26            27            28            29            30 
      1   0.497437D-01  0.142573D+01 -0.152553D+01 -0.719994D+00 -0.899436D+00
      2  -0.127464D+00 -0.966798D-01 -0.719994D+00 -0.505328D-01 -0.116630D+00
      3  -0.966798D-01  0.224292D+01 -0.899436D+00 -0.116630D+00  0.187404D+01
                31            32            33            34            35 
      1  -0.372376D+00  0.574790D+00  0.945829D+00 -0.117303D+01  0.209036D+00
      2   0.574790D+00 -0.138478D+01  0.221416D+01  0.209036D+00  0.310484D+01
      3   0.945829D+00  0.221416D+01 -0.258021D+00  0.228101D+01  0.152479D+01
                36            37            38            39            40 
      1   0.228101D+01 -0.888931D+00  0.580162D-01  0.389148D+00  0.993436D+00
      2   0.152479D+01  0.580162D-01 -0.802506D-01  0.486913D-01 -0.920324D+00
      3  -0.233077D+01  0.389148D+00  0.486913D-01  0.155589D+00 -0.174786D+00
                41            42            43            44            45 
      1  -0.920324D+00 -0.174786D+00 -0.504230D-01 -0.431242D+00 -0.119981D+01
      2   0.105822D+01 -0.199142D+01 -0.431242D+00 -0.225217D+01 -0.315124D+00
      3  -0.199142D+01 -0.273850D+00 -0.119981D+01 -0.315124D+00  0.170437D+01
                46            47            48            49            50 
      1   0.202314D+01  0.699215D+00  0.629516D+00  0.108233D+00 -0.993465D-01
      2   0.699215D+00 -0.478741D-01  0.185799D-01 -0.993465D-01 -0.426968D+00
      3   0.629516D+00  0.185799D-01 -0.195386D+01 -0.545182D+00 -0.285307D+00
                51            52            53            54            55 
      1  -0.545182D+00  0.964942D+00  0.182161D+00 -0.117905D+01  0.109717D+01
      2  -0.285307D+00  0.182161D+00 -0.920396D+00 -0.113590D+01  0.798132D-01
      3   0.509593D+00 -0.117905D+01 -0.113590D+01  0.797535D+00 -0.392193D+00
                56            57            58            59            60 
      1   0.798132D-01 -0.392193D+00  0.174793D+01  0.510944D+00 -0.108917D+00
      2  -0.811235D+00 -0.977054D-01  0.510944D+00  0.106121D+01  0.132603D+00
      3  -0.977054D-01  0.333590D+00 -0.108917D+00  0.132603D+00 -0.607609D+00
                61            62            63            64            65 
      1   0.232453D+00  0.921706D-01 -0.897904D-01 -0.521078D+00 -0.498890D-01
      2   0.921706D-01  0.761486D-01 -0.947600D-01 -0.498890D-01  0.476712D+00
      3  -0.897904D-01 -0.947600D-01  0.448868D+00  0.370324D+00 -0.712233D-01
                66            67            68            69            70 
      1   0.370324D+00 -0.105444D+01 -0.143103D+00 -0.227203D+00  0.110909D+01
      2  -0.712233D-01 -0.143103D+00 -0.187398D+00  0.543485D-01  0.156289D+00
      3  -0.282166D+00 -0.227203D+00  0.543485D-01  0.341610D+00  0.112015D+00
                71            72            73            74            75 
      1   0.156289D+00  0.112015D+00 -0.198554D+00 -0.804425D-01 -0.862307D-02
      2   0.211500D+00  0.266281D-01 -0.804425D-01  0.495794D+00  0.204228D+00
      3   0.266281D-01 -0.566216D+00 -0.862307D-02  0.204228D+00 -0.107384D+00
                76            77            78            79            80 
      1  -0.146094D+01  0.105633D-01  0.189363D+00 -0.109900D+01 -0.158796D+00
      2   0.105633D-01 -0.511804D-01 -0.608025D-01 -0.158796D+00 -0.132157D+00
      3   0.189363D+00 -0.608025D-01  0.185576D+00 -0.119034D-01 -0.218791D-01
                81            82            83            84            85 
      1  -0.119034D-01  0.558767D+00 -0.213379D+01 -0.131664D+01 -0.120239D+01
      2  -0.218791D-01 -0.213379D+01  0.162576D+00 -0.240516D+00  0.432984D-01
      3  -0.116819D+00 -0.131664D+01 -0.240516D+00 -0.223032D+00 -0.206904D+00
                86            87            88            89            90 
      1   0.432984D-01 -0.206904D+00  0.103673D+01 -0.331772D+00 -0.115219D+00
      2   0.146826D+01  0.102470D+01 -0.331772D+00  0.931163D+00  0.432525D+00
      3   0.102470D+01  0.362656D-01 -0.115219D+00  0.432525D+00  0.206422D-01
                91            92            93            94            95 
      1  -0.439758D+00  0.112352D+01  0.644935D+00  0.988074D+00  0.118251D-01
      2   0.112352D+01 -0.122213D+00  0.147396D+00  0.118251D-01 -0.192351D+01
      3   0.644935D+00  0.147396D+00  0.213510D+00  0.272092D+00 -0.109113D+01
                96            97            98            99           100 
      1   0.272092D+00  0.125572D+00  0.705587D-01  0.101143D+00 -0.187494D+00
      2  -0.109113D+01  0.705587D-01 -0.585511D+00  0.285096D+00  0.992988D+00
      3  -0.310052D+00  0.101143D+00  0.285096D+00  0.277507D+00  0.629888D+00
               101           102           103           104           105 
      1   0.992988D+00  0.629888D+00  0.242097D+00 -0.104147D+00 -0.898287D-01
      2  -0.122378D+00  0.663914D-01 -0.104147D+00  0.336885D+00  0.534621D-01
      3   0.663914D-01  0.105128D+00 -0.898287D-01  0.534621D-01  0.423621D+00
               106           107           108           109           110 
      1  -0.117246D+01  0.236601D+00  0.294756D-01  0.256357D+01 -0.139545D+01
      2   0.236601D+00 -0.324512D+00 -0.602530D+00 -0.139545D+01 -0.458303D-03
      3   0.294756D-01 -0.602530D+00 -0.272510D+00  0.124978D+01 -0.478675D+00
               111           112           113           114           115 
      1   0.124978D+01 -0.812080D+00 -0.447615D+00 -0.877882D-01 -0.205861D+00
      2  -0.478675D+00 -0.447615D+00  0.165217D+01 -0.400888D+00 -0.426315D+00
      3   0.590887D+00 -0.877882D-01 -0.400888D+00 -0.521154D+00 -0.275072D+00
               116           117           118           119           120 
      1  -0.426315D+00 -0.275072D+00 -0.136272D+01  0.663581D+00 -0.530676D+00
      2  -0.214486D+00 -0.306554D+00  0.663581D+00  0.160447D+00  0.105963D+00
      3  -0.306554D+00 -0.173193D-01 -0.530676D+00  0.105963D+00 -0.181122D+00
               121           122           123           124           125 
      1   0.977267D+00  0.598321D+00  0.275910D+00 -0.150280D+00  0.221558D+00
      2   0.598321D+00 -0.165873D+01  0.282455D+00  0.221558D+00 -0.247617D+00
      3   0.275910D+00  0.282455D+00  0.189644D+00 -0.181376D+00  0.489075D+00
               126           127           128           129           130 
      1  -0.181376D+00 -0.123552D+01  0.740365D+00 -0.725188D+00 -0.164851D+00
      2   0.489075D+00  0.740365D+00 -0.121119D+00  0.370541D+00 -0.813805D-01
      3  -0.784353D-01 -0.725188D+00  0.370541D+00 -0.393127D+00 -0.188715D+00
               131           132           133           134           135 
      1  -0.813805D-01 -0.188715D+00  0.391140D+00  0.176596D+00  0.476402D+00
      2  -0.822647D-02  0.106751D+00  0.176596D+00  0.466956D+00 -0.167330D+00
      3   0.106751D+00  0.342797D+00  0.476402D+00 -0.167330D+00  0.760686D-01
               136           137           138           139           140 
      1  -0.996141D+00  0.557065D+00  0.922554D-01  0.263220D+01 -0.946453D+00
      2   0.557065D+00  0.496475D+00  0.780559D+00 -0.946453D+00 -0.184736D+00
      3   0.922554D-01  0.780559D+00 -0.146577D+00  0.479481D+00 -0.165009D-01
               141           142           143           144           145 
      1   0.479481D+00  0.126989D+01 -0.737531D+00  0.572216D+00  0.109425D+01
      2  -0.165009D-01 -0.737531D+00 -0.687115D-01  0.108661D+00 -0.746943D-01
      3  -0.506148D+00  0.572216D+00  0.108661D+00 -0.278670D+00  0.147920D+00
               146           147           148           149           150 
      1  -0.746943D-01  0.147920D+00 -0.881154D+00  0.284477D+00 -0.286809D+00
      2  -0.187520D+00 -0.384102D+00  0.284477D+00  0.170163D+00  0.110192D+00
      3  -0.384102D+00 -0.371271D-01 -0.286809D+00  0.110192D+00 -0.441945D-01
               151           152           153           154           155 
      1  -0.124183D+01  0.655040D+00 -0.538264D+00  0.162153D+00 -0.355555D+00
      2   0.655040D+00 -0.291287D+00 -0.368346D+00 -0.355555D+00 -0.602534D+00
      3  -0.538264D+00 -0.368346D+00 -0.330099D+00  0.137517D+00 -0.467859D+00
               156           157           158           159           160 
      1   0.137517D+00 -0.173566D+01  0.423779D+00 -0.168217D+00  0.148584D+00
      2  -0.467859D+00  0.423779D+00 -0.192623D+00 -0.333367D+00  0.367348D-01
      3   0.209002D+00 -0.168217D+00 -0.333367D+00  0.265593D+00  0.356710D-01
               161           162           163           164           165 
      1   0.367348D-01  0.356710D-01  0.311524D+00 -0.113315D+01  0.441180D+00
      2   0.934888D-01  0.599269D-01 -0.113315D+01 -0.366781D+00  0.553481D+00
      3   0.599269D-01  0.274152D+00  0.441180D+00  0.553481D+00  0.182165D+01
               166           167           168           169           170 
      1  -0.601149D-01 -0.623505D+00  0.179154D+00  0.302202D+00 -0.372887D+00
      2  -0.623505D+00 -0.407056D-01  0.458752D+00 -0.372887D+00  0.102783D+01
      3   0.179154D+00  0.458752D+00 -0.205656D+01  0.146810D+00  0.133592D+01
               171           172           173           174           175 
      1   0.146810D+00 -0.261232D+00  0.954303D+00 -0.374092D+00  0.288809D-01
      2   0.133592D+01  0.954303D+00  0.686978D+00 -0.787689D+00  0.597260D+00
      3  -0.174767D+01 -0.374092D+00 -0.787689D+00 -0.121541D+01 -0.212741D+00
               176           177           178           179           180 
      1   0.597260D+00 -0.212741D+00 -0.139308D+00  0.298367D+00 -0.129667D-01
      2  -0.617745D+00 -0.288936D+00  0.298367D+00 -0.744429D+00 -0.508531D+00
      3  -0.288936D+00  0.352543D+00 -0.129667D-01 -0.508531D+00  0.114289D+01
               181           182           183           184           185 
      1  -0.120484D+00  0.292929D+00 -0.121385D+00  0.337108D-01  0.393673D-01
      2   0.292929D+00 -0.532625D+00  0.373818D+00  0.393673D-01  0.835095D+00
      3  -0.121385D+00  0.373818D+00 -0.624578D+00 -0.389688D-01 -0.365803D+00
               186           187           188           189           190 
      1  -0.389688D-01 -0.296171D-01  0.110398D+00  0.603442D-01 -0.698658D+00
      2  -0.365803D+00  0.110398D+00 -0.756515D+00 -0.660911D+00 -0.183386D+01
      3   0.172867D+01  0.603442D-01 -0.660911D+00  0.650335D+00 -0.432301D+00
               191           192           193           194           195 
      1  -0.183386D+01 -0.432301D+00 -0.285524D+01  0.155175D+01  0.251132D+00
      2   0.242526D+01  0.143108D+01  0.155175D+01  0.111110D+01  0.148363D+01
      3   0.143108D+01  0.250994D+00  0.251132D+00  0.148363D+01  0.203222D+01
               196           197           198           199           200 
