 Entering Gaussian System, Link 0=g16
 Input=FREE.INP
 Output=FREE.OUT
 Initial command:
 /usr/local/g16-A.03/sse4/g16/l1.exe "/scratch/zronyj/cluster_414/Gau-14863.inp" -scrdir="/scratch/zronyj/cluster_414/"
 Entering Link 1 = /usr/local/g16-A.03/sse4/g16/l1.exe PID=     14864.
  
 Copyright (c) 1988,1990,1992,1993,1995,1998,2003,2009,2016,
            Gaussian, Inc.  All Rights Reserved.
  
 This is part of the Gaussian(R) 16 program.  It is based on
 the Gaussian(R) 09 system (copyright 2009, Gaussian, Inc.),
 the Gaussian(R) 03 system (copyright 2003, Gaussian, Inc.),
 the Gaussian(R) 98 system (copyright 1998, Gaussian, Inc.),
 the Gaussian(R) 94 system (copyright 1995, Gaussian, Inc.),
 the Gaussian 92(TM) system (copyright 1992, Gaussian, Inc.),
 the Gaussian 90(TM) system (copyright 1990, Gaussian, Inc.),
 the Gaussian 88(TM) system (copyright 1988, Gaussian, Inc.),
 the Gaussian 86(TM) system (copyright 1986, Carnegie Mellon
 University), and the Gaussian 82(TM) system (copyright 1983,
 Carnegie Mellon University). Gaussian is a federally registered
 trademark of Gaussian, Inc.
  
 This software contains proprietary and confidential information,
 including trade secrets, belonging to Gaussian, Inc.
  
 This software is provided under written license and may be
 used, copied, transmitted, or stored only in accord with that
 written license.
  
 The following legend is applicable only to US Government
 contracts under FAR:
  
                    RESTRICTED RIGHTS LEGEND
  
 Use, reproduction and disclosure by the US Government is
 subject to restrictions as set forth in subparagraphs (a)
 and (c) of the Commercial Computer Software - Restricted
 Rights clause in FAR 52.227-19.
  
 Gaussian, Inc.
 340 Quinnipiac St., Bldg. 40, Wallingford CT 06492
  
  
 ---------------------------------------------------------------
 Warning -- This program may not be used in any manner that
 competes with the business of Gaussian, Inc. or will provide
 assistance to any competitor of Gaussian, Inc.  The licensee
 of this program is prohibited from giving any competitor of
 Gaussian, Inc. access to this program.  By using this program,
 the user acknowledges that Gaussian, Inc. is engaged in the
 business of creating and licensing software in the field of
 computational chemistry and represents and warrants to the
 licensee that it is not a competitor of Gaussian, Inc. and that
 it will not use this program in any manner prohibited above.
 ---------------------------------------------------------------
  

 Cite this work as:
 Gaussian 16, Revision A.03,
 M. J. Frisch, G. W. Trucks, H. B. Schlegel, G. E. Scuseria, 
 M. A. Robb, J. R. Cheeseman, G. Scalmani, V. Barone, 
 G. A. Petersson, H. Nakatsuji, X. Li, M. Caricato, A. V. Marenich, 
 J. Bloino, B. G. Janesko, R. Gomperts, B. Mennucci, H. P. Hratchian, 
 J. V. Ortiz, A. F. Izmaylov, J. L. Sonnenberg, D. Williams-Young, 
 F. Ding, F. Lipparini, F. Egidi, J. Goings, B. Peng, A. Petrone, 
 T. Henderson, D. Ranasinghe, V. G. Zakrzewski, J. Gao, N. Rega, 
 G. Zheng, W. Liang, M. Hada, M. Ehara, K. Toyota, R. Fukuda, 
 J. Hasegawa, M. Ishida, T. Nakajima, Y. Honda, O. Kitao, H. Nakai, 
 T. Vreven, K. Throssell, J. A. Montgomery, Jr., J. E. Peralta, 
 F. Ogliaro, M. J. Bearpark, J. J. Heyd, E. N. Brothers, K. N. Kudin, 
 V. N. Staroverov, T. A. Keith, R. Kobayashi, J. Normand, 
 K. Raghavachari, A. P. Rendell, J. C. Burant, S. S. Iyengar, 
 J. Tomasi, M. Cossi, J. M. Millam, M. Klene, C. Adamo, R. Cammi, 
 J. W. Ochterski, R. L. Martin, K. Morokuma, O. Farkas, 
 J. B. Foresman, and D. J. Fox, Gaussian, Inc., Wallingford CT, 2016.
 
 ******************************************
 Gaussian 16:  ES64L-G16RevA.03 25-Dec-2016
                25-Aug-2023 
 ******************************************
 %chk=cluster_414.chk
 %mem=8GB
 %nproc=4
 Will use up to    4 processors via shared memory.
 ----------------------------------------------------------------------
 #b3lyp/6-311++G** scrf=(cpcm,Solvent=Water) nosymm freq=roa scf=(xqc,c
 onver=8) iop(2/11=1) geom=checkpoint guess=checkpoint
 ----------------------------------------------------------------------
 1/10=4,29=2,30=1,38=1,83=21/1,3;
 2/11=1,12=2,15=1,40=1/2;
 3/5=4,6=6,7=1111,11=2,14=-4,25=1,30=1,36=2,70=2101,71=2,72=1,74=-5,116=-2,140=1/1,2,3;
 4/5=1/1;
 5/5=2,6=8,8=3,13=1,38=6,53=1,98=1/2,8;
 8/6=4,10=90,11=11/1;
 10/13=10,15=4,31=1,49=111,72=3/2;
 11/6=3,8=1,9=11,15=111,16=1,31=1/1,2,10;
 10/6=1,31=1,49=111/2;
 6/7=2,8=2,9=2,10=2,28=1/1;
 7/8=1,10=1,25=1,30=1/1,2,3,16;
 1/10=4,30=1/3;
 99//99;
 ---------------
 ROA cluster_414
 ---------------
 Structure from the checkpoint file:  "cluster_414.chk"
 Charge =  0 Multiplicity = 1
 No Z-Matrix found in chk file; cartesian coordinates used.
  O                                                14.931025870000      4.521122060000     13.740876730000
  H                                                15.720880980000      4.642197420000     14.288650820000
  H                                                14.282681120000      4.180173860000     14.372330950000
  O                                                17.059506220000      5.722525180000     15.933932800000
  H                                                17.088770430000      6.563509920000     16.441894470000
  H                                                17.838308880000      5.242924390000     16.284169800000
  O                                                18.535956830000      6.947184840000     13.791799910000
  H                                                18.011321510000      6.492884140000     14.480354190000
  H                                                19.419837400000      7.024239760000     14.185402210000
  O                                                18.143266940000     10.448321030000     18.518570070000
  H                                                18.469212970000     10.747132190000     19.379054200000
  H                                                18.564436180000     11.037699620000     17.874251140000
  O                                                15.189433780000      8.848727500000     18.309965800000
  H                                                14.404473730000      8.971703700000     18.862199720000
  H                                                15.738644400000      9.636055070000     18.467785860000
  O                                                19.525315130000      4.291872870000     17.254410770000
  H                                                19.755238820000      3.722876560000     16.504804620000
  H                                                18.718542430000      3.891786920000     17.641065550000
  O                                                16.936459620000      3.985991250000     18.370468480000
  H                                                16.572861310000      3.212452330000     18.820828040000
  H                                                16.319217100000      4.189816150000     17.652382930000
  O                                                15.402728230000      8.604241620000     15.511289290000
  H                                                15.201990390000      8.795311010000     16.445739340000
  H                                                14.729885820000      7.954469250000     15.266423840000
  O                                                13.482673840000      6.141182530000     16.900216100000
  H                                                12.799755120000      6.612087160000     17.402509480000
  H                                                14.295296160000      6.614055250000     17.126185370000
  O                                                17.579745170000      7.638489200000     17.926299870000
  H                                                17.982221630000      8.525700690000     17.992471680000
  H                                                16.700310410000      7.772457380000     18.319997330000
  O                                                19.038521010000      5.201634250000     20.655604070000
  H                                                18.442865590000      5.549666170000     19.976100080000
  H                                                19.612362360000      4.615123190000     20.142289970000
 Recover connectivity data from disk.
 Using perturbation frequencies:    0.085645

 GradGradGradGradGradGradGradGradGradGradGradGradGradGradGradGradGradGrad
 Berny optimization.
 Initialization pass.
 Trust Radius=3.00D-01 FncErr=1.00D-07 GrdErr=1.00D-07 EigMax=2.50D+02 EigMin=1.00D-04
 Number of steps in this run=      2 maximum allowed number of steps=      2.
 GradGradGradGradGradGradGradGradGradGradGradGradGradGradGradGradGradGrad

                          Input orientation:                          
 ---------------------------------------------------------------------
 Center     Atomic      Atomic             Coordinates (Angstroms)
 Number     Number       Type             X           Y           Z
 ---------------------------------------------------------------------
      1          8           0       14.931026    4.521122   13.740877
      2          1           0       15.720881    4.642197   14.288651
      3          1           0       14.282681    4.180174   14.372331
      4          8           0       17.059506    5.722525   15.933933
      5          1           0       17.088770    6.563510   16.441894
      6          1           0       17.838309    5.242924   16.284170
      7          8           0       18.535957    6.947185   13.791800
      8          1           0       18.011322    6.492884   14.480354
      9          1           0       19.419837    7.024240   14.185402
     10          8           0       18.143267   10.448321   18.518570
     11          1           0       18.469213   10.747132   19.379054
     12          1           0       18.564436   11.037700   17.874251
     13          8           0       15.189434    8.848728   18.309966
     14          1           0       14.404474    8.971704   18.862200
     15          1           0       15.738644    9.636055   18.467786
     16          8           0       19.525315    4.291873   17.254411
     17          1           0       19.755239    3.722877   16.504805
     18          1           0       18.718542    3.891787   17.641066
     19          8           0       16.936460    3.985991   18.370468
     20          1           0       16.572861    3.212452   18.820828
     21          1           0       16.319217    4.189816   17.652383
     22          8           0       15.402728    8.604242   15.511289
     23          1           0       15.201990    8.795311   16.445739
     24          1           0       14.729886    7.954469   15.266424
     25          8           0       13.482674    6.141183   16.900216
     26          1           0       12.799755    6.612087   17.402509
     27          1           0       14.295296    6.614055   17.126185
     28          8           0       17.579745    7.638489   17.926300
     29          1           0       17.982222    8.525701   17.992472
     30          1           0       16.700310    7.772457   18.319997
     31          8           0       19.038521    5.201634   20.655604
     32          1           0       18.442866    5.549666   19.976100
     33          1           0       19.612362    4.615123   20.142290
 ---------------------------------------------------------------------
                    Distance matrix (angstroms):
                    1          2          3          4          5
     1  O    0.000000
     2  H    0.968807   0.000000
     3  H    0.967125   1.512907   0.000000
     4  O    3.283792   2.380332   3.539521   0.000000
     5  H    4.015309   3.193591   4.223449   0.982923   0.000000
     6  H    3.929584   2.970938   4.174572   0.979396   1.526640
     7  O    4.345561   3.672122   5.107222   2.875488   3.043773
     8  H    3.731339   2.950917   4.388970   1.900604   2.168808
     9  H    5.158743   4.400803   5.874864   3.212940   3.276874
    10  O    8.262962   7.580979   8.448970   5.494364   4.529492
    11  H    9.114330   8.410456   9.258470   6.253224   5.294830
    12  H    8.529492   7.864145   8.810365   5.854975   4.924186
    13  O    6.298533   5.843655   6.174347   4.349235   3.509899
    14  H    6.805357   6.433887   6.567535   5.116748   4.343124
    15  H    7.011309   6.511843   6.975616   4.845699   3.920154
    16  O    5.788348   4.836546   5.983650   3.141758   3.428887
    17  H    5.616896   4.693882   5.891133   3.404624   3.896564
    18  H    5.472917   4.559361   5.517668   3.003049   3.351458
    19  O    5.073583   4.309231   4.802640   2.994561   3.222763
    20  H    5.496740   4.828113   5.096130   3.856352   4.141868
    21  H    4.163739   3.446353   3.860869   2.418738   2.773431
    22  O    4.475347   4.158589   4.703627   3.350796   2.805949
    23  H    5.065412   4.708570   5.142338   3.626889   2.922480
    24  H    3.762396   3.592945   3.904446   3.294582   2.980073
    25  O    3.834546   3.751906   3.297843   3.728633   3.659556
    26  H    4.724617   4.702080   4.158756   4.592768   4.395542
    27  H    4.030488   3.737930   3.675276   3.139610   2.876510
    28  O    5.852475   5.066126   5.954937   2.812667   1.897392
    29  H    6.589575   5.823534   6.758374   3.598163   2.655699
    30  H    5.888115   5.197073   5.859480   3.166157   2.267096
    31  O    8.071435   7.201236   7.946126   5.146067   4.838552
    32  H    7.229726   6.370226   7.112304   4.275825   3.918171
    33  H    7.931068   7.029186   7.866836   5.045164   4.884430
                    6          7          8          9         10
     6  H    0.000000
     7  O    3.098891   0.000000
     8  H    2.201382   0.977619   0.000000
     9  H    3.174766   0.970621   1.534031   0.000000
    10  O    5.672892   5.895296   5.654209   5.668360   0.000000
    11  H    6.346074   6.757327   6.504272   6.460467   0.967451
    12  H    6.052689   5.779233   5.699107   5.517896   0.969483
    13  O    4.911436   5.935394   5.308387   6.183615   3.365612
    14  H    5.686937   6.846662   6.193098   7.128739   4.034483
    15  H    5.336325   6.076169   5.562751   6.221862   2.538615
    16  O    2.166069   4.474280   3.851236   4.110446   6.435061
    17  H    2.456389   4.386708   3.848713   4.048595   7.203146
    18  H    2.107498   4.917890   4.154030   4.716533   6.639962
    19  O    2.597278   5.682540   4.751087   5.736976   6.575715
    20  H    3.486948   6.564533   5.627621   6.642452   7.410488
    21  H    2.299714   5.236518   4.269556   5.446812   6.576194
    22  O    4.222304   3.939493   3.510757   4.515700   4.467093
    23  H    4.426707   4.644814   4.129921   5.102553   3.959820
    24  H    4.248597   4.204202   3.677221   4.901998   5.333566
    25  O    4.489759   5.987283   5.146657   6.587861   6.549171
    26  H    5.339692   6.786275   5.976088   7.371916   6.671986
    27  H    3.891263   5.404841   4.563327   5.922616   5.607781
    28  O    2.915849   4.299574   3.656940   4.213972   2.926345
    29  H    3.703461   4.521502   4.058098   4.337615   1.999796
    30  H    3.440664   4.955325   4.254282   5.005051   3.046605
    31  O    4.533393   7.100093   6.391884   6.732816   5.735514
    32  H    3.753655   6.340922   5.592773   6.054835   5.119665
    33  H    4.292609   6.850247   6.176312   6.428485   6.230642
                   11         12         13         14         15
    11  H    0.000000
    12  H    1.535555   0.000000
    13  O    3.937492   4.046244   0.000000
    14  H    4.465578   4.748649   0.967599   0.000000
    15  H    3.085597   3.209671   0.972843   1.541732   0.000000
    16  O    6.877488   6.842052   6.378008   7.121012   6.661189
    17  H    7.697749   7.536580   7.097854   7.857365   7.412962
    18  H    7.076618   7.151377   6.121544   6.775538   6.523793
    19  O    7.005684   7.254180   5.167394   5.613384   5.776457
    20  H    7.789683   8.129998   5.826015   6.154071   6.487159
    21  H    7.113527   7.209975   4.838830   5.291157   5.537460
    22  O    5.380977   4.636993   2.817420   3.515699   3.149341
    23  H    4.805069   4.286606   1.865034   2.550770   2.254666
    24  H    6.220552   5.568739   3.205313   3.751035   3.754203
    25  O    7.226685   7.123828   3.497317   3.565241   4.445314
    26  H    7.290273   7.282866   3.396557   3.205247   4.349283
    27  H    6.291210   6.193044   2.682271   2.929876   3.607718
    28  O    3.544758   3.539344   2.706560   3.568714   2.770041
    29  H    2.663556   2.581296   2.829278   3.708858   2.548028
    30  H    3.619297   3.786220   1.855049   2.646326   2.102294
    31  O    5.718937   6.482310   5.798170   6.237316   5.944731
    32  H    5.231712   5.878015   4.923883   5.409226   5.127026
    33  H    6.284175   6.891418   6.390862   6.909452   6.558918
                   16         17         18         19         20
    16  O    0.000000
    17  H    0.968778   0.000000
    18  H    0.980027   1.547372   0.000000
    19  O    2.835722   3.390494   1.927880   0.000000
    20  H    3.512235   3.968882   2.541118   0.966121   0.000000
    21  H    3.232315   3.652563   2.417791   0.968597   1.544293
    22  O    6.215362   6.615070   6.143110   5.644065   6.433790
    23  H    6.294922   6.816535   6.151381   5.462831   6.220020
    24  H    6.353176   6.685367   6.168768   5.500262   6.206212
    25  O    6.329211   6.734213   5.746561   4.328409   4.670703
    26  H    7.116072   7.584996   6.518358   4.994562   5.273090
    27  H    5.723816   6.209348   5.219287   3.928194   4.430578
    28  O    3.928933   4.699515   3.926321   3.735217   4.626424
    29  H    4.566308   5.331403   4.705190   4.673913   5.559054
    30  H    4.607667   5.387636   4.426490   3.794159   4.589196
    31  O    3.554258   4.464252   3.302352   3.334411   3.660973
    32  H    3.187685   4.136348   2.876968   2.700443   3.208448
    33  H    2.907218   3.748042   2.752863   3.270415   3.598932
                   21         22         23         24         25
    21  H    0.000000
    22  O    4.991131   0.000000
    23  H    4.890273   0.974679   0.000000
    24  H    4.731954   0.966892   1.523379   0.000000
    25  O    3.524140   3.417951   3.194839   2.740953   0.000000
    26  H    4.279772   3.784292   3.384170   3.176516   0.969757
    27  H    3.201574   2.791977   2.458247   2.333300   0.966967
    28  O    3.682025   3.391807   3.030514   3.911072   4.481157
    29  H    4.656301   3.579975   3.192923   4.281977   5.208155
    30  H    3.664186   3.203814   2.608455   3.638683   3.876857
    31  O    4.175850   7.159658   6.734719   7.428708   6.771494
    32  H    3.429101   6.205433   5.787999   6.461451   5.866384
    33  H    4.150341   7.421607   7.112653   7.665760   7.100210
                   26         27         28         29         30
    26  H    0.000000
    27  H    1.520856   0.000000
    28  O    4.916926   3.532316   0.000000
    29  H    5.555892   4.242436   0.976478   0.000000
    30  H    4.171639   2.924239   0.972806   1.522480   0.000000
    31  O    7.175946   6.078644   3.938958   4.388332   4.187054
    32  H    6.292599   5.143663   3.051203   3.606072   3.274137
    33  H    7.609591   6.431470   4.264140   4.750968   4.665786
                   31         32         33
    31  O    0.000000
    32  H    0.968327   0.000000
    33  H    0.967874   1.506225   0.000000
 Symmetry turned off by external request.
 Stoichiometry    H22O11
 Framework group  C1[X(H22O11)]
 Deg. of freedom    93
 Full point group                 C1      NOp   1
 Rotational constants (GHZ):           0.3791902           0.3552836           0.2792156
 Standard basis: 6-311++G(d,p) (5D, 7F)
   396 basis functions,   594 primitive gaussians,   407 cartesian basis functions
    55 alpha electrons       55 beta electrons
       nuclear repulsion energy       767.5944493311 Hartrees.
 NAtoms=   33 NActive=   33 NUniq=   33 SFac= 1.00D+00 NAtFMM=   60 NAOKFM=F Big=F
 Integral buffers will be    131072 words long.
 Raffenetti 2 integral format.
 Two-electron integral symmetry is turned off.
 Force inversion solution in PCM.
 ------------------------------------------------------------------------------
 Polarizable Continuum Model (PCM)
 =================================
 Model                : C-PCM.
 Atomic radii         : UFF (Universal Force Field).
 Polarization charges : Total charges.
 Charge compensation  : None.
 Solution method      : Matrix inversion.
 Cavity type          : Scaled VdW (van der Waals Surface) (Alpha=1.100).
 Cavity algorithm     : GePol (No added spheres)
                        Default sphere list used, NSphG=   33.
                        Lebedev-Laikov grids with approx.  5.0 points / Ang**2.
                        Smoothing algorithm: York/Karplus (Gamma=1.0000).
                        Polarization charges: spherical gaussians, with
                                              point-specific exponents (IZeta= 3).
                        Self-potential: point-specific (ISelfS= 7).
                        Self-field    : sphere-specific E.n sum rule (ISelfD= 2).
 1st derivatives      : Analytical E(r).r(x)/FMM algorithm (CHGder, D1EAlg=3).
                        Cavity 1st derivative terms included.
 2nd derivatives      : Analytical E(r).r(xy)/FMM algorithm (CHGder, D2EAlg=3).
                        Cavity 2nd derivative terms included.
 Solvent              : Water, Eps=  78.355300 Eps(inf)=   1.777849
 ------------------------------------------------------------------------------
 One-electron integrals computed using PRISM.
 NBasis=   396 RedAO= T EigKep=  1.77D-04  NBF=   396
 NBsUse=   396 1.00D-06 EigRej= -1.00D+00 NBFU=   396
 Initial guess from the checkpoint file:  "cluster_414.chk"
 B after Tr=     0.000000    0.000000    0.000000
         Rot=    1.000000    0.000000    0.000000    0.000000 Ang=   0.00 deg.
 Requested convergence on RMS density matrix=1.00D-08 within  32 cycles.
 Requested convergence on MAX density matrix=1.00D-06.
 Requested convergence on             energy=1.00D-06.
 No special actions if energy rises.
 Inv3:  Mode=1 IEnd=    29956800.
 Iteration    1 A*A^-1 deviation from unit magnitude is 6.22D-15 for   3152.
 Iteration    1 A*A^-1 deviation from orthogonality  is 2.21D-15 for   3009    726.
 Iteration    1 A^-1*A deviation from unit magnitude is 6.55D-15 for   3152.
 Iteration    1 A^-1*A deviation from orthogonality  is 2.08D-15 for   1464    508.
 Error on total polarization charges =  0.01692
 SCF Done:  E(RB3LYP) =  -841.168589152     A.U. after   10 cycles
            NFock= 10  Conv=0.38D-08     -V/T= 2.0035
 QCSCF skips out because SCF is already converged.
 DoSCS=F DFT=T ScalE2(SS,OS)=  1.000000  1.000000
 Range of M.O.s used for correlation:     1   396
 NBasis=   396 NAE=    55 NBE=    55 NFC=     0 NFV=     0
 NROrb=    396 NOA=    55 NOB=    55 NVA=   341 NVB=   341

 **** Warning!!: The largest alpha MO coefficient is  0.13194857D+02

 NEqPCM:  Using non-equilibrium solvation (IEInf=1, Eps=  78.3553, EpsInf=   1.7778)
 Inv3:  Mode=1 IEnd=    29956800.
 Iteration    1 A*A^-1 deviation from unit magnitude is 6.22D-15 for   3152.
 Iteration    1 A*A^-1 deviation from orthogonality  is 2.21D-15 for   3009    726.
 Iteration    1 A^-1*A deviation from unit magnitude is 6.55D-15 for   3152.
 Iteration    1 A^-1*A deviation from orthogonality  is 2.08D-15 for   1464    508.
          Differentiating once with respect to electric field.
                with respect to dipole field.
                with respect to quadrupole field.
          Differentiating once with respect to magnetic field using GIAOs.
          Electric field/nuclear overlap derivatives assumed to be zero.
 FoFJK:  IHMeth= 1 ICntrl=    6127 DoSepK=F KAlg= 0 I1Cent=           0 FoldK=F
 IRaf=         1 NMat=       1 IRICut=       1 DoRegI=T DoRafI=F ISym2E= 0 IDoP0=0 IntGTp=1.
 CalDSu exits because no D1Ps are significant.
          There are    12 degrees of freedom in the 1st order CPHF.  IDoFFX=0 NUNeed=    12.
     11 vectors produced by pass  0 Test12= 3.13D-13 8.33D-09 XBig12= 1.00D+00 1.28D-01.
 AX will form    11 AO Fock derivatives at one time.
     11 vectors produced by pass  1 Test12= 3.13D-13 8.33D-09 XBig12= 1.04D-01 3.03D-02.
     11 vectors produced by pass  2 Test12= 3.13D-13 8.33D-09 XBig12= 3.39D-02 2.18D-02.
     11 vectors produced by pass  3 Test12= 3.13D-13 8.33D-09 XBig12= 2.00D-03 7.39D-03.
     11 vectors produced by pass  4 Test12= 3.13D-13 8.33D-09 XBig12= 6.34D-05 1.16D-03.
     11 vectors produced by pass  5 Test12= 3.13D-13 8.33D-09 XBig12= 2.73D-06 1.41D-04.
     11 vectors produced by pass  6 Test12= 3.13D-13 8.33D-09 XBig12= 6.69D-08 3.36D-05.
     11 vectors produced by pass  7 Test12= 3.13D-13 8.33D-09 XBig12= 1.02D-09 3.75D-06.
     11 vectors produced by pass  8 Test12= 3.13D-13 8.33D-09 XBig12= 2.80D-11 4.34D-07.
      9 vectors produced by pass  9 Test12= 3.13D-13 8.33D-09 XBig12= 5.07D-13 5.42D-08.
 InvSVY:  IOpt=1 It=  1 EMax= 1.71D-13
 Solved reduced A of dimension   108 with    12 vectors.
 Isotropic polarizability for W=    0.085645      105.94 Bohr**3.
 Dipole-magnetic dipole polarizability for W=    0.085645:
                 1             2             3 
      1   0.215526D+01  0.168263D+04 -0.643044D+03
      2  -0.171640D+04  0.659841D+01  0.168632D+04
      3   0.655749D+03 -0.167879D+04 -0.876325D+01
 DQ contribution to OR G for W=    0.085645:
                 1             2             3 
      1   0.623583D+01  0.564947D+04 -0.219064D+04
      2  -0.571407D+04  0.106292D+02  0.565477D+04
      3   0.221736D+04 -0.563931D+04 -0.168650D+02
 Optical Rotation G' tensor for W=    0.085645:
                 1             2             3 
      1   0.476537D+00  0.367442D+00  0.163650D+00
      2   0.367442D+00 -0.646693D+00  0.495545D-01
      3   0.163650D+00  0.495545D-01  0.160573D+00
 OR G Eigenvalues:    -0.7562     0.1004     0.6463  Iso=     0.0032
 Eigenvectors:
   (1)  -0.285546   0.958365  -0.000831
   (2)  -0.318474  -0.094072   0.943252
   (3)   0.903901   0.269606   0.332076
 w=    0.085645 a.u., Optical Rotation Beta=      0.0032 au.
 Molar Mass =    198.1672 grams/mole, [Alpha] ( 5320.0 A) =        0.76 deg.
 End of Minotr F.D. properties on file   721 Mask=       B NFrqRd=     1 NDeriv=     1 ND12= 1 LenFil=      39:
 Frequencies=    0.085645
 Property number 1 -- Alpha(-w,w) frequency  1    0.085645:
                 1             2             3 
      1   0.106811D+03  0.328865D+00 -0.125535D+00
      2   0.328865D+00  0.105436D+03  0.719081D+00
      3  -0.125535D+00  0.719081D+00  0.105567D+03
 Property number 2 -- FD Optical Rotation Tensor frequency  1    0.085645:
                 1             2             3 
      1   0.215526D+01  0.168263D+04 -0.643044D+03
      2  -0.171640D+04  0.659841D+01  0.168632D+04
      3   0.655749D+03 -0.167879D+04 -0.876325D+01
 Property number 4 -- D-Q polarizability frequency  1    0.085645:
                 1             2             3 
      1   0.453454D+04 -0.891310D+03 -0.227467D+04
      2  -0.225282D+04  0.174586D+04 -0.223200D+04
      3  -0.228172D+04 -0.854548D+03  0.450667D+04
      4   0.132605D+04  0.338649D+04  0.234035D+02
      5   0.343940D+04  0.296393D+02  0.337305D+04
      6   0.127743D+02  0.341747D+04  0.133610D+04
 End of Minotr F.D. properties file   722 does not exist.
 End of Minotr F.D. properties file   788 does not exist.
 Symmetrizing basis deriv contribution to polar:
 IMax=3 JMax=2 DiffMx= 0.00D+00
 G2DrvN: will do    34 centers at a time, making    1 passes.
 PxScal for G2LodP:  IOpCl= 0 ISclPx=1 IMOff=     1 NMtTot=    25 NTT=   78606 ScalPx= 1.75D+02
 Calling FoFCou, ICntrl=  3107 FMM=F I1Cent=   0 AccDes= 0.00D+00.
 PxScal for G2LodP:  IOpCl= 0 ISclPx=0 IMOff=     1 NMtTot=    25 NTT=   78606 ScalPx= 1.00D+00
 NEqPCM:  Using non-equilibrium solvation (IEInf=1, Eps=  78.3553, EpsInf=   1.7778)
 G2PCM: DoFxE=T DoFxN=T DoGrad=T DoDP/DQ/DG/TGxP=TTTF NFrqRd=   1 IEInf=1 SqF1=F DoCFld=F IF1Alg=4.
 End of G2Drv F.D. properties on file   721 Mask=       B NFrqRd=     1 NDeriv=     1 ND12= 1 LenFil=      39:
 Frequencies=    0.085645
 Property number 1 -- Alpha(-w,w) frequency  1    0.085645:
                 1             2             3 
      1   0.106811D+03  0.328865D+00 -0.125535D+00
      2   0.328865D+00  0.105436D+03  0.719081D+00
      3  -0.125535D+00  0.719081D+00  0.105567D+03
 Property number 2 -- FD Optical Rotation Tensor frequency  1    0.085645:
                 1             2             3 
      1   0.215526D+01  0.168263D+04 -0.643044D+03
      2  -0.171640D+04  0.659841D+01  0.168632D+04
      3   0.655749D+03 -0.167879D+04 -0.876325D+01
 Property number 4 -- D-Q polarizability frequency  1    0.085645:
                 1             2             3 
      1   0.453454D+04 -0.891310D+03 -0.227467D+04
      2  -0.225282D+04  0.174586D+04 -0.223200D+04
      3  -0.228172D+04 -0.854548D+03  0.450667D+04
      4   0.132605D+04  0.338649D+04  0.234035D+02
      5   0.343940D+04  0.296393D+02  0.337305D+04
      6   0.127743D+02  0.341747D+04  0.133610D+04
 End of G2Drv F.D. properties on file   722 Mask=       B NFrqRd=     1 NDeriv=    99 ND12= 1 LenFil=    3567:
 Frequencies=    0.085645
 Property number 1 -- Alpha(-w,w) derivatives, frequency  1    0.085645:
                 1             2             3             4             5 
      1  -0.129249D+01 -0.830505D+00 -0.133751D+01 -0.838468D+00  0.163496D+01
      2  -0.830505D+00 -0.857594D+00 -0.137039D+01  0.163496D+01  0.308679D+01
      3  -0.133751D+01 -0.137039D+01 -0.405861D+00 -0.467304D+00  0.353593D+01
                 6             7             8             9            10 
      1  -0.467304D+00 -0.734555D+00 -0.257241D+00 -0.523328D+00  0.105978D+01
      2   0.353593D+01 -0.257241D+00  0.247133D+01  0.512432D+00  0.606824D+00
      3   0.147224D+01 -0.523328D+00  0.512432D+00 -0.645887D+00  0.116659D+01
                11            12            13            14            15 
      1   0.606824D+00  0.116659D+01  0.427498D-01 -0.126635D+01 -0.190120D+00
      2  -0.572159D+00  0.767459D+00 -0.126635D+01 -0.213367D+01 -0.228184D+01
      3   0.767459D+00  0.110231D+01 -0.190120D+00 -0.228184D+01 -0.693776D+00
                16            17            18            19            20 
      1   0.147500D+01  0.496366D+00  0.840345D+00  0.273497D+00  0.912083D-01
      2   0.496366D+00 -0.975376D+00 -0.779598D-01  0.912083D-01  0.139330D+01
      3   0.840345D+00 -0.779598D-01  0.367411D-01  0.217067D+00  0.715574D+00
                21            22            23            24            25 
      1   0.217067D+00  0.783708D+00 -0.628384D+00  0.514512D+00 -0.668615D+00
      2   0.715574D+00 -0.628384D+00 -0.994681D+00 -0.136446D+01 -0.422695D+00
      3  -0.685726D+00  0.514512D+00 -0.136446D+01 -0.841629D+00 -0.393585D+00
                26            27            28            29            30 
      1  -0.422695D+00 -0.393585D+00 -0.210852D+01  0.166692D+01  0.315349D+00
      2  -0.153091D+01 -0.366881D+00  0.166692D+01  0.159291D+01  0.791323D+00
      3  -0.366881D+00  0.554227D+00  0.315349D+00  0.791323D+00  0.118832D+00
                31            32            33            34            35 
      1   0.296856D+01  0.454288D+00  0.118677D+01 -0.680445D+00  0.572477D+00
      2   0.454288D+00 -0.173837D+01 -0.134702D+01  0.572477D+00 -0.130830D+01
      3   0.118677D+01 -0.134702D+01 -0.933695D+00 -0.121268D+00  0.111366D+00
                36            37            38            39            40 
      1  -0.121268D+00  0.402145D+00 -0.962881D+00 -0.997120D+00 -0.172005D+01
      2   0.111366D+00 -0.962881D+00 -0.908685D+00  0.821229D-01 -0.496385D+00
      3   0.113760D+01 -0.997120D+00  0.821229D-01 -0.206136D+00 -0.385650D+00
                41            42            43            44            45 
      1  -0.496385D+00 -0.385650D+00 -0.581506D+00 -0.407707D+00 -0.355326D-02
      2   0.386668D+01  0.108274D+00 -0.407707D+00  0.103254D+01  0.873206D-01
      3   0.108274D+00  0.140070D+01 -0.355326D-02  0.873206D-01 -0.991255D+00
                46            47            48            49            50 
      1   0.185389D+01 -0.908437D+00  0.443631D+00 -0.180077D+01  0.123391D+01
      2  -0.908437D+00 -0.332424D+00 -0.942366D+00  0.123391D+01 -0.204817D+01
      3   0.443631D+00 -0.942366D+00 -0.640845D-01 -0.754992D+00  0.859356D+00
                51            52            53            54            55 
      1  -0.754992D+00  0.897462D+00 -0.296248D+00  0.780034D-01  0.514539D+00
      2   0.859356D+00 -0.296248D+00  0.939941D+00 -0.528259D+00  0.986460D+00
      3  -0.497500D+00  0.780034D-01 -0.528259D+00 -0.458362D+00 -0.869437D+00
                56            57            58            59            60 
      1   0.986460D+00 -0.869437D+00  0.172776D+01 -0.736227D+00 -0.266691D+01
      2   0.166083D+01 -0.129456D+01 -0.736227D+00 -0.168349D+01  0.210209D+01
      3  -0.129456D+01 -0.102108D+01 -0.266691D+01  0.210209D+01  0.369355D+01
                61            62            63            64            65 
      1  -0.488272D-01 -0.174675D+01 -0.472651D+00  0.897313D-01 -0.836005D+00
      2  -0.174675D+01  0.261582D+00  0.267040D+01 -0.836005D+00 -0.138698D+00
      3  -0.472651D+00  0.267040D+01  0.843567D+00 -0.227103D+00  0.996912D+00
                66            67            68            69            70 
      1  -0.227103D+00 -0.150780D+01 -0.265363D+00  0.170284D+01  0.146234D+01
      2   0.996912D+00 -0.265363D+00  0.849503D+00 -0.266889D+00  0.177041D+01
      3   0.357559D+00  0.170284D+01 -0.266889D+00 -0.251926D+01 -0.949748D-01
                71            72            73            74            75 
      1   0.177041D+01 -0.949748D-01 -0.455670D+00 -0.203204D+00  0.936083D+00
      2   0.137802D+00 -0.180555D+01 -0.203204D+00 -0.158298D+01  0.431933D-01
      3  -0.180555D+01 -0.163765D+01  0.936083D+00  0.431933D-01  0.915638D+00
                76            77            78            79            80 
      1  -0.298612D+00  0.749402D+00  0.839501D+00 -0.119130D+01  0.204373D+00
      2   0.749402D+00  0.705398D+00 -0.155197D+01  0.204373D+00 -0.224561D+00
      3   0.839501D+00 -0.155197D+01 -0.122200D+01  0.926537D+00 -0.668396D+00
                81            82            83            84            85 
      1   0.926537D+00 -0.470150D+00 -0.174382D+01 -0.596595D+00  0.134654D+01
      2  -0.668396D+00 -0.174382D+01  0.243195D+01  0.376343D+00 -0.677718D-01
      3  -0.257143D+00 -0.596595D+00  0.376343D+00 -0.464882D+00  0.217401D+00
                86            87            88            89            90 
      1  -0.677718D-01  0.217401D+00  0.798603D-02 -0.296201D+00 -0.395772D-01
      2  -0.100466D+01 -0.159993D+00 -0.296201D+00 -0.157928D+00  0.744484D+00
      3  -0.159993D+00 -0.634318D+00 -0.395772D-01  0.744484D+00  0.292054D+00
                91            92            93            94            95 
      1   0.142421D+00  0.482778D+00  0.708157D-01 -0.838354D+00 -0.228380D+00
      2   0.482778D+00 -0.140547D+01 -0.776485D+00 -0.228380D+00  0.587227D+00
      3   0.708157D-01 -0.776485D+00 -0.924917D-01 -0.375753D+00 -0.220437D+00
                96            97            98            99           100 
      1  -0.375753D+00 -0.930189D+00  0.112841D+00 -0.172626D+00  0.131861D+00
      2  -0.220437D+00  0.112841D+00 -0.685715D+00 -0.599551D+00  0.634723D+00
      3   0.900999D-01 -0.172626D+00 -0.599551D+00 -0.189390D+00  0.327449D+00
               101           102           103           104           105 
      1   0.634723D+00  0.327449D+00 -0.128366D+01 -0.388770D+00 -0.165013D+00
      2  -0.175891D+01  0.166526D+00 -0.388770D+00 -0.214909D+00  0.279829D+00
      3   0.166526D+00  0.524105D+00 -0.165013D+00  0.279829D+00  0.597456D+00
               106           107           108           109           110 
      1   0.752367D+00 -0.660335D-01  0.144039D+00  0.359292D+00 -0.101109D+01
      2  -0.660335D-01  0.614364D+00 -0.142559D+00 -0.101109D+01  0.544431D+00
      3   0.144039D+00 -0.142559D+00 -0.153370D+00 -0.105678D+01 -0.254013D+00
               111           112           113           114           115 
      1  -0.105678D+01 -0.196519D+01 -0.760898D+00  0.635048D+00  0.981864D+00
      2  -0.254013D+00 -0.760898D+00  0.899997D-01  0.503004D+00 -0.145823D+01
      3  -0.258958D+00  0.635048D+00  0.503004D+00  0.733121D+00  0.966655D+00
               116           117           118           119           120 
      1  -0.145823D+01  0.966655D+00  0.401180D+00 -0.930598D-01 -0.598313D-01
      2   0.458857D+00 -0.114035D+00 -0.930598D-01  0.232232D+00  0.116766D+00
      3  -0.114035D+00 -0.101037D+00 -0.598313D-01  0.116766D+00  0.138103D+01
               121           122           123           124           125 
      1   0.163611D+00  0.860959D-01  0.142489D+00 -0.161399D+01  0.103378D+01
      2   0.860959D-01  0.225476D+00 -0.163462D-01  0.103378D+01 -0.459001D+00
      3   0.142489D+00 -0.163462D-01 -0.626655D+00  0.182416D+00  0.109161D+00
               126           127           128           129           130 
      1   0.182416D+00 -0.523974D+00  0.163186D+01  0.183125D+00  0.160250D+01
      2   0.109161D+00  0.163186D+01 -0.422677D+00  0.594185D-01  0.655929D+00
      3  -0.668828D-01  0.183125D+00  0.594185D-01  0.168102D+00 -0.290268D+00
               131           132           133           134           135 
      1   0.655929D+00 -0.290268D+00 -0.883626D-01  0.722860D+00 -0.370231D+00
      2  -0.222049D+00 -0.265130D+00  0.722860D+00 -0.676568D+00 -0.123413D+00
      3  -0.265130D+00 -0.909143D+00 -0.370231D+00 -0.123413D+00  0.498529D+00
               136           137           138           139           140 
      1   0.104793D+01  0.248283D+01 -0.220148D+01  0.257504D+01 -0.208202D+01
      2   0.248283D+01 -0.226140D+01  0.698268D+00 -0.208202D+01  0.140121D+01
      3  -0.220148D+01  0.698268D+00  0.295266D+00  0.722276D+00 -0.284619D+00
               141           142           143           144           145 
      1   0.722276D+00 -0.285986D+01  0.171912D+01 -0.219090D+00 -0.681265D-02
      2  -0.284619D+00  0.171912D+01 -0.269323D+01  0.971825D+00 -0.413020D+00
      3  -0.352113D+00 -0.219090D+00  0.971825D+00 -0.522797D-01  0.518186D+00
               146           147           148           149           150 
      1  -0.413020D+00  0.518186D+00  0.193931D+00  0.500688D+00 -0.959507D+00
      2   0.415245D+00  0.195707D+00  0.500688D+00 -0.940280D-01  0.316707D+00
      3   0.195707D+00  0.868951D-01 -0.959507D+00  0.316707D+00  0.166004D+00
               151           152           153           154           155 
      1   0.127903D+01 -0.134888D+01  0.530828D-01 -0.619465D+00 -0.272415D+01
      2  -0.134888D+01  0.175682D+01 -0.429746D+00 -0.272415D+01  0.668224D+00
      3   0.530828D-01 -0.429746D+00  0.309481D+00  0.192813D+01 -0.790690D+00
               156           157           158           159           160 
      1   0.192813D+01 -0.297901D+01  0.870445D+00  0.355166D+00  0.151968D+01
      2  -0.790690D+00  0.870445D+00 -0.703131D+00 -0.129210D+00 -0.178875D+00
      3  -0.531917D+00  0.355166D+00 -0.129210D+00  0.408678D+00  0.169568D+00
               161           162           163           164           165 
      1  -0.178875D+00  0.169568D+00 -0.104143D+01  0.304017D-01  0.375261D+00
      2   0.474631D+00 -0.542973D+00  0.304017D-01 -0.204639D+01 -0.135780D+01
      3  -0.542973D+00  0.185027D+00  0.375261D+00 -0.135780D+01  0.134556D+01
               166           167           168           169           170 
      1  -0.281624D+00  0.230795D+00  0.105930D+01 -0.835702D+00 -0.108744D+01
