 Entering Gaussian System, Link 0=g16
 Input=FREE.INP
 Output=FREE.OUT
 Initial command:
 /usr/local/g16-A.03/sse4/g16/l1.exe "/scratch/zronyj/p1/cluster_454/Gau-30513.inp" -scrdir="/scratch/zronyj/p1/cluster_454/"
 Entering Link 1 = /usr/local/g16-A.03/sse4/g16/l1.exe PID=     30514.
  
 Copyright (c) 1988,1990,1992,1993,1995,1998,2003,2009,2016,
            Gaussian, Inc.  All Rights Reserved.
  
 This is part of the Gaussian(R) 16 program.  It is based on
 the Gaussian(R) 09 system (copyright 2009, Gaussian, Inc.),
 the Gaussian(R) 03 system (copyright 2003, Gaussian, Inc.),
 the Gaussian(R) 98 system (copyright 1998, Gaussian, Inc.),
 the Gaussian(R) 94 system (copyright 1995, Gaussian, Inc.),
 the Gaussian 92(TM) system (copyright 1992, Gaussian, Inc.),
 the Gaussian 90(TM) system (copyright 1990, Gaussian, Inc.),
 the Gaussian 88(TM) system (copyright 1988, Gaussian, Inc.),
 the Gaussian 86(TM) system (copyright 1986, Carnegie Mellon
 University), and the Gaussian 82(TM) system (copyright 1983,
 Carnegie Mellon University). Gaussian is a federally registered
 trademark of Gaussian, Inc.
  
 This software contains proprietary and confidential information,
 including trade secrets, belonging to Gaussian, Inc.
  
 This software is provided under written license and may be
 used, copied, transmitted, or stored only in accord with that
 written license.
  
 The following legend is applicable only to US Government
 contracts under FAR:
  
                    RESTRICTED RIGHTS LEGEND
  
 Use, reproduction and disclosure by the US Government is
 subject to restrictions as set forth in subparagraphs (a)
 and (c) of the Commercial Computer Software - Restricted
 Rights clause in FAR 52.227-19.
  
 Gaussian, Inc.
 340 Quinnipiac St., Bldg. 40, Wallingford CT 06492
  
  
 ---------------------------------------------------------------
 Warning -- This program may not be used in any manner that
 competes with the business of Gaussian, Inc. or will provide
 assistance to any competitor of Gaussian, Inc.  The licensee
 of this program is prohibited from giving any competitor of
 Gaussian, Inc. access to this program.  By using this program,
 the user acknowledges that Gaussian, Inc. is engaged in the
 business of creating and licensing software in the field of
 computational chemistry and represents and warrants to the
 licensee that it is not a competitor of Gaussian, Inc. and that
 it will not use this program in any manner prohibited above.
 ---------------------------------------------------------------
  

 Cite this work as:
 Gaussian 16, Revision A.03,
 M. J. Frisch, G. W. Trucks, H. B. Schlegel, G. E. Scuseria, 
 M. A. Robb, J. R. Cheeseman, G. Scalmani, V. Barone, 
 G. A. Petersson, H. Nakatsuji, X. Li, M. Caricato, A. V. Marenich, 
 J. Bloino, B. G. Janesko, R. Gomperts, B. Mennucci, H. P. Hratchian, 
 J. V. Ortiz, A. F. Izmaylov, J. L. Sonnenberg, D. Williams-Young, 
 F. Ding, F. Lipparini, F. Egidi, J. Goings, B. Peng, A. Petrone, 
 T. Henderson, D. Ranasinghe, V. G. Zakrzewski, J. Gao, N. Rega, 
 G. Zheng, W. Liang, M. Hada, M. Ehara, K. Toyota, R. Fukuda, 
 J. Hasegawa, M. Ishida, T. Nakajima, Y. Honda, O. Kitao, H. Nakai, 
 T. Vreven, K. Throssell, J. A. Montgomery, Jr., J. E. Peralta, 
 F. Ogliaro, M. J. Bearpark, J. J. Heyd, E. N. Brothers, K. N. Kudin, 
 V. N. Staroverov, T. A. Keith, R. Kobayashi, J. Normand, 
 K. Raghavachari, A. P. Rendell, J. C. Burant, S. S. Iyengar, 
 J. Tomasi, M. Cossi, J. M. Millam, M. Klene, C. Adamo, R. Cammi, 
 J. W. Ochterski, R. L. Martin, K. Morokuma, O. Farkas, 
 J. B. Foresman, and D. J. Fox, Gaussian, Inc., Wallingford CT, 2016.
 
 ******************************************
 Gaussian 16:  ES64L-G16RevA.03 25-Dec-2016
                24-Aug-2023 
 ******************************************
 %chk=cluster_454.chk
 %mem=6GB
 %nproc=8
 Will use up to    8 processors via shared memory.
 ----------------------------------------------------------------------
 #b3lyp/6-311++G** scrf=(cpcm,Solvent=Water) nosymm freq=roa scf=(xqc,c
 onver=8) iop(2/11=1) geom=checkpoint guess=checkpoint
 ----------------------------------------------------------------------
 1/10=4,29=2,30=1,38=1,83=21/1,3;
 2/11=1,12=2,15=1,40=1/2;
 3/5=4,6=6,7=1111,11=2,14=-4,25=1,30=1,36=2,70=2101,71=2,72=1,74=-5,116=-2,140=1/1,2,3;
 4/5=1/1;
 5/5=2,6=8,8=3,13=1,38=6,53=1,98=1/2,8;
 8/6=4,10=90,11=11/1;
 10/13=10,15=4,31=1,49=111,72=3/2;
 11/6=3,8=1,9=11,15=111,16=1,31=1/1,2,10;
 10/6=1,31=1,49=111/2;
 6/7=2,8=2,9=2,10=2,28=1/1;
 7/8=1,10=1,25=1,30=1/1,2,3,16;
 1/10=4,30=1/3;
 99//99;
 ---------------
 ROA cluster_454
 ---------------
 Structure from the checkpoint file:  "cluster_454.chk"
 Charge =  0 Multiplicity = 1
 No Z-Matrix found in chk file; cartesian coordinates used.
  O                                                19.994294370000     20.490872830000     14.953906130000
  H                                                20.578076560000     19.786335220000     14.637947670000
  H                                                20.230641710000     20.575381730000     15.889578410000
  O                                                17.203913710000     20.402362940000     16.153241830000
  H                                                16.880543010000     21.062746910000     15.524790400000
  H                                                17.977838500000     20.015506300000     15.710786060000
  O                                                18.418248830000     18.092743850000     19.536659750000
  H                                                18.333787670000     19.030692670000     19.261590140000
  H                                                19.340076400000     18.048055840000     19.822021970000
  O                                                18.496365220000     20.616977410000     18.912895230000
  H                                                18.175249760000     20.835558880000     18.017246010000
  H                                                17.985180210000     21.182364520000     19.509158150000
  O                                                13.904275080000     19.204851320000     16.789789140000
  H                                                14.861608960000     19.126673530000     16.656031420000
  H                                                13.685893440000     18.445701680000     17.345285820000
  O                                                14.469800030000     23.138652290000     18.142927430000
  H                                                14.956320380000     22.308236510000     18.231316080000
  H                                                13.545782450000     22.867138570000     18.241212440000
  O                                                20.447127000000     23.811943870000     20.186436590000
  H                                                20.369528670000     23.019019950000     19.637451950000
  H                                                19.661313240000     23.744695580000     20.754727560000
  O                                                17.710961460000     24.215828520000     15.065371330000
  H                                                18.323368100000     23.527826370000     15.352377220000
  H                                                17.968656930000     24.390953550000     14.150150280000
  O                                                17.123962560000     23.660067580000     20.625191550000
  H                                                17.023848120000     24.195248080000     21.429239730000
  H                                                16.242311100000     23.281413920000     20.490690800000
  O                                                16.940528500000     25.247791950000     18.317102890000
  H                                                17.154727980000     24.768916880000     19.140100210000
  H                                                16.121825740000     24.813531100000     18.034246320000
  O                                                15.000833090000     22.854947820000     15.073014740000
  H                                                14.754587500000     22.984917600000     16.007527440000
  H                                                15.831336940000     23.363487380000     14.995329540000
 Recover connectivity data from disk.
 Using perturbation frequencies:    0.085645

 GradGradGradGradGradGradGradGradGradGradGradGradGradGradGradGradGradGrad
 Berny optimization.
 Initialization pass.
 Trust Radius=3.00D-01 FncErr=1.00D-07 GrdErr=1.00D-07 EigMax=2.50D+02 EigMin=1.00D-04
 Number of steps in this run=      2 maximum allowed number of steps=      2.
 GradGradGradGradGradGradGradGradGradGradGradGradGradGradGradGradGradGrad

                          Input orientation:                          
 ---------------------------------------------------------------------
 Center     Atomic      Atomic             Coordinates (Angstroms)
 Number     Number       Type             X           Y           Z
 ---------------------------------------------------------------------
      1          8           0       19.994294   20.490873   14.953906
      2          1           0       20.578077   19.786335   14.637948
      3          1           0       20.230642   20.575382   15.889578
      4          8           0       17.203914   20.402363   16.153242
      5          1           0       16.880543   21.062747   15.524790
      6          1           0       17.977839   20.015506   15.710786
      7          8           0       18.418249   18.092744   19.536660
      8          1           0       18.333788   19.030693   19.261590
      9          1           0       19.340076   18.048056   19.822022
     10          8           0       18.496365   20.616977   18.912895
     11          1           0       18.175250   20.835559   18.017246
     12          1           0       17.985180   21.182365   19.509158
     13          8           0       13.904275   19.204851   16.789789
     14          1           0       14.861609   19.126674   16.656031
     15          1           0       13.685893   18.445702   17.345286
     16          8           0       14.469800   23.138652   18.142927
     17          1           0       14.956320   22.308237   18.231316
     18          1           0       13.545782   22.867139   18.241212
     19          8           0       20.447127   23.811944   20.186437
     20          1           0       20.369529   23.019020   19.637452
     21          1           0       19.661313   23.744696   20.754728
     22          8           0       17.710961   24.215829   15.065371
     23          1           0       18.323368   23.527826   15.352377
     24          1           0       17.968657   24.390954   14.150150
     25          8           0       17.123963   23.660068   20.625192
     26          1           0       17.023848   24.195248   21.429240
     27          1           0       16.242311   23.281414   20.490691
     28          8           0       16.940529   25.247792   18.317103
     29          1           0       17.154728   24.768917   19.140100
     30          1           0       16.121826   24.813531   18.034246
     31          8           0       15.000833   22.854948   15.073015
     32          1           0       14.754588   22.984918   16.007527
     33          1           0       15.831337   23.363487   14.995330
 ---------------------------------------------------------------------
                    Distance matrix (angstroms):
                    1          2          3          4          5
     1  O    0.000000
     2  H    0.967990   0.000000
     3  H    0.968754   1.519831   0.000000
     4  O    3.038497   3.749744   3.043113   0.000000
     5  H    3.216892   4.010919   3.404961   0.967278   0.000000
     6  H    2.205660   2.822187   2.328207   0.971795   1.528190
     7  O    5.407085   5.615201   4.769640   4.272759   5.223079
     8  H    4.842061   5.194795   4.165883   3.580492   4.494979
     9  H    5.485791   5.606147   4.758634   4.854472   5.796884
    10  O    4.234771   4.826869   3.485669   3.054861   3.780059
    11  H    3.579355   4.277161   2.969730   2.146081   2.817839
    12  H    5.026432   5.692161   4.302544   3.532839   4.136389
    13  O    6.489426   7.036204   6.535415   3.567470   3.729634
    14  H    5.576982   6.098017   5.613619   2.714143   3.017314
    15  H    7.049634   7.525235   7.034796   4.198328   4.513193
    16  O    6.906564   7.799612   6.695912   4.349886   4.120159
    17  H    6.278966   7.132771   6.025362   3.605887   3.546711
    18  H    7.618158   8.481039   7.447797   4.880232   4.664269
    19  O    6.214012   6.856267   5.383790   6.197607   6.481477
    20  H    5.335535   5.957246   4.476295   5.385883   5.737073
    21  H    6.659412   7.343301   5.834240   6.195456   6.502136
    22  O    4.370507   5.293718   4.503439   3.997884   3.292808
    23  H    3.489106   4.426384   3.555729   3.415126   2.861483
    24  H    4.467646   5.315028   4.764533   4.528362   3.761727
    25  O    7.102540   7.923623   6.449246   5.533296   5.728824
    26  H    8.029688   8.842664   7.353557   6.500350   6.685478
    27  H    7.247102   8.078926   6.663304   5.294061   5.476312
    28  O    6.577603   7.522995   6.208795   5.313177   5.031422
    29  H    6.624879   7.537560   6.132934   5.290608   5.184722
    30  H    6.570379   7.527663   6.280436   4.916045   4.576178
    31  O    5.526092   6.380542   5.763167   3.469240   2.636170
    32  H    5.897873   6.783782   5.983890   3.562305   2.906452
    33  H    5.058048   5.954433   5.284609   3.463089   2.583519
                    6          7          8          9         10
     6  H    0.000000
     7  O    4.304450   0.000000
     8  H    3.701995   0.981094   0.000000
     9  H    4.756975   0.966020   1.514026   0.000000
    10  O    3.299112   2.601334   1.632274   2.852669   0.000000
    11  H    2.455853   3.144948   2.197969   3.519121   0.976258
    12  H    3.973568   3.119946   2.193743   3.428924   0.967730
    13  O    4.291308   5.399819   5.075501   6.330920   5.252520
    14  H    3.375559   4.692197   4.342139   5.589596   4.530551
    15  H    4.853521   5.227034   5.061359   6.185639   5.505677
    16  O    5.289205   6.556976   5.749534   7.242453   4.812995
    17  H    4.554037   5.608855   4.817784   6.316391   3.982063
    18  H    5.846194   6.943627   6.219685   7.700413   5.479293
    19  O    6.367242   6.103098   5.308663   5.880541   3.954136
    20  H    5.491810   5.299608   4.493581   5.079795   3.131059
    21  H    6.494789   5.913836   5.119923   5.781422   3.812095
    22  O    4.257991   7.614778   6.699388   7.957459   5.326540
    23  H    3.547427   6.859836   5.958713   7.144180   4.602201
    24  H    4.645450   8.299642   7.415695   8.618774   6.099599
    25  O    6.177646   5.818520   4.975359   6.086947   3.751779
    26  H    7.147101   6.539631   5.752154   6.762842   4.615660
    27  H    6.043649   5.706766   4.894241   6.118113   3.830068
    28  O    5.936810   7.407138   6.440928   7.736848   4.921386
    29  H    5.918836   6.806249   5.859365   7.100052   4.369235
    30  H    5.644847   7.259462   6.311923   7.702268   4.901176
    31  O    4.163141   7.367594   6.578577   8.030462   5.654373
    32  H    4.392585   7.057659   6.247839   7.742718   5.296150
    33  H    4.040832   7.422704   6.575435   7.991372   5.476588
                   11         12         13         14         15
    11  H    0.000000
    12  H    1.543439   0.000000
    13  O    4.733612   5.287657   0.000000
    14  H    3.969057   4.703498   0.969789   0.000000
    15  H    5.130036   5.536744   0.965699   1.523516   0.000000
    16  O    4.364676   4.248711   4.198284   4.296551   4.824368
    17  H    3.546281   3.474832   3.579916   3.551455   4.161515
    18  H    5.060577   4.914713   3.955691   4.270278   4.513471
    19  O    4.327318   3.665321   8.693183   8.100218   9.087517
    20  H    3.493913   3.012454   8.028485   7.374036   8.416665
    21  H    4.262073   3.305511   8.335131   7.820652   8.683851
    22  O    4.511690   5.387424   6.524904   6.045536   7.395509
    23  H    3.791012   4.784808   6.346861   5.749212   7.162810
    24  H    5.257180   6.246141   7.098067   6.606499   7.993558
    25  O    3.985528   2.850656   6.702660   6.436159   7.054623
    26  H    4.924930   3.699776   7.494017   7.290353   7.802429
    27  H    3.979496   2.899484   5.981760   5.820036   6.309751
    28  O    4.591541   4.363484   6.933156   6.674515   7.602993
    29  H    4.215871   3.699894   6.859171   6.577530   7.432175
    30  H    4.476729   4.339680   6.158205   5.985647   6.852568
    31  O    4.777379   5.602074   4.180067   4.052821   5.131640
    32  H    4.512166   5.093854   3.952704   3.913829   4.851411
    33  H    4.584357   5.456280   4.922185   4.652837   5.857460
                   16         17         18         19         20
    16  O    0.000000
    17  H    0.966491   0.000000
    18  H    0.968085   1.517263   0.000000
    19  O    6.352770   6.019351   7.232227   0.000000
    20  H    6.087258   5.637841   6.966783   0.967540   0.000000
    21  H    5.842996   5.528832   6.669901   0.972101   1.508801
    22  O    4.597476   4.609790   5.408664   5.820226   5.422569
    23  H    4.773742   4.594856   5.622028   5.287646   4.775722
    24  H    5.454588   5.483411   6.214549   6.550940   6.144662
    25  O    3.671252   3.500966   4.372124   3.355442   3.452575
    26  H    4.294113   4.249965   4.901462   3.662010   3.973361
    27  H    2.945194   2.775900   3.535964   4.249060   4.222652
    28  O    3.253199   3.547595   4.146995   4.225198   4.297533
    29  H    3.295596   3.422548   4.177230   3.584761   3.693838
    30  H    2.355041   2.770152   3.235317   4.933896   4.881958
    31  O    3.128394   3.205580   3.486373   7.531603   7.048681
    32  H    2.159785   2.333202   2.542524   7.110011   6.686186
    33  H    3.436816   3.514373   4.000735   6.960907   6.501011
                   21         22         23         24         25
    21  H    0.000000
    22  O    6.032795   0.000000
    23  H    5.569786   0.964760   0.000000
    24  H    6.848589   0.966802   1.521893   0.000000
    25  O    2.542064   5.618277   5.409125   6.570682   0.000000
    26  H    2.759382   6.400888   6.249997   7.342759   0.971048
    27  H    3.460335   5.697733   5.549215   6.664368   0.968906
    28  O    3.950188   3.497467   3.695961   4.376610   2.807453
    29  H    3.152621   4.149544   4.153658   5.070004   1.853642
    30  H    4.590359   3.420061   3.700304   4.321523   3.007948
    31  O    7.402269   3.032631   3.401477   3.466839   5.998547
    32  H    6.869434   3.338105   3.668810   3.969512   5.233793
    33  H    6.927099   2.065037   2.522838   2.517569   5.783959
                   26         27         28         29         30
    26  H    0.000000
    27  H    1.525374   0.000000
    28  O    3.286364   3.013077   0.000000
    29  H    2.363554   2.206641   0.975975   0.000000
    30  H    3.566777   2.897589   0.968950   1.513866   0.000000
    31  O    6.803719   5.574438   4.473503   4.984348   3.723112
    32  H    6.000784   4.732862   3.902957   4.330859   3.052992
    33  H    6.596144   5.511318   3.976819   4.572277   3.379649
                   31         32         33
    31  O    0.000000
    32  H    0.975112   0.000000
    33  H    0.976926   1.525532   0.000000
 Symmetry turned off by external request.
 Stoichiometry    H22O11
 Framework group  C1[X(H22O11)]
 Deg. of freedom    93
 Full point group                 C1      NOp   1
 Rotational constants (GHZ):           0.3232055           0.3066579           0.2599450
 Standard basis: 6-311++G(d,p) (5D, 7F)
   396 basis functions,   594 primitive gaussians,   407 cartesian basis functions
    55 alpha electrons       55 beta electrons
       nuclear repulsion energy       722.4170213565 Hartrees.
 NAtoms=   33 NActive=   33 NUniq=   33 SFac= 1.00D+00 NAtFMM=   60 NAOKFM=F Big=F
 Integral buffers will be    131072 words long.
 Raffenetti 2 integral format.
 Two-electron integral symmetry is turned off.
 Force inversion solution in PCM.
 ------------------------------------------------------------------------------
 Polarizable Continuum Model (PCM)
 =================================
 Model                : C-PCM.
 Atomic radii         : UFF (Universal Force Field).
 Polarization charges : Total charges.
 Charge compensation  : None.
 Solution method      : Matrix inversion.
 Cavity type          : Scaled VdW (van der Waals Surface) (Alpha=1.100).
 Cavity algorithm     : GePol (No added spheres)
                        Default sphere list used, NSphG=   33.
                        Lebedev-Laikov grids with approx.  5.0 points / Ang**2.
                        Smoothing algorithm: York/Karplus (Gamma=1.0000).
                        Polarization charges: spherical gaussians, with
                                              point-specific exponents (IZeta= 3).
                        Self-potential: point-specific (ISelfS= 7).
                        Self-field    : sphere-specific E.n sum rule (ISelfD= 2).
 1st derivatives      : Analytical E(r).r(x)/FMM algorithm (CHGder, D1EAlg=3).
                        Cavity 1st derivative terms included.
 2nd derivatives      : Analytical E(r).r(xy)/FMM algorithm (CHGder, D2EAlg=3).
                        Cavity 2nd derivative terms included.
 Solvent              : Water, Eps=  78.355300 Eps(inf)=   1.777849
 ------------------------------------------------------------------------------
 One-electron integrals computed using PRISM.
 NBasis=   396 RedAO= T EigKep=  3.79D-04  NBF=   396
 NBsUse=   396 1.00D-06 EigRej= -1.00D+00 NBFU=   396
 Initial guess from the checkpoint file:  "cluster_454.chk"
 B after Tr=     0.000000    0.000000    0.000000
         Rot=    1.000000    0.000000    0.000000    0.000000 Ang=   0.00 deg.
 Requested convergence on RMS density matrix=1.00D-08 within  32 cycles.
 Requested convergence on MAX density matrix=1.00D-06.
 Requested convergence on             energy=1.00D-06.
 No special actions if energy rises.
 Inv3:  Mode=1 IEnd=    35728203.
 Iteration    1 A*A^-1 deviation from unit magnitude is 6.22D-15 for   3427.
 Iteration    1 A*A^-1 deviation from orthogonality  is 2.65D-15 for   3055    842.
 Iteration    1 A^-1*A deviation from unit magnitude is 6.22D-15 for   3427.
 Iteration    1 A^-1*A deviation from orthogonality  is 3.06D-15 for   3054    874.
 Error on total polarization charges =  0.01833
 SCF Done:  E(RB3LYP) =  -841.164058485     A.U. after   10 cycles
            NFock= 10  Conv=0.26D-08     -V/T= 2.0035
 QCSCF skips out because SCF is already converged.
 DoSCS=F DFT=T ScalE2(SS,OS)=  1.000000  1.000000
 Range of M.O.s used for correlation:     1   396
 NBasis=   396 NAE=    55 NBE=    55 NFC=     0 NFV=     0
 NROrb=    396 NOA=    55 NOB=    55 NVA=   341 NVB=   341

 **** Warning!!: The largest alpha MO coefficient is  0.11957570D+02

 NEqPCM:  Using non-equilibrium solvation (IEInf=1, Eps=  78.3553, EpsInf=   1.7778)
 Inv3:  Mode=1 IEnd=    35728203.
 Iteration    1 A*A^-1 deviation from unit magnitude is 6.22D-15 for   3427.
 Iteration    1 A*A^-1 deviation from orthogonality  is 2.65D-15 for   3055    842.
 Iteration    1 A^-1*A deviation from unit magnitude is 6.22D-15 for   3427.
 Iteration    1 A^-1*A deviation from orthogonality  is 3.06D-15 for   3054    874.
          Differentiating once with respect to electric field.
                with respect to dipole field.
                with respect to quadrupole field.
          Differentiating once with respect to magnetic field using GIAOs.
          Electric field/nuclear overlap derivatives assumed to be zero.
 FoFJK:  IHMeth= 1 ICntrl=    6127 DoSepK=F KAlg= 0 I1Cent=           0 FoldK=F
 IRaf=         1 NMat=       1 IRICut=       1 DoRegI=T DoRafI=F ISym2E= 0 IDoP0=0 IntGTp=1.
 CalDSu exits because no D1Ps are significant.
          There are    12 degrees of freedom in the 1st order CPHF.  IDoFFX=0 NUNeed=    12.
     11 vectors produced by pass  0 Test12= 3.13D-13 8.33D-09 XBig12= 1.00D+00 1.36D-01.
 AX will form    11 AO Fock derivatives at one time.
     11 vectors produced by pass  1 Test12= 3.13D-13 8.33D-09 XBig12= 8.99D-02 3.43D-02.
     11 vectors produced by pass  2 Test12= 3.13D-13 8.33D-09 XBig12= 3.36D-02 2.30D-02.
     11 vectors produced by pass  3 Test12= 3.13D-13 8.33D-09 XBig12= 1.74D-03 6.03D-03.
     11 vectors produced by pass  4 Test12= 3.13D-13 8.33D-09 XBig12= 8.73D-05 1.08D-03.
     11 vectors produced by pass  5 Test12= 3.13D-13 8.33D-09 XBig12= 3.04D-06 1.65D-04.
     11 vectors produced by pass  6 Test12= 3.13D-13 8.33D-09 XBig12= 8.47D-08 3.30D-05.
     11 vectors produced by pass  7 Test12= 3.13D-13 8.33D-09 XBig12= 1.59D-09 3.59D-06.
     11 vectors produced by pass  8 Test12= 3.13D-13 8.33D-09 XBig12= 4.71D-11 5.68D-07.
      9 vectors produced by pass  9 Test12= 3.13D-13 8.33D-09 XBig12= 6.74D-13 5.77D-08.
 InvSVY:  IOpt=1 It=  1 EMax= 5.68D-13
 Solved reduced A of dimension   108 with    12 vectors.
 Isotropic polarizability for W=    0.085645      103.61 Bohr**3.
 Dipole-magnetic dipole polarizability for W=    0.085645:
                 1             2             3 
      1   0.143930D+02  0.174160D+04 -0.217429D+04
      2  -0.173280D+04 -0.194171D+02  0.169380D+04
      3   0.215817D+04 -0.167300D+04  0.508943D+01
 DQ contribution to OR G for W=    0.085645:
                 1             2             3 
      1   0.310976D+02  0.575067D+04 -0.716626D+04
      2  -0.573343D+04 -0.386968D+02  0.564998D+04
      3   0.713708D+04 -0.560750D+04  0.759917D+01
 Optical Rotation G' tensor for W=    0.085645:
                 1             2             3 
      1   0.610571D+00 -0.445328D-01  0.384047D+00
      2  -0.445328D-01  0.670027D-01  0.110177D+00
      3   0.384047D+00  0.110177D+00 -0.612275D+00
 OR G Eigenvalues:    -0.7402     0.0841     0.7214  Iso=    -0.0218
 Eigenvectors:
   (1)  -0.275010  -0.144903   0.950459
   (2)  -0.021748   0.989262   0.144526
   (3)   0.961195  -0.019075   0.275208
 w=    0.085645 a.u., Optical Rotation Beta=     -0.0218 au.
 Molar Mass =    198.1672 grams/mole, [Alpha] ( 5320.0 A) =       -5.21 deg.
 End of Minotr F.D. properties on file   721 Mask=       B NFrqRd=     1 NDeriv=     1 ND12= 1 LenFil=      39:
 Frequencies=    0.085645
 Property number 1 -- Alpha(-w,w) frequency  1    0.085645:
                 1             2             3 
      1   0.104029D+03  0.388931D+00 -0.636132D+00
      2   0.388931D+00  0.103099D+03 -0.106326D+01
      3  -0.636132D+00 -0.106326D+01  0.103713D+03
 Property number 2 -- FD Optical Rotation Tensor frequency  1    0.085645:
                 1             2             3 
      1   0.143930D+02  0.174160D+04 -0.217429D+04
      2  -0.173280D+04 -0.194171D+02  0.169380D+04
      3   0.215817D+04 -0.167300D+04  0.508943D+01
 Property number 4 -- D-Q polarizability frequency  1    0.085645:
                 1             2             3 
      1   0.450887D+04 -0.281952D+04 -0.230921D+04
      2  -0.222450D+04  0.570525D+04 -0.235479D+04
      3  -0.228437D+04 -0.288573D+04  0.466400D+04
      4   0.431756D+04  0.338299D+04 -0.540132D+02
      5   0.342422D+04 -0.229156D+02  0.336561D+04
      6  -0.153164D+02  0.339589D+04  0.428053D+04
 End of Minotr F.D. properties file   722 does not exist.
 End of Minotr F.D. properties file   788 does not exist.
 Symmetrizing basis deriv contribution to polar:
 IMax=3 JMax=2 DiffMx= 0.00D+00
 G2DrvN: will do    34 centers at a time, making    1 passes.
 PxScal for G2LodP:  IOpCl= 0 ISclPx=1 IMOff=     1 NMtTot=    25 NTT=   78606 ScalPx= 2.41D+02
 Calling FoFCou, ICntrl=  3107 FMM=F I1Cent=   0 AccDes= 0.00D+00.
 PxScal for G2LodP:  IOpCl= 0 ISclPx=0 IMOff=     1 NMtTot=    25 NTT=   78606 ScalPx= 1.00D+00
 NEqPCM:  Using non-equilibrium solvation (IEInf=1, Eps=  78.3553, EpsInf=   1.7778)
 G2PCM: DoFxE=T DoFxN=T DoGrad=T DoDP/DQ/DG/TGxP=TTTF NFrqRd=   1 IEInf=1 SqF1=F DoCFld=F IF1Alg=4.
 End of G2Drv F.D. properties on file   721 Mask=       B NFrqRd=     1 NDeriv=     1 ND12= 1 LenFil=      39:
 Frequencies=    0.085645
 Property number 1 -- Alpha(-w,w) frequency  1    0.085645:
                 1             2             3 
      1   0.104029D+03  0.388931D+00 -0.636132D+00
      2   0.388931D+00  0.103099D+03 -0.106326D+01
      3  -0.636132D+00 -0.106326D+01  0.103713D+03
 Property number 2 -- FD Optical Rotation Tensor frequency  1    0.085645:
                 1             2             3 
      1   0.143930D+02  0.174160D+04 -0.217429D+04
      2  -0.173280D+04 -0.194171D+02  0.169380D+04
      3   0.215817D+04 -0.167300D+04  0.508943D+01
 Property number 4 -- D-Q polarizability frequency  1    0.085645:
                 1             2             3 
      1   0.450887D+04 -0.281952D+04 -0.230921D+04
      2  -0.222450D+04  0.570525D+04 -0.235479D+04
      3  -0.228437D+04 -0.288573D+04  0.466400D+04
      4   0.431756D+04  0.338299D+04 -0.540132D+02
      5   0.342422D+04 -0.229156D+02  0.336561D+04
      6  -0.153164D+02  0.339589D+04  0.428053D+04
 End of G2Drv F.D. properties on file   722 Mask=       B NFrqRd=     1 NDeriv=    99 ND12= 1 LenFil=    3567:
 Frequencies=    0.085645
 Property number 1 -- Alpha(-w,w) derivatives, frequency  1    0.085645:
                 1             2             3             4             5 
      1  -0.573777D+00  0.243475D-01  0.114871D+01 -0.214500D+01 -0.886907D+00
      2   0.243475D-01  0.694702D+00  0.365899D-01 -0.886907D+00  0.219957D+00
      3   0.114871D+01  0.365899D-01 -0.743712D+00  0.154718D+01  0.109388D+01
                 6             7             8             9            10 
      1   0.154718D+01  0.109060D+01  0.538223D+00  0.572250D-01 -0.107663D-01
      2   0.109388D+01  0.538223D+00  0.726503D+00 -0.108317D+01  0.201429D+00
      3  -0.170841D+01  0.572250D-01 -0.108317D+01 -0.138802D+01 -0.126217D+00
                11            12            13            14            15 
      1   0.201429D+00 -0.126217D+00  0.145141D+01  0.211734D+00 -0.103778D+01
      2  -0.629736D+00 -0.266232D+00  0.211734D+00  0.307396D+00 -0.285484D+00
      3  -0.266232D+00 -0.235981D+00 -0.103778D+01 -0.285484D+00  0.101352D+01
                16            17            18            19            20 
      1  -0.193987D+00  0.415014D-01  0.147909D+00  0.329520D+00  0.204900D+00
      2   0.415014D-01  0.126101D+00  0.135512D+00  0.204900D+00 -0.400445D+00
      3   0.147909D+00  0.135512D+00 -0.744935D-01 -0.680568D+00  0.599184D-01
                21            22            23            24            25 
      1  -0.680568D+00  0.761617D+00  0.685969D+00 -0.455858D+00 -0.779369D+00
      2   0.599184D-01  0.685969D+00 -0.608050D+00 -0.810336D+00 -0.662824D+00
      3   0.917481D+00 -0.455858D+00 -0.810336D+00  0.460867D+00 -0.302075D+00
                26            27            28            29            30 
      1  -0.662824D+00 -0.302075D+00 -0.527332D+00  0.968291D+00  0.107698D+01
      2  -0.901822D+00  0.892168D+00  0.968291D+00  0.311040D+01  0.616346D+00
      3   0.892168D+00  0.155684D+01  0.107698D+01  0.616346D+00 -0.111029D+00
                31            32            33            34            35 
      1   0.217039D+00  0.159221D+01  0.220136D+00  0.538696D+00 -0.708195D+00
      2   0.159221D+01  0.145847D+01  0.170150D+01 -0.708195D+00 -0.567837D-02
      3   0.220136D+00  0.170150D+01  0.895556D+00 -0.503859D-01 -0.813188D+00
                36            37            38            39            40 
      1  -0.503859D-01 -0.523145D+00  0.895017D-01 -0.520212D+00  0.202880D+00
      2  -0.813188D+00  0.895017D-01 -0.552470D+00  0.201222D+00 -0.911566D+00
      3  -0.946938D+00 -0.520212D+00  0.201222D+00 -0.278159D+00  0.667213D-03
                41            42            43            44            45 
      1  -0.911566D+00  0.667213D-03 -0.432759D-01  0.511807D+00 -0.519305D-02
      2  -0.106737D+01 -0.171919D+01  0.511807D+00 -0.795916D+00  0.189422D+00
      3  -0.171919D+01 -0.773320D+00 -0.519305D-02  0.189422D+00  0.823732D+00
                46            47            48            49            50 
      1   0.113376D+01 -0.130641D+01 -0.122517D+01 -0.426092D+00 -0.523031D+00
      2  -0.130641D+01 -0.205084D+01 -0.768967D+00 -0.523031D+00 -0.170409D+00
      3  -0.122517D+01 -0.768967D+00  0.286668D+00 -0.156830D+00 -0.315221D+00
                51            52            53            54            55 
      1  -0.156830D+00 -0.673550D+00  0.260853D+00  0.842230D-02 -0.362625D+00
      2  -0.315221D+00  0.260853D+00  0.728353D+00  0.518778D+00 -0.471185D+00
      3   0.174671D+00  0.842230D-02  0.518778D+00  0.224318D+00 -0.363408D+00
                56            57            58            59            60 
      1  -0.471185D+00 -0.363408D+00 -0.145262D+00  0.119426D+00 -0.371286D+00
      2   0.118896D+00 -0.655260D+00  0.119426D+00 -0.189436D+01  0.194822D+01
      3  -0.655260D+00  0.234771D+01 -0.371286D+00  0.194822D+01  0.181566D+00
                61            62            63            64            65 
      1   0.215352D+00 -0.129775D+01 -0.108589D+00  0.112332D+01 -0.811459D+00
      2  -0.129775D+01  0.279472D+01  0.272500D+01 -0.811459D+00  0.168291D+00
      3  -0.108589D+00  0.272500D+01 -0.286725D+01  0.783546D+00  0.167966D+00
                66            67            68            69            70 
      1   0.783546D+00  0.180302D+01 -0.391227D+00  0.540096D+00 -0.255612D+00
      2   0.167966D+00 -0.391227D+00  0.103195D+01 -0.142152D+01  0.354837D+00
      3   0.168824D-01  0.540096D+00 -0.142152D+01 -0.901483D+00 -0.104511D+00
                71            72            73            74            75 
      1   0.354837D+00 -0.104511D+00  0.162632D-01  0.102539D+01  0.305275D-01
      2  -0.158725D+01 -0.134560D+01  0.102539D+01 -0.352173D+00  0.474618D+00
      3  -0.134560D+01  0.204989D+01  0.305275D-01  0.474618D+00 -0.216689D+01
                76            77            78            79            80 
      1  -0.706457D+00  0.243346D+00 -0.305415D+00  0.365802D-01  0.865944D+00
      2   0.243346D+00 -0.395408D+00 -0.251190D+00  0.865944D+00 -0.994811D+00
      3  -0.305415D+00 -0.251190D+00  0.365627D+00  0.153605D+00 -0.142818D+01
                81            82            83            84            85 
      1   0.153605D+00 -0.342958D+01 -0.242770D+00 -0.152608D+01 -0.975279D+00
      2  -0.142818D+01 -0.242770D+00  0.824137D+00 -0.368710D+00  0.101124D+01
      3   0.928164D+00 -0.152608D+01 -0.368710D+00  0.193279D+00 -0.304927D+00
                86            87            88            89            90 
      1   0.101124D+01 -0.304927D+00 -0.385661D+00  0.333331D+00  0.141519D+01
      2   0.158223D+01 -0.625797D+00  0.333331D+00 -0.106848D+00 -0.403107D+00
      3  -0.625797D+00 -0.349704D+00  0.141519D+01 -0.403107D+00  0.194381D+01
                91            92            93            94            95 
      1   0.146028D+01 -0.169066D-01  0.434121D+00  0.219566D+00 -0.338571D+00
      2  -0.169066D-01 -0.566284D+00  0.571685D+00 -0.338571D+00 -0.437115D+00
      3   0.434121D+00  0.571685D+00 -0.904201D+00  0.777211D+00  0.652781D-01
                96            97            98            99           100 
      1   0.777211D+00  0.883553D+00  0.478344D+00 -0.808466D+00  0.131777D+01
      2   0.652781D-01  0.478344D+00 -0.237840D+00  0.242965D+00  0.369520D+00
      3   0.849897D+00 -0.808466D+00  0.242965D+00 -0.215713D+01  0.830454D+00
               101           102           103           104           105 
      1   0.369520D+00  0.830454D+00 -0.197139D+00 -0.758031D+00 -0.331314D+00
      2  -0.324258D+00 -0.113138D-01 -0.758031D+00 -0.167444D+00  0.552576D+00
      3  -0.113138D-01  0.372044D+00 -0.331314D+00  0.552576D+00  0.774518D-01
               106           107           108           109           110 
      1  -0.339835D+00 -0.715764D+00 -0.394742D+00 -0.221387D+01  0.265811D-01
      2  -0.715764D+00  0.332912D+00  0.373302D+00  0.265811D-01  0.141382D+01
      3  -0.394742D+00  0.373302D+00 -0.122267D+00  0.751702D+00  0.671086D+00
               111           112           113           114           115 
      1   0.751702D+00  0.680914D+00  0.100256D+01  0.113800D+01  0.151450D+01
      2   0.671086D+00  0.100256D+01  0.420997D+00  0.293125D+00  0.186456D+01
      3   0.896517D+00  0.113800D+01  0.293125D+00 -0.369039D+00  0.170648D+01
               116           117           118           119           120 
      1   0.186456D+01  0.170648D+01  0.243144D+01 -0.565582D-01 -0.580600D+00
      2   0.213192D+01  0.149439D+01 -0.565582D-01 -0.976816D+00 -0.808087D+00
      3   0.149439D+01  0.764023D+00 -0.580600D+00 -0.808087D+00 -0.909616D+00
               121           122           123           124           125 
      1  -0.109130D+01 -0.118916D+01 -0.510715D+00 -0.721006D+00 -0.618215D+00
      2  -0.118916D+01 -0.617085D+00 -0.336450D+00 -0.618215D+00 -0.861098D+00
      3  -0.510715D+00 -0.336450D+00  0.430651D-01 -0.111567D+01 -0.732341D+00
               126           127           128           129           130 
      1  -0.111567D+01 -0.148201D+00 -0.102656D+00 -0.240484D+00  0.303240D+00
      2  -0.732341D+00 -0.102656D+00 -0.510668D+00  0.153376D+00  0.107544D+00
      3  -0.326318D+00 -0.240484D+00  0.153376D+00  0.214393D-01 -0.677009D+00
               131           132           133           134           135 
      1   0.107544D+00 -0.677009D+00 -0.834081D+00 -0.124140D+01 -0.661504D+00
      2   0.221887D+00  0.429415D-01 -0.124140D+01 -0.132223D+01 -0.839325D+00
      3   0.429415D-01  0.330725D+00 -0.661504D+00 -0.839325D+00 -0.491027D+00
               136           137           138           139           140 
      1  -0.615498D+00  0.109862D+01  0.732239D+00  0.214921D+01 -0.889246D+00
      2   0.109862D+01 -0.119947D+01 -0.302999D+00 -0.889246D+00 -0.976830D+00
      3   0.732239D+00 -0.302999D+00 -0.412676D+00  0.402289D+00 -0.429642D+00
               141           142           143           144           145 
      1   0.402289D+00  0.458766D+00  0.799211D+00  0.165094D+01 -0.842607D-01
      2  -0.429642D+00  0.799211D+00 -0.335492D+00 -0.954878D+00 -0.728004D+00
      3  -0.130102D+01  0.165094D+01 -0.954878D+00 -0.114160D+01 -0.350795D+00
               146           147           148           149           150 
      1  -0.728004D+00 -0.350795D+00 -0.172993D+01  0.103145D+01 -0.865391D-01
      2   0.152916D+00  0.618112D-01  0.103145D+01 -0.218255D+00  0.414622D-01
      3   0.618112D-01 -0.184439D+00 -0.865391D-01  0.414622D-01  0.861493D+00
               151           152           153           154           155 
      1  -0.872022D-01 -0.578196D+00 -0.799400D+00  0.106632D+01 -0.195370D+00
      2  -0.578196D+00  0.157210D+00  0.380788D+00 -0.195370D+00  0.796513D+00
      3  -0.799400D+00  0.380788D+00  0.767129D+00 -0.228728D+00  0.184099D+00
               156           157           158           159           160 
      1  -0.228728D+00  0.242011D+00 -0.275913D+00 -0.216457D+00 -0.571448D+00
      2   0.184099D+00 -0.275913D+00  0.733226D+00  0.250341D+00 -0.110637D+00
      3   0.725917D+00 -0.216457D+00  0.250341D+00  0.349702D+00 -0.602843D+00
               161           162           163           164           165 
      1  -0.110637D+00 -0.602843D+00 -0.151611D+01  0.686073D+00 -0.252702D+01
      2   0.204590D-01  0.294887D+00  0.686073D+00  0.432539D+00  0.429543D-01
      3   0.294887D+00  0.449530D+00 -0.252702D+01  0.429543D-01 -0.181123D+01
               166           167           168           169           170 
      1   0.117757D+01  0.161763D+00  0.129853D+01 -0.302408D+01  0.445534D+00
