 Entering Gaussian System, Link 0=g16
 Input=FREE.INP
 Output=FREE.OUT
 Initial command:
 /usr/local/g16-A.03/sse4/g16/l1.exe "/scratch/zronyj/p2/cluster_524/Gau-20257.inp" -scrdir="/scratch/zronyj/p2/cluster_524/"
 Entering Link 1 = /usr/local/g16-A.03/sse4/g16/l1.exe PID=     20258.
  
 Copyright (c) 1988,1990,1992,1993,1995,1998,2003,2009,2016,
            Gaussian, Inc.  All Rights Reserved.
  
 This is part of the Gaussian(R) 16 program.  It is based on
 the Gaussian(R) 09 system (copyright 2009, Gaussian, Inc.),
 the Gaussian(R) 03 system (copyright 2003, Gaussian, Inc.),
 the Gaussian(R) 98 system (copyright 1998, Gaussian, Inc.),
 the Gaussian(R) 94 system (copyright 1995, Gaussian, Inc.),
 the Gaussian 92(TM) system (copyright 1992, Gaussian, Inc.),
 the Gaussian 90(TM) system (copyright 1990, Gaussian, Inc.),
 the Gaussian 88(TM) system (copyright 1988, Gaussian, Inc.),
 the Gaussian 86(TM) system (copyright 1986, Carnegie Mellon
 University), and the Gaussian 82(TM) system (copyright 1983,
 Carnegie Mellon University). Gaussian is a federally registered
 trademark of Gaussian, Inc.
  
 This software contains proprietary and confidential information,
 including trade secrets, belonging to Gaussian, Inc.
  
 This software is provided under written license and may be
 used, copied, transmitted, or stored only in accord with that
 written license.
  
 The following legend is applicable only to US Government
 contracts under FAR:
  
                    RESTRICTED RIGHTS LEGEND
  
 Use, reproduction and disclosure by the US Government is
 subject to restrictions as set forth in subparagraphs (a)
 and (c) of the Commercial Computer Software - Restricted
 Rights clause in FAR 52.227-19.
  
 Gaussian, Inc.
 340 Quinnipiac St., Bldg. 40, Wallingford CT 06492
  
  
 ---------------------------------------------------------------
 Warning -- This program may not be used in any manner that
 competes with the business of Gaussian, Inc. or will provide
 assistance to any competitor of Gaussian, Inc.  The licensee
 of this program is prohibited from giving any competitor of
 Gaussian, Inc. access to this program.  By using this program,
 the user acknowledges that Gaussian, Inc. is engaged in the
 business of creating and licensing software in the field of
 computational chemistry and represents and warrants to the
 licensee that it is not a competitor of Gaussian, Inc. and that
 it will not use this program in any manner prohibited above.
 ---------------------------------------------------------------
  

 Cite this work as:
 Gaussian 16, Revision A.03,
 M. J. Frisch, G. W. Trucks, H. B. Schlegel, G. E. Scuseria, 
 M. A. Robb, J. R. Cheeseman, G. Scalmani, V. Barone, 
 G. A. Petersson, H. Nakatsuji, X. Li, M. Caricato, A. V. Marenich, 
 J. Bloino, B. G. Janesko, R. Gomperts, B. Mennucci, H. P. Hratchian, 
 J. V. Ortiz, A. F. Izmaylov, J. L. Sonnenberg, D. Williams-Young, 
 F. Ding, F. Lipparini, F. Egidi, J. Goings, B. Peng, A. Petrone, 
 T. Henderson, D. Ranasinghe, V. G. Zakrzewski, J. Gao, N. Rega, 
 G. Zheng, W. Liang, M. Hada, M. Ehara, K. Toyota, R. Fukuda, 
 J. Hasegawa, M. Ishida, T. Nakajima, Y. Honda, O. Kitao, H. Nakai, 
 T. Vreven, K. Throssell, J. A. Montgomery, Jr., J. E. Peralta, 
 F. Ogliaro, M. J. Bearpark, J. J. Heyd, E. N. Brothers, K. N. Kudin, 
 V. N. Staroverov, T. A. Keith, R. Kobayashi, J. Normand, 
 K. Raghavachari, A. P. Rendell, J. C. Burant, S. S. Iyengar, 
 J. Tomasi, M. Cossi, J. M. Millam, M. Klene, C. Adamo, R. Cammi, 
 J. W. Ochterski, R. L. Martin, K. Morokuma, O. Farkas, 
 J. B. Foresman, and D. J. Fox, Gaussian, Inc., Wallingford CT, 2016.
 
 ******************************************
 Gaussian 16:  ES64L-G16RevA.03 25-Dec-2016
                28-Aug-2023 
 ******************************************
 %chk=cluster_524.chk
 %mem=8GB
 %nproc=4
 Will use up to    4 processors via shared memory.
 ----------------------------------------------------------------------
 #b3lyp/6-311++G** scrf=(cpcm,Solvent=Water) nosymm freq=roa scf=(xqc,c
 onver=8) iop(2/11=1) geom=checkpoint guess=checkpoint
 ----------------------------------------------------------------------
 1/10=4,29=2,30=1,38=1,83=21/1,3;
 2/11=1,12=2,15=1,40=1/2;
 3/5=4,6=6,7=1111,11=2,14=-4,25=1,30=1,36=2,70=2101,71=2,72=1,74=-5,116=-2,140=1/1,2,3;
 4/5=1/1;
 5/5=2,6=8,8=3,13=1,38=6,53=1,98=1/2,8;
 8/6=4,10=90,11=11/1;
 10/13=10,15=4,31=1,49=111,72=3/2;
 11/6=3,8=1,9=11,15=111,16=1,31=1/1,2,10;
 10/6=1,31=1,49=111/2;
 6/7=2,8=2,9=2,10=2,28=1/1;
 7/8=1,10=1,25=1,30=1/1,2,3,16;
 1/10=4,30=1/3;
 99//99;
 ---------------
 ROA cluster_524
 ---------------
 Structure from the checkpoint file:  "cluster_524.chk"
 Charge =  0 Multiplicity = 1
 No Z-Matrix found in chk file; cartesian coordinates used.
  O                                                18.520064870000      6.935237110000     13.786969670000
  H                                                18.183363970000      6.751423880000     14.676379330000
  H                                                19.473432350000      7.055198220000     13.934787870000
  O                                                18.643198780000     11.753047540000     14.629629490000
  H                                                18.299629280000     11.012112000000     14.113533310000
  H                                                17.967315940000     12.437061690000     14.524855800000
  O                                                18.178840270000     10.425375300000     18.558299140000
  H                                                17.896130850000     11.259476340000     18.979082920000
  H                                                18.534539170000     10.719067530000     17.706641630000
  O                                                17.586812380000     13.307345790000     19.488050110000
  H                                                16.667856710000     13.314406640000     19.797409240000
  H                                                18.104623930000     13.491385210000     20.281194200000
  O                                                17.599579280000      7.658612410000     17.898007820000
  H                                                17.712787160000      8.583975950000     18.181761190000
  H                                                16.744474600000      7.413403320000     18.273624380000
  O                                                22.114572720000      7.389454060000     14.285350920000
  H                                                22.491530040000      6.500363110000     14.286774930000
  H                                                22.432122560000      7.768439550000     13.453068150000
  O                                                22.002471790000     12.488714510000     15.320205020000
  H                                                21.072575260000     12.761856770000     15.293259230000
  H                                                21.970022470000     11.628364700000     15.761308710000
  O                                                21.716066550000      9.266472340000     19.034390580000
  H                                                21.824083510000      8.306535960000     19.015305010000
  H                                                21.945561990000      9.532354520000     18.133200990000
  O                                                22.110050110000     12.404424680000     18.805567900000
  H                                                22.921726300000     12.580873080000     19.301862300000
  H                                                22.438719220000     11.861580600000     18.069226620000
  O                                                23.939511090000     14.289902190000     16.808281330000
  H                                                23.259407500000     13.664914630000     16.489805880000
  H                                                23.890087580000     15.007012010000     16.159346870000
  O                                                23.395464110000     10.458530460000     16.740949120000
  H                                                24.079678790000     10.247325090000     17.388070380000
  H                                                23.876401240000     10.635971300000     15.921319760000
 Recover connectivity data from disk.
 Using perturbation frequencies:    0.085645

 GradGradGradGradGradGradGradGradGradGradGradGradGradGradGradGradGradGrad
 Berny optimization.
 Initialization pass.
 Trust Radius=3.00D-01 FncErr=1.00D-07 GrdErr=1.00D-07 EigMax=2.50D+02 EigMin=1.00D-04
 Number of steps in this run=      2 maximum allowed number of steps=      2.
 GradGradGradGradGradGradGradGradGradGradGradGradGradGradGradGradGradGrad

                          Input orientation:                          
 ---------------------------------------------------------------------
 Center     Atomic      Atomic             Coordinates (Angstroms)
 Number     Number       Type             X           Y           Z
 ---------------------------------------------------------------------
      1          8           0       18.520065    6.935237   13.786970
      2          1           0       18.183364    6.751424   14.676379
      3          1           0       19.473432    7.055198   13.934788
      4          8           0       18.643199   11.753048   14.629629
      5          1           0       18.299629   11.012112   14.113533
      6          1           0       17.967316   12.437062   14.524856
      7          8           0       18.178840   10.425375   18.558299
      8          1           0       17.896131   11.259476   18.979083
      9          1           0       18.534539   10.719068   17.706642
     10          8           0       17.586812   13.307346   19.488050
     11          1           0       16.667857   13.314407   19.797409
     12          1           0       18.104624   13.491385   20.281194
     13          8           0       17.599579    7.658612   17.898008
     14          1           0       17.712787    8.583976   18.181761
     15          1           0       16.744475    7.413403   18.273624
     16          8           0       22.114573    7.389454   14.285351
     17          1           0       22.491530    6.500363   14.286775
     18          1           0       22.432123    7.768440   13.453068
     19          8           0       22.002472   12.488715   15.320205
     20          1           0       21.072575   12.761857   15.293259
     21          1           0       21.970022   11.628365   15.761309
     22          8           0       21.716067    9.266472   19.034391
     23          1           0       21.824084    8.306536   19.015305
     24          1           0       21.945562    9.532355   18.133201
     25          8           0       22.110050   12.404425   18.805568
     26          1           0       22.921726   12.580873   19.301862
     27          1           0       22.438719   11.861581   18.069227
     28          8           0       23.939511   14.289902   16.808281
     29          1           0       23.259408   13.664915   16.489806
     30          1           0       23.890088   15.007012   16.159347
     31          8           0       23.395464   10.458530   16.740949
     32          1           0       24.079679   10.247325   17.388070
     33          1           0       23.876401   10.635971   15.921320
 ---------------------------------------------------------------------
                    Distance matrix (angstroms):
                    1          2          3          4          5
     1  O    0.000000
     2  H    0.968609   0.000000
     3  H    0.972188   1.518721   0.000000
     4  O    4.892498   5.022935   4.820983   0.000000
     5  H    4.095869   4.299276   4.131214   0.966116   0.000000
     6  H    5.578538   5.691758   5.619699   0.967301   1.519901
     7  O    5.921409   5.344833   5.866082   4.172863   4.484952
     8  H    6.785748   6.238453   6.753425   4.440661   4.888514
     9  H    5.448065   5.004799   5.341567   3.247911   3.612684
    10  O    8.600991   8.154027   8.572480   5.209227   5.887413
    11  H    8.958229   8.461351   9.023263   5.748545   6.345840
    12  H    9.237458   8.766255   9.141937   5.937345   6.650178
    13  O    4.274482   3.397453   4.425217   5.341895   5.104731
    14  H    4.762796   3.983389   4.844978   4.850394   4.773961
    15  H    4.848859   3.930495   5.138193   5.976317   5.716255
    16  O    3.657210   4.001798   2.685190   5.586583   5.263741
    17  H    4.026345   4.333026   3.088794   6.520575   6.161000
    18  H    4.013715   4.536823   3.081333   5.622930   5.294821
    19  O    6.731945   6.922182   6.151302   3.507537   4.165028
    20  H    6.537103   6.697267   6.080185   2.712927   3.484622
    21  H    6.150258   6.269004   5.521140   3.516248   4.070223
    22  O    6.571492   6.147985   5.993754   5.918403   6.239723
    23  H    6.335021   5.873627   5.736119   6.421107   6.615836
    24  H    6.113001   5.816986   5.465748   5.302084   5.624965
    25  O    8.245383   8.026548   7.700031   5.466426   6.202663
    26  H    9.036696   8.822111   8.439745   6.389120   7.123451
    27  H    7.613307   7.465465   6.999130   5.123337   5.788020
    28  O    9.622360   9.721465   8.974618   6.263631   7.057892
    29  H    8.663443   8.766475   8.034306   5.331498   6.106016
    30  H    9.980925  10.144980   9.364126   6.360673   7.169226
    31  O    6.701426   6.720943   5.902503   5.358868   5.759974
    32  H    7.405887   7.371643   6.582730   6.279451   6.687037
    33  H    6.851367   7.003589   6.012851   5.504792   5.874518
                    6          7          8          9         10
     6  H    0.000000
     7  O    4.512238   0.000000
     8  H    4.607810   0.976068   0.000000
     9  H    3.660192   0.968554   1.522732   0.000000
    10  O    5.053264   3.085561   2.132720   3.281888   0.000000
    11  H    5.500741   3.487831   2.530030   3.819895   0.969656
    12  H    5.853707   3.517711   2.592370   3.807741   0.964923
    13  O    5.860628   2.902844   3.771324   3.205800   5.868269
    14  H    5.318271   1.936424   2.797792   2.336585   4.902294
    15  H    6.386372   3.348196   4.076305   3.801739   6.076423
    16  O    6.537235   6.554761   7.402935   5.967260   9.087911
    17  H    7.467904   7.228481   8.110771   6.719429   9.871400
    18  H    6.548226   7.156333   7.956092   6.479988   9.517222
    19  O    4.113117   5.418743   5.635641   4.566540   6.126919
    20  H    3.215365   4.949074   5.092371   4.054507   5.481275
    21  H    4.266669   4.862448   5.204493   4.051381   5.993339
    22  O    6.666459   3.752558   4.308948   3.740998   5.795274
    23  H    7.218035   4.241006   4.914263   4.284158   6.571610
    24  H    6.106056   3.894405   4.482896   3.636663   5.923249
    25  O    5.957164   4.408196   4.370141   4.102724   4.662695
    26  H    6.883797   5.262511   5.206427   5.025780   5.387368
    27  H    5.734735   4.521996   4.671775   4.084045   5.257784
    28  O    6.656889   7.154192   7.100585   6.540003   6.964435
    29  H    5.777100   6.370671   6.383367   5.699393   6.426170
    30  H    6.659987   7.704850   7.610680   7.032957   7.328056
    31  O    6.187928   5.524222   5.991112   4.962765   7.028709
    32  H    7.096050   6.018391   6.464676   5.574280   7.478700
    33  H    6.333350   6.281736   6.745540   5.632918   7.708225
                   11         12         13         14         15
    11  H    0.000000
    12  H    1.526325   0.000000
    13  O    6.038530   6.321067   0.000000
    14  H    5.106777   5.351992   0.974489   0.000000
    15  H    6.095050   6.543868   0.965619   1.521942   0.000000
    16  O    9.754720   9.447930   5.788687   5.998718   6.689159
    17  H   10.522046  10.200608   6.189808   6.507591   7.053882
    18  H   10.209563   9.904679   6.566812   6.730361   7.464124
    19  O    7.013219   6.388269   7.025697   6.468144   7.882132
    20  H    6.324099   5.849824   6.699964   6.089853   7.498065
    21  H    6.873559   6.232296   6.278948   5.766363   7.168262
    22  O    6.515550   5.696220   4.563118   4.149581   5.359977
    23  H    7.230293   6.505345   4.417533   4.204108   5.210586
    24  H    6.702811   5.919510   4.738543   4.337991   5.617916
    25  O    5.606183   4.404815   6.609898   5.858403   7.347289
    26  H    6.316211   4.999260   7.384085   6.660545   8.119018
    27  H    6.196787   5.131612   6.411828   5.752373   7.228588
    28  O    7.922338   6.837007   9.238844   8.556643  10.059921
    29  H    7.383200   6.401291   8.372118   7.709971   9.203681
    30  H    8.262023   7.263494   9.828144   9.138085  10.639213
    31  O    7.922038   7.051562   6.539924   6.154893   7.473791
    32  H    8.375381   7.388868   6.996653   6.628272   7.913314
    33  H    8.611690   7.776587   7.222912   6.878257   8.172066
                   16         17         18         19         20
    16  O    0.000000
    17  H    0.965703   0.000000
    18  H    0.968072   1.518754   0.000000
    19  O    5.204416   6.096516   5.094290   0.000000
    20  H    5.564562   6.498673   5.492621   0.969557   0.000000
    21  H    4.490847   5.361214   4.521121   0.967382   1.519634
    22  O    5.122049   5.549104   5.823057   4.925449   5.160219
    23  H    4.826789   5.105560   5.621187   5.583566   5.853911
    24  H    4.407555   4.928088   5.025115   4.081207   4.388287
    25  O    6.751467   7.444660   7.088395   3.488041   3.679732
    26  H    7.264139   7.893591   7.589968   4.087434   4.418259
    27  H    5.867086   6.561431   6.169503   2.853196   3.222242
    28  O    7.570453   8.314539   7.487266   3.034925   3.584625
    29  H    6.749198   7.534838   6.683906   2.081178   2.651315
    30  H    8.043103   8.821880   7.864257   3.257157   3.705294
    31  O    4.133990   4.744171   4.356005   2.842638   3.577280
    32  H    4.653594   5.116637   4.933919   3.689808   4.444522
    33  H    4.039840   4.657559   4.049808   2.702889   3.574254
                   21         22         23         24         25
    21  H    0.000000
    22  O    4.044267   0.000000
    23  H    4.652347   0.966183   0.000000
    24  H    3.165396   0.967215   1.515089   0.000000
    25  O    3.144740   3.170856   4.113205   2.954305   0.000000
    26  H    3.787946   3.537006   4.422318   3.407658   0.967606
    27  H    2.366548   2.861530   3.729770   2.381720   0.972060
    28  O    3.472581   5.927404   6.719126   5.325928   3.300168
    29  H    2.518086   5.310660   6.095123   4.637347   2.876215
    30  H    3.906449   6.778351   7.571080   6.135891   4.116367
    31  O    2.088083   3.082410   3.503286   2.213229   3.114714
    32  H    3.000712   3.042878   3.391499   2.370835   3.246816
    33  H    2.155163   4.029117   4.383038   3.136643   3.816584
                   26         27         28         29         30
    26  H    0.000000
    27  H    1.506675   0.000000
    28  O    3.189767   3.120754   0.000000
    29  H    3.032629   2.533794   0.977025   0.000000
    30  H    4.086475   3.955736   0.968403   1.519272   0.000000
    31  O    3.359619   2.155976   3.870391   3.219081   4.612114
    32  H    3.232476   2.400530   4.086347   3.627622   4.919383
    33  H    4.015235   2.860516   3.760571   3.142985   4.377538
                   31         32         33
    31  O    0.000000
    32  H    0.965155   0.000000
    33  H    0.966736   1.530923   0.000000
 Symmetry turned off by external request.
 Stoichiometry    H22O11
 Framework group  C1[X(H22O11)]
 Deg. of freedom    93
 Full point group                 C1      NOp   1
 Rotational constants (GHZ):           0.3285713           0.2602140           0.1999355
 Standard basis: 6-311++G(d,p) (5D, 7F)
   396 basis functions,   594 primitive gaussians,   407 cartesian basis functions
    55 alpha electrons       55 beta electrons
       nuclear repulsion energy       685.8359507931 Hartrees.
 NAtoms=   33 NActive=   33 NUniq=   33 SFac= 1.00D+00 NAtFMM=   60 NAOKFM=F Big=F
 Integral buffers will be    131072 words long.
 Raffenetti 2 integral format.
 Two-electron integral symmetry is turned off.
 Force inversion solution in PCM.
 ------------------------------------------------------------------------------
 Polarizable Continuum Model (PCM)
 =================================
 Model                : C-PCM.
 Atomic radii         : UFF (Universal Force Field).
 Polarization charges : Total charges.
 Charge compensation  : None.
 Solution method      : Matrix inversion.
 Cavity type          : Scaled VdW (van der Waals Surface) (Alpha=1.100).
 Cavity algorithm     : GePol (No added spheres)
                        Default sphere list used, NSphG=   33.
                        Lebedev-Laikov grids with approx.  5.0 points / Ang**2.
                        Smoothing algorithm: York/Karplus (Gamma=1.0000).
                        Polarization charges: spherical gaussians, with
                                              point-specific exponents (IZeta= 3).
                        Self-potential: point-specific (ISelfS= 7).
                        Self-field    : sphere-specific E.n sum rule (ISelfD= 2).
 1st derivatives      : Analytical E(r).r(x)/FMM algorithm (CHGder, D1EAlg=3).
                        Cavity 1st derivative terms included.
 2nd derivatives      : Analytical E(r).r(xy)/FMM algorithm (CHGder, D2EAlg=3).
                        Cavity 2nd derivative terms included.
 Solvent              : Water, Eps=  78.355300 Eps(inf)=   1.777849
 ------------------------------------------------------------------------------
 One-electron integrals computed using PRISM.
 NBasis=   396 RedAO= T EigKep=  6.09D-04  NBF=   396
 NBsUse=   396 1.00D-06 EigRej= -1.00D+00 NBFU=   396
 Initial guess from the checkpoint file:  "cluster_524.chk"
 B after Tr=     0.000000    0.000000    0.000000
         Rot=    1.000000    0.000000    0.000000    0.000000 Ang=   0.00 deg.
 Requested convergence on RMS density matrix=1.00D-08 within  32 cycles.
 Requested convergence on MAX density matrix=1.00D-06.
 Requested convergence on             energy=1.00D-06.
 No special actions if energy rises.
 Inv3:  Mode=1 IEnd=    37807500.
 Iteration    1 A*A^-1 deviation from unit magnitude is 7.33D-15 for   3546.
 Iteration    1 A*A^-1 deviation from orthogonality  is 2.11D-15 for   3517    477.
 Iteration    1 A^-1*A deviation from unit magnitude is 7.33D-15 for   3546.
 Iteration    1 A^-1*A deviation from orthogonality  is 1.91D-15 for   2594   2024.
 Error on total polarization charges =  0.01635
 SCF Done:  E(RB3LYP) =  -841.153739571     A.U. after   10 cycles
            NFock= 10  Conv=0.23D-08     -V/T= 2.0036
 QCSCF skips out because SCF is already converged.
 DoSCS=F DFT=T ScalE2(SS,OS)=  1.000000  1.000000
 Range of M.O.s used for correlation:     1   396
 NBasis=   396 NAE=    55 NBE=    55 NFC=     0 NFV=     0
 NROrb=    396 NOA=    55 NOB=    55 NVA=   341 NVB=   341

 **** Warning!!: The largest alpha MO coefficient is  0.11162656D+02

 NEqPCM:  Using non-equilibrium solvation (IEInf=1, Eps=  78.3553, EpsInf=   1.7778)
 Inv3:  Mode=1 IEnd=    37807500.
 Iteration    1 A*A^-1 deviation from unit magnitude is 7.33D-15 for   3546.
 Iteration    1 A*A^-1 deviation from orthogonality  is 2.11D-15 for   3517    477.
 Iteration    1 A^-1*A deviation from unit magnitude is 7.33D-15 for   3546.
 Iteration    1 A^-1*A deviation from orthogonality  is 1.91D-15 for   2594   2024.
          Differentiating once with respect to electric field.
                with respect to dipole field.
                with respect to quadrupole field.
          Differentiating once with respect to magnetic field using GIAOs.
          Electric field/nuclear overlap derivatives assumed to be zero.
 FoFJK:  IHMeth= 1 ICntrl=    6127 DoSepK=F KAlg= 0 I1Cent=           0 FoldK=F
 IRaf=         1 NMat=       1 IRICut=       1 DoRegI=T DoRafI=F ISym2E= 0 IDoP0=0 IntGTp=1.
 CalDSu exits because no D1Ps are significant.
          There are    12 degrees of freedom in the 1st order CPHF.  IDoFFX=0 NUNeed=    12.
     11 vectors produced by pass  0 Test12= 3.13D-13 8.33D-09 XBig12= 1.00D+00 1.49D-01.
 AX will form    11 AO Fock derivatives at one time.
     11 vectors produced by pass  1 Test12= 3.13D-13 8.33D-09 XBig12= 1.07D-01 3.36D-02.
     11 vectors produced by pass  2 Test12= 3.13D-13 8.33D-09 XBig12= 3.92D-02 2.59D-02.
     11 vectors produced by pass  3 Test12= 3.13D-13 8.33D-09 XBig12= 1.95D-03 7.87D-03.
     11 vectors produced by pass  4 Test12= 3.13D-13 8.33D-09 XBig12= 6.29D-05 9.00D-04.
     11 vectors produced by pass  5 Test12= 3.13D-13 8.33D-09 XBig12= 2.74D-06 1.53D-04.
     11 vectors produced by pass  6 Test12= 3.13D-13 8.33D-09 XBig12= 6.49D-08 2.66D-05.
     11 vectors produced by pass  7 Test12= 3.13D-13 8.33D-09 XBig12= 1.26D-09 3.37D-06.
     11 vectors produced by pass  8 Test12= 3.13D-13 8.33D-09 XBig12= 2.41D-11 4.06D-07.
      9 vectors produced by pass  9 Test12= 3.13D-13 8.33D-09 XBig12= 4.68D-13 4.91D-08.
 InvSVY:  IOpt=1 It=  1 EMax= 5.68D-13
 Solved reduced A of dimension   108 with    12 vectors.
 Isotropic polarizability for W=    0.085645      100.90 Bohr**3.
 Dipole-magnetic dipole polarizability for W=    0.085645:
                 1             2             3 
      1   0.432223D+02  0.165968D+04 -0.955535D+03
      2  -0.159884D+04 -0.178462D+02  0.191323D+04
      3   0.949800D+03 -0.200359D+04 -0.252795D+02
 DQ contribution to OR G for W=    0.085645:
                 1             2             3 
      1   0.865435D+02  0.540693D+04 -0.341701D+04
      2  -0.528692D+04 -0.353827D+02  0.644462D+04
      3   0.340408D+04 -0.662623D+04 -0.511608D+02
 Optical Rotation G' tensor for W=    0.085645:
                 1             2             3 
      1   0.730185D-01 -0.208708D+00 -0.182935D+00
      2  -0.208708D+00  0.125699D+00 -0.111495D+00
      3  -0.182935D+00 -0.111495D+00 -0.102182D+00
 OR G Eigenvalues:    -0.3187     0.1010     0.3142  Iso=    -0.0322
 Eigenvectors:
   (1)   0.561607   0.439631   0.700943
   (2)  -0.441577  -0.557172   0.703257
   (3)  -0.699719   0.704474   0.118781
 w=    0.085645 a.u., Optical Rotation Beta=     -0.0322 au.
 Molar Mass =    198.1672 grams/mole, [Alpha] ( 5320.0 A) =       -7.70 deg.
 End of Minotr F.D. properties on file   721 Mask=       B NFrqRd=     1 NDeriv=     1 ND12= 1 LenFil=      39:
 Frequencies=    0.085645
 Property number 1 -- Alpha(-w,w) frequency  1    0.085645:
                 1             2             3 
      1   0.100186D+03  0.258388D+01 -0.507698D+00
      2   0.258388D+01  0.104678D+03  0.144338D+01
      3  -0.507698D+00  0.144338D+01  0.978433D+02
 Property number 2 -- FD Optical Rotation Tensor frequency  1    0.085645:
                 1             2             3 
      1   0.432223D+02  0.165968D+04 -0.955535D+03
      2  -0.159884D+04 -0.178462D+02  0.191323D+04
      3   0.949800D+03 -0.200359D+04 -0.252795D+02
 Property number 4 -- D-Q polarizability frequency  1    0.085645:
                 1             2             3 
      1   0.517077D+04 -0.129664D+04 -0.211795D+04
      2  -0.251912D+04  0.269875D+04 -0.202366D+04
      3  -0.265165D+04 -0.140212D+04  0.414161D+04
      4   0.210744D+04  0.410711D+04  0.385939D+02
      5   0.316896D+04  0.125137D+03  0.379296D+04
      6   0.739766D+02  0.338327D+04  0.201489D+04
 End of Minotr F.D. properties file   722 does not exist.
 End of Minotr F.D. properties file   788 does not exist.
 Symmetrizing basis deriv contribution to polar:
 IMax=3 JMax=2 DiffMx= 0.00D+00
 G2DrvN: will do    34 centers at a time, making    1 passes.
 PxScal for G2LodP:  IOpCl= 0 ISclPx=1 IMOff=     1 NMtTot=    25 NTT=   78606 ScalPx= 1.81D+02
 Calling FoFCou, ICntrl=  3107 FMM=F I1Cent=   0 AccDes= 0.00D+00.
 PxScal for G2LodP:  IOpCl= 0 ISclPx=0 IMOff=     1 NMtTot=    25 NTT=   78606 ScalPx= 1.00D+00
 NEqPCM:  Using non-equilibrium solvation (IEInf=1, Eps=  78.3553, EpsInf=   1.7778)
 G2PCM: DoFxE=T DoFxN=T DoGrad=T DoDP/DQ/DG/TGxP=TTTF NFrqRd=   1 IEInf=1 SqF1=F DoCFld=F IF1Alg=4.
 End of G2Drv F.D. properties on file   721 Mask=       B NFrqRd=     1 NDeriv=     1 ND12= 1 LenFil=      39:
 Frequencies=    0.085645
 Property number 1 -- Alpha(-w,w) frequency  1    0.085645:
                 1             2             3 
      1   0.100186D+03  0.258388D+01 -0.507698D+00
      2   0.258388D+01  0.104678D+03  0.144338D+01
      3  -0.507698D+00  0.144338D+01  0.978433D+02
 Property number 2 -- FD Optical Rotation Tensor frequency  1    0.085645:
                 1             2             3 
      1   0.432223D+02  0.165968D+04 -0.955535D+03
      2  -0.159884D+04 -0.178462D+02  0.191323D+04
      3   0.949800D+03 -0.200359D+04 -0.252795D+02
 Property number 4 -- D-Q polarizability frequency  1    0.085645:
                 1             2             3 
      1   0.517077D+04 -0.129664D+04 -0.211795D+04
      2  -0.251912D+04  0.269875D+04 -0.202366D+04
      3  -0.265165D+04 -0.140212D+04  0.414161D+04
      4   0.210744D+04  0.410711D+04  0.385939D+02
      5   0.316896D+04  0.125137D+03  0.379296D+04
      6   0.739766D+02  0.338327D+04  0.201489D+04
 End of G2Drv F.D. properties on file   722 Mask=       B NFrqRd=     1 NDeriv=    99 ND12= 1 LenFil=    3567:
 Frequencies=    0.085645
 Property number 1 -- Alpha(-w,w) derivatives, frequency  1    0.085645:
                 1             2             3             4             5 
      1  -0.217484D+01 -0.860967D+00 -0.561456D+00 -0.838737D+00  0.117740D+01
      2  -0.860967D+00  0.272627D-01 -0.522734D+00  0.117740D+01  0.326994D+01
      3  -0.561456D+00 -0.522734D+00  0.318159D+00 -0.225629D+00  0.220060D+01
                 6             7             8             9            10 
      1  -0.225629D+00 -0.163133D+00 -0.579287D-01  0.227352D+00  0.662537D-01
      2   0.220060D+01 -0.579287D-01  0.200013D+01  0.300469D+00  0.271284D-01
      3   0.742147D+00  0.227352D+00  0.300469D+00 -0.102873D+01 -0.119522D+00
                11            12            13            14            15 
      1   0.271284D-01 -0.119522D+00  0.334283D+00 -0.627912D+00 -0.511161D-01
      2   0.571712D+00  0.192611D+00 -0.627912D+00 -0.135332D+01 -0.105754D+01
      3   0.192611D+00 -0.649076D+00 -0.511161D-01 -0.105754D+01 -0.506569D+00
                16            17            18            19            20 
      1  -0.443998D+00 -0.303570D+00 -0.341638D+00  0.224275D+01  0.715351D+00
      2  -0.303570D+00 -0.163681D+01 -0.148292D+00  0.715351D+00 -0.648164D+00
      3  -0.341638D+00 -0.148292D+00  0.129243D+01  0.579903D+00  0.411290D+00
                21            22            23            24            25 
      1   0.579903D+00  0.469033D+00 -0.587638D+00  0.255912D+00  0.582544D+00
      2   0.411290D+00 -0.587638D+00 -0.194025D+01 -0.117538D+01  0.386138D+00
      3   0.302814D+00  0.255912D+00 -0.117538D+01 -0.219201D+00  0.192301D-01
                26            27            28            29            30 
      1   0.386138D+00  0.192301D-01 -0.735517D-01 -0.350137D+00  0.163719D+00
      2  -0.420247D+00 -0.209315D+00 -0.350137D+00 -0.243165D-01  0.118798D+01
      3  -0.209315D+00 -0.296561D+00  0.163719D+00  0.118798D+01 -0.216653D+01
                31            32            33            34            35 
      1   0.359526D+00 -0.215066D+00  0.577757D-01 -0.131591D+01 -0.229329D+00
      2  -0.215066D+00  0.512816D+00  0.290925D+00 -0.229329D+00  0.819045D+00
      3   0.577757D-01  0.290925D+00 -0.988647D+00  0.396702D-01 -0.678202D+00
                36            37            38            39            40 
      1   0.396702D-01 -0.328477D-01  0.348519D+00 -0.638731D-01  0.264708D+00
      2  -0.678202D+00  0.348519D+00 -0.292560D+00 -0.315383D+00  0.135786D+00
      3   0.124370D+01 -0.638731D-01 -0.315383D+00  0.107447D+01 -0.950669D-01
                41            42            43            44            45 
      1   0.135786D+00 -0.950669D-01  0.760058D+00  0.304072D+00  0.191495D-01
      2  -0.554927D+00 -0.447047D+00  0.304072D+00 -0.613537D+00  0.285596D+00
      3  -0.447047D+00  0.116174D+01  0.191495D-01  0.285596D+00 -0.249746D+00
                46            47            48            49            50 
      1   0.353530D+00 -0.419425D-01  0.516490D-01 -0.452753D+00 -0.167966D-01
      2  -0.419425D-01  0.279826D+00 -0.860747D+00 -0.167966D-01 -0.106381D+00
      3   0.516490D-01 -0.860747D+00  0.112395D+01  0.110743D+00  0.122739D+00
                51            52            53            54            55 
      1   0.110743D+00  0.634510D+00 -0.861810D-01 -0.594723D-01  0.199871D+01
      2   0.122739D+00 -0.861810D-01 -0.272124D+00  0.321153D+00  0.476477D+00
      3  -0.175949D+00 -0.594723D-01  0.321153D+00 -0.863121D+00  0.323402D+00
                56            57            58            59            60 
      1   0.476477D+00  0.323402D+00  0.135944D+01  0.162672D+01  0.799876D+00
      2   0.717061D+00  0.334291D+00  0.162672D+01 -0.640351D+00 -0.148821D+01
      3   0.334291D+00 -0.147716D+01  0.799876D+00 -0.148821D+01 -0.683227D+00
                61            62            63            64            65 
      1   0.108953D+01  0.875608D+00 -0.104676D+01 -0.345395D+00 -0.270303D+00
      2   0.875608D+00 -0.834165D+00 -0.797983D+00 -0.270303D+00 -0.602244D+00
      3  -0.104676D+01 -0.797983D+00  0.384152D+00  0.359832D+00 -0.286651D+00
                66            67            68            69            70 
      1   0.359832D+00 -0.146716D+01 -0.124973D+01 -0.545160D+00 -0.772859D+00
      2  -0.286651D+00 -0.124973D+01  0.138698D+01  0.103360D+01 -0.559528D+00
      3   0.401753D+00 -0.545160D+00  0.103360D+01  0.648238D+00 -0.355355D+00
                71            72            73            74            75 
      1  -0.559528D+00 -0.355355D+00 -0.164595D+01  0.192916D-01 -0.423502D+00
      2   0.948174D+00  0.715265D+00  0.192916D-01  0.723930D-01 -0.184673D+00
      3   0.715265D+00  0.692040D+00 -0.423502D+00 -0.184673D+00  0.773222D+00
                76            77            78            79            80 
      1  -0.693362D-01 -0.301813D-01 -0.572290D+00 -0.107314D+00 -0.345825D+00
      2  -0.301813D-01 -0.137871D+00  0.493703D-01 -0.345825D+00 -0.186463D+00
      3  -0.572290D+00  0.493703D-01  0.559362D+00  0.109415D+01  0.440566D+00
                81            82            83            84            85 
      1   0.109415D+01 -0.357530D+00  0.799716D+00 -0.298796D+00 -0.334911D+00
      2   0.440566D+00  0.799716D+00 -0.105815D+00  0.568334D+00  0.120452D+01
      3  -0.842236D+00 -0.298796D+00  0.568334D+00 -0.377043D+00 -0.196014D+00
                86            87            88            89            90 
      1   0.120452D+01 -0.196014D+00 -0.825036D+00 -0.198881D+00 -0.161452D+00
      2  -0.245759D+01  0.103586D-01 -0.198881D+00  0.238936D+01 -0.578933D+00
      3   0.103586D-01  0.403800D+00 -0.161452D+00 -0.578933D+00  0.320255D+00
                91            92            93            94            95 
      1   0.200387D+00 -0.609453D+00 -0.215455D+00  0.259435D+00 -0.460931D+00
      2  -0.609453D+00  0.491163D+00 -0.466998D+00 -0.460931D+00  0.115440D+01
      3  -0.215455D+00 -0.466998D+00  0.831361D+00  0.223161D+00 -0.123894D+00
                96            97            98            99           100 
      1   0.223161D+00 -0.126039D+00  0.583060D+00  0.150824D+00  0.105124D+00
      2  -0.123894D+00  0.583060D+00 -0.960959D+00  0.278632D+00 -0.192882D+00
      3  -0.404335D+00  0.150824D+00  0.278632D+00 -0.104595D-01  0.389872D+00
               101           102           103           104           105 
      1  -0.192882D+00  0.389872D+00  0.144143D+00 -0.399627D+00  0.335280D+00
      2  -0.355817D+00  0.101191D-01 -0.399627D+00  0.111688D+01 -0.209855D-01
      3   0.101191D-01 -0.366866D+00  0.335280D+00 -0.209855D-01 -0.557513D+00
               106           107           108           109           110 
      1   0.863828D+00 -0.236347D+00  0.231310D+00  0.460261D-01  0.299831D+00
      2  -0.236347D+00 -0.147155D+01  0.103451D+00  0.299831D+00 -0.922323D+00
      3   0.231310D+00  0.103451D+00 -0.564456D+00  0.306570D+00  0.178554D+01
               111           112           113           114           115 
      1   0.306570D+00  0.198879D+00 -0.450798D+00 -0.627718D+00  0.197225D+01
      2   0.178554D+01 -0.450798D+00 -0.198150D+01 -0.202088D+01  0.589640D+00
      3  -0.153774D+01 -0.627718D+00 -0.202088D+01  0.877743D+00  0.133033D+01
               116           117           118           119           120 
      1   0.589640D+00  0.133033D+01 -0.529241D+00 -0.923480D+00 -0.525873D+00
      2  -0.261807D+01  0.176746D+01 -0.923480D+00 -0.515428D+00 -0.518276D+00
      3   0.176746D+01  0.178694D+00 -0.525873D+00 -0.518276D+00  0.591031D+00
               121           122           123           124           125 
      1   0.117264D+00 -0.481846D+00 -0.382723D-01 -0.968588D+00 -0.133496D+00
      2  -0.481846D+00  0.174866D+01  0.236164D+01 -0.133496D+00  0.240730D+01
      3  -0.382723D-01  0.236164D+01 -0.768999D+00 -0.707268D+00 -0.113066D+01
               126           127           128           129           130 
      1  -0.707268D+00  0.391882D+00  0.425982D+00  0.167614D+00 -0.192621D+00
      2  -0.113066D+01  0.425982D+00  0.109981D+01 -0.122550D+01  0.874774D-01
      3  -0.798445D-01  0.167614D+00 -0.122550D+01  0.107558D+01  0.625095D+00
               131           132           133           134           135 
      1   0.874774D-01  0.625095D+00 -0.110677D+01 -0.598814D+00 -0.581448D+00
      2  -0.226741D+00  0.258987D+00 -0.598814D+00  0.391605D+00 -0.696217D+00
      3   0.258987D+00 -0.527525D-01 -0.581448D+00 -0.696217D+00 -0.180519D+00
               136           137           138           139           140 
      1  -0.416032D+00  0.291763D+00  0.881962D-01 -0.939690D+00  0.140691D+00
      2   0.291763D+00  0.709744D+00  0.121989D+01  0.140691D+00  0.217027D+00
      3   0.881962D-01  0.121989D+01  0.111138D+01 -0.129545D+00  0.304380D+00
               141           142           143           144           145 
      1  -0.129545D+00 -0.142079D+01  0.108555D+00 -0.767164D-01  0.104708D+00
      2   0.304380D+00  0.108555D+00  0.953654D+00 -0.707259D-01 -0.606894D-01
      3   0.199358D+00 -0.767164D-01 -0.707259D-01  0.933448D-01 -0.149237D-01
               146           147           148           149           150 
      1  -0.606894D-01 -0.149237D-01  0.779155D+00 -0.683747D-01  0.257394D+00
      2  -0.731060D+00 -0.686834D+00 -0.683747D-01  0.182761D+00  0.213115D+00
      3  -0.686834D+00 -0.385285D+00  0.257394D+00  0.213115D+00  0.235724D+00
               151           152           153           154           155 
      1   0.484133D+00 -0.207526D+00  0.516705D-01  0.153600D+00 -0.201376D+00
      2  -0.207526D+00 -0.249327D+00 -0.133372D+00 -0.201376D+00  0.879307D-01
      3   0.516705D-01 -0.133372D+00 -0.303513D+00 -0.211224D-01 -0.589228D+00
               156           157           158           159           160 
      1  -0.211224D-01  0.951749D-01 -0.623832D-02 -0.103955D+00  0.891107D+00
      2  -0.589228D+00 -0.623832D-02 -0.292984D+00 -0.399046D+00  0.107145D+00
      3  -0.729035D+00 -0.103955D+00 -0.399046D+00 -0.396177D+00  0.539113D-01
               161           162           163           164           165 
      1   0.107145D+00  0.539113D-01  0.107784D+01  0.967530D-02 -0.336705D+00
      2  -0.587677D+00  0.293341D+00  0.967530D-02 -0.293646D+00 -0.480754D+00
      3   0.293341D+00  0.202923D+00 -0.336705D+00 -0.480754D+00 -0.119956D+01
               166           167           168           169           170 
      1  -0.122879D+00  0.635657D-01 -0.342754D+00  0.359737D+00 -0.232195D+00
