 Entering Gaussian System, Link 0=g16
 Input=FREE.INP
 Output=FREE.OUT
 Initial command:
 /usr/local/g16-A.03/sse4/g16/l1.exe "/scratch/zronyj/p2/cluster_553/Gau-3021.inp" -scrdir="/scratch/zronyj/p2/cluster_553/"
 Entering Link 1 = /usr/local/g16-A.03/sse4/g16/l1.exe PID=      3022.
  
 Copyright (c) 1988,1990,1992,1993,1995,1998,2003,2009,2016,
            Gaussian, Inc.  All Rights Reserved.
  
 This is part of the Gaussian(R) 16 program.  It is based on
 the Gaussian(R) 09 system (copyright 2009, Gaussian, Inc.),
 the Gaussian(R) 03 system (copyright 2003, Gaussian, Inc.),
 the Gaussian(R) 98 system (copyright 1998, Gaussian, Inc.),
 the Gaussian(R) 94 system (copyright 1995, Gaussian, Inc.),
 the Gaussian 92(TM) system (copyright 1992, Gaussian, Inc.),
 the Gaussian 90(TM) system (copyright 1990, Gaussian, Inc.),
 the Gaussian 88(TM) system (copyright 1988, Gaussian, Inc.),
 the Gaussian 86(TM) system (copyright 1986, Carnegie Mellon
 University), and the Gaussian 82(TM) system (copyright 1983,
 Carnegie Mellon University). Gaussian is a federally registered
 trademark of Gaussian, Inc.
  
 This software contains proprietary and confidential information,
 including trade secrets, belonging to Gaussian, Inc.
  
 This software is provided under written license and may be
 used, copied, transmitted, or stored only in accord with that
 written license.
  
 The following legend is applicable only to US Government
 contracts under FAR:
  
                    RESTRICTED RIGHTS LEGEND
  
 Use, reproduction and disclosure by the US Government is
 subject to restrictions as set forth in subparagraphs (a)
 and (c) of the Commercial Computer Software - Restricted
 Rights clause in FAR 52.227-19.
  
 Gaussian, Inc.
 340 Quinnipiac St., Bldg. 40, Wallingford CT 06492
  
  
 ---------------------------------------------------------------
 Warning -- This program may not be used in any manner that
 competes with the business of Gaussian, Inc. or will provide
 assistance to any competitor of Gaussian, Inc.  The licensee
 of this program is prohibited from giving any competitor of
 Gaussian, Inc. access to this program.  By using this program,
 the user acknowledges that Gaussian, Inc. is engaged in the
 business of creating and licensing software in the field of
 computational chemistry and represents and warrants to the
 licensee that it is not a competitor of Gaussian, Inc. and that
 it will not use this program in any manner prohibited above.
 ---------------------------------------------------------------
  

 Cite this work as:
 Gaussian 16, Revision A.03,
 M. J. Frisch, G. W. Trucks, H. B. Schlegel, G. E. Scuseria, 
 M. A. Robb, J. R. Cheeseman, G. Scalmani, V. Barone, 
 G. A. Petersson, H. Nakatsuji, X. Li, M. Caricato, A. V. Marenich, 
 J. Bloino, B. G. Janesko, R. Gomperts, B. Mennucci, H. P. Hratchian, 
 J. V. Ortiz, A. F. Izmaylov, J. L. Sonnenberg, D. Williams-Young, 
 F. Ding, F. Lipparini, F. Egidi, J. Goings, B. Peng, A. Petrone, 
 T. Henderson, D. Ranasinghe, V. G. Zakrzewski, J. Gao, N. Rega, 
 G. Zheng, W. Liang, M. Hada, M. Ehara, K. Toyota, R. Fukuda, 
 J. Hasegawa, M. Ishida, T. Nakajima, Y. Honda, O. Kitao, H. Nakai, 
 T. Vreven, K. Throssell, J. A. Montgomery, Jr., J. E. Peralta, 
 F. Ogliaro, M. J. Bearpark, J. J. Heyd, E. N. Brothers, K. N. Kudin, 
 V. N. Staroverov, T. A. Keith, R. Kobayashi, J. Normand, 
 K. Raghavachari, A. P. Rendell, J. C. Burant, S. S. Iyengar, 
 J. Tomasi, M. Cossi, J. M. Millam, M. Klene, C. Adamo, R. Cammi, 
 J. W. Ochterski, R. L. Martin, K. Morokuma, O. Farkas, 
 J. B. Foresman, and D. J. Fox, Gaussian, Inc., Wallingford CT, 2016.
 
 ******************************************
 Gaussian 16:  ES64L-G16RevA.03 25-Dec-2016
                24-Aug-2023 
 ******************************************
 %chk=cluster_553.chk
 %mem=6GB
 %nproc=8
 Will use up to    8 processors via shared memory.
 ----------------------------------------------------------------------
 #b3lyp/6-311++G** scrf=(cpcm,Solvent=Water) nosymm freq=roa scf=(xqc,c
 onver=8) iop(2/11=1) geom=checkpoint guess=checkpoint
 ----------------------------------------------------------------------
 1/10=4,29=2,30=1,38=1,83=21/1,3;
 2/11=1,12=2,15=1,40=1/2;
 3/5=4,6=6,7=1111,11=2,14=-4,25=1,30=1,36=2,70=2101,71=2,72=1,74=-5,116=-2,140=1/1,2,3;
 4/5=1/1;
 5/5=2,6=8,8=3,13=1,38=6,53=1,98=1/2,8;
 8/6=4,10=90,11=11/1;
 10/13=10,15=4,31=1,49=111,72=3/2;
 11/6=3,8=1,9=11,15=111,16=1,31=1/1,2,10;
 10/6=1,31=1,49=111/2;
 6/7=2,8=2,9=2,10=2,28=1/1;
 7/8=1,10=1,25=1,30=1/1,2,3,16;
 1/10=4,30=1/3;
 99//99;
 ---------------
 ROA cluster_553
 ---------------
 Structure from the checkpoint file:  "cluster_553.chk"
 Charge =  0 Multiplicity = 1
 No Z-Matrix found in chk file; cartesian coordinates used.
  O                                                20.020051310000     20.510934330000     14.962607980000
  H                                                19.908869490000     19.588250860000     14.699996720000
  H                                                20.480945300000     20.446338460000     15.818328060000
  O                                                19.198667910000     18.254116470000     12.440257680000
  H                                                18.842377800000     17.628158640000     13.086627760000
  H                                                18.494992630000     18.912339720000     12.353426570000
  O                                                17.725148160000     24.225274600000     15.077593600000
  H                                                17.852211220000     23.266757610000     15.077155000000
  H                                                17.976001170000     24.452107340000     14.170380190000
  O                                                18.892447140000     22.553842630000     12.172858780000
  H                                                18.721016790000     23.033580320000     11.336418910000
  H                                                19.853509740000     22.432609200000     12.169493910000
  O                                                18.357094260000     24.126443390000     10.014864510000
  H                                                18.397550390000     24.954187090000     10.516900720000
  H                                                17.417514430000     24.022083240000      9.809202390000
  O                                                24.284882920000     18.085365530000     16.043658490000
  H                                                23.519477670000     18.639910470000     16.268646950000
  H                                                24.619443830000     18.474584650000     15.223394330000
  O                                                23.636990390000     17.494756310000     11.758551250000
  H                                                23.312554520000     17.780508340000     10.893170370000
  H                                                23.727243040000     18.323153400000     12.244833540000
  O                                                21.624586530000     19.323029170000     17.340883520000
  H                                                21.534843620000     18.361963930000     17.428356320000
  H                                                22.142044260000     19.592221640000     18.113544050000
  O                                                23.001098230000     23.472525490000     13.699431970000
  H                                                22.656131800000     23.681626940000     12.810920550000
  H                                                22.467836940000     22.719363340000     13.984108360000
  O                                                22.095735750000     24.285345820000     10.866458260000
  H                                                22.266562710000     23.845681700000     10.023365380000
  H                                                21.689660860000     25.126906950000     10.621958940000
  O                                                23.176064340000     24.385395230000     17.318975410000
  H                                                22.486406510000     25.014155930000     17.068466210000
  H                                                22.722288860000     23.797179600000     17.939485480000
 Recover connectivity data from disk.
 Using perturbation frequencies:    0.085645

 GradGradGradGradGradGradGradGradGradGradGradGradGradGradGradGradGradGrad
 Berny optimization.
 Initialization pass.
 Trust Radius=3.00D-01 FncErr=1.00D-07 GrdErr=1.00D-07 EigMax=2.50D+02 EigMin=1.00D-04
 Number of steps in this run=      2 maximum allowed number of steps=      2.
 GradGradGradGradGradGradGradGradGradGradGradGradGradGradGradGradGradGrad

                          Input orientation:                          
 ---------------------------------------------------------------------
 Center     Atomic      Atomic             Coordinates (Angstroms)
 Number     Number       Type             X           Y           Z
 ---------------------------------------------------------------------
      1          8           0       20.020051   20.510934   14.962608
      2          1           0       19.908869   19.588251   14.699997
      3          1           0       20.480945   20.446338   15.818328
      4          8           0       19.198668   18.254116   12.440258
      5          1           0       18.842378   17.628159   13.086628
      6          1           0       18.494993   18.912340   12.353427
      7          8           0       17.725148   24.225275   15.077594
      8          1           0       17.852211   23.266758   15.077155
      9          1           0       17.976001   24.452107   14.170380
     10          8           0       18.892447   22.553843   12.172859
     11          1           0       18.721017   23.033580   11.336419
     12          1           0       19.853510   22.432609   12.169494
     13          8           0       18.357094   24.126443   10.014865
     14          1           0       18.397550   24.954187   10.516901
     15          1           0       17.417514   24.022083    9.809202
     16          8           0       24.284883   18.085366   16.043658
     17          1           0       23.519478   18.639910   16.268647
     18          1           0       24.619444   18.474585   15.223394
     19          8           0       23.636990   17.494756   11.758551
     20          1           0       23.312555   17.780508   10.893170
     21          1           0       23.727243   18.323153   12.244834
     22          8           0       21.624587   19.323029   17.340884
     23          1           0       21.534844   18.361964   17.428356
     24          1           0       22.142044   19.592222   18.113544
     25          8           0       23.001098   23.472525   13.699432
     26          1           0       22.656132   23.681627   12.810921
     27          1           0       22.467837   22.719363   13.984108
     28          8           0       22.095736   24.285346   10.866458
     29          1           0       22.266563   23.845682   10.023365
     30          1           0       21.689661   25.126907   10.621959
     31          8           0       23.176064   24.385395   17.318975
     32          1           0       22.486407   25.014156   17.068466
     33          1           0       22.722289   23.797180   17.939485
 ---------------------------------------------------------------------
                    Distance matrix (angstroms):
                    1          2          3          4          5
     1  O    0.000000
     2  H    0.965749   0.000000
     3  H    0.974091   1.521266   0.000000
     4  O    3.482836   2.718588   4.226279   0.000000
     5  H    3.635466   2.753602   4.253143   0.967760   0.000000
     6  H    3.418938   2.821754   4.278166   0.967448   1.519007
     7  O    4.367622   5.139378   4.735342   6.691900   6.980980
     8  H    3.508164   4.231253   3.926111   5.821748   6.061058
     9  H    4.509835   5.260568   5.003665   6.550063   6.963577
    10  O    3.636986   4.026695   4.500483   4.318902   5.009974
    11  H    4.604398   4.959329   5.466139   4.928477   5.683005
    12  H    3.394416   3.807477   4.201540   4.238152   4.994624
    13  O    6.349606   6.704749   7.192642   6.408978   7.204091
    14  H    6.491480   6.969623   7.264046   7.016555   7.776378
    15  H    6.757141   7.055890   7.634144   6.585165   7.324891
    16  O    5.024027   4.818048   4.482734   6.235588   6.210791
    17  H    4.177613   4.049260   3.563516   5.785741   5.746664
    18  H    5.036779   4.868645   4.622654   6.097480   6.217451
    19  O    5.696100   5.189769   5.929102   4.554125   4.976936
    20  H    5.903908   5.417096   6.275495   4.420616   4.981661
    21  H    5.090771   4.712566   5.274109   4.533315   5.005351
    22  O    3.105132   3.160429   2.210863   5.571695   5.358355
    23  H    3.604523   3.404632   2.836813   5.509127   5.161245
    24  H    3.908361   4.079141   2.959186   6.529944   6.325759
    25  O    4.387856   5.064642   4.471991   6.578434   7.199105
    26  H    4.651018   5.279374   4.923721   6.445876   7.159973
    27  H    3.438935   4.106662   3.532526   5.745378   6.314253
    28  O    5.944164   6.445239   6.470436   6.873542   7.735091
    29  H    6.368946   6.749468   6.951659   6.820480   7.730861
    30  H    6.552559   7.104810   7.097251   7.533028   8.391236
    31  O    5.524883   6.367590   5.003177   8.787158   9.074902
    32  H    5.549464   6.457073   5.142925   8.827665   9.148057
    33  H    5.192619   6.010382   4.555334   8.566385   8.755613
                    6          7          8          9         10
     6  H    0.000000
     7  O    6.020052   0.000000
     8  H    5.176178   0.966902   0.000000
     9  H    5.853178   0.968203   1.497537   0.000000
    10  O    3.667577   3.548768   3.166271   2.904027   0.000000
    11  H    4.250884   4.050713   3.847376   3.255550   0.979371
    12  H    3.777790   4.024999   3.627050   3.406898   0.968685
    13  O    5.716185   5.102975   5.159530   4.185642   2.723346
    14  H    6.315556   4.667264   4.892927   3.711832   2.957833
    15  H    5.808917   5.281276   5.339551   4.417771   3.149290
    16  O    6.915528   9.036697   8.316262   9.156777   8.001796
    17  H    6.375627   8.135672   7.412508   8.301475   7.314626
    18  H    6.777702   8.979031   8.293476   8.998608   7.664503
    19  O    5.366895   9.553313   8.820023   9.288081   6.948143
    20  H    5.159680   9.500712   8.798864   9.150363   6.630209
    21  H    5.266439   8.881706   8.183964   8.622563   6.424886
    22  O    5.902351   6.660339   5.908323   7.047816   6.679163
    23  H    5.941256   7.376874   6.568632   7.769789   7.223182
    24  H    6.851436   7.084571   6.412842   7.518174   7.390725
    25  O    6.550726   5.504690   5.333995   5.141301   4.478328
    26  H    6.345903   5.454169   5.327813   4.934105   3.980495
    27  H    5.738993   5.094760   4.774766   4.818058   4.011413
    28  O    6.636687   6.069539   6.064239   5.283552   3.868571
    29  H    6.632631   6.805421   6.735165   5.997866   4.204025
    30  H    7.198940   6.031831   6.167248   5.180532   4.104918
    31  O    8.747768   5.895924   5.883921   6.079372   6.941648
    32  H    8.683038   5.220679   5.338023   5.390599   6.552607
    33  H    8.540243   5.774522   5.673794   6.096092   7.033318
                   11         12         13         14         15
    11  H    0.000000
    12  H    1.528961   0.000000
    13  O    1.753082   3.122621   0.000000
    14  H    2.113048   3.348020   0.968936   0.000000
    15  H    2.238001   3.745861   0.967470   1.526475   0.000000
    16  O    8.809060   7.317428  10.391326  10.601247  11.012439
    17  H    8.164339   6.680340   9.790916   9.959258  10.388752
    18  H    8.407405   6.906982   9.914097  10.141414  10.580926
    19  O    7.417787   6.234259   8.654306   9.199812   9.224307
    20  H    6.990955   5.935995   8.099315   8.704051   8.653539
    21  H    6.933660   5.647930   8.215195   8.681128   8.844364
    22  O    7.632333   6.288837   9.349858   9.417560   9.823787
    23  H    8.176388   6.859495   9.913989  10.053270  10.346055
    24  H    8.335215   6.974018  10.023653  10.024016  10.531237
    25  O    4.908727   3.650952   5.964094   5.789342   6.827321
    26  H    4.251970   3.134671   5.147574   5.001745   6.047258
    27  H    4.598658   3.195272   5.884979   5.795101   6.680769
    28  O    3.629946   3.187179   3.837695   3.774402   4.803421
    29  H    3.867107   3.524977   3.919546   4.054826   4.856980
    30  H    3.702069   3.609093   3.532066   3.298312   4.486919
    31  O    7.580622   6.431944   8.754403   8.332223   9.470458
    32  H    7.138432   6.131595   8.221469   7.723040   8.909253
    33  H    7.758463   6.586710   9.053339   8.668148   9.710444
                   16         17         18         19         20
    16  O    0.000000
    17  H    0.971589   0.000000
    18  H    0.967603   1.526372   0.000000
    19  O    4.373869   4.654691   3.732347   0.000000
    20  H    5.250323   5.447673   4.576084   0.967366   0.000000
    21  H    3.846892   4.041606   3.113001   0.964810   1.514405
    22  O    3.208081   2.281875   3.764676   6.209250   6.841170
    23  H    3.091377   2.315373   3.793323   6.108826   6.797573
    24  H    3.338682   2.491559   3.967315   6.857125   7.535662
    25  O    6.013734   5.497613   5.470001   6.317048   6.353831
    26  H    6.664951   6.174151   6.065304   6.351924   6.239540
    27  H    5.386774   4.792390   4.917661   5.797977   5.887252
    28  O    8.368723   7.942394   7.688754   7.020214   6.617724
    29  H    8.573143   8.226384   7.837412   6.724819   6.215866
    30  H    9.258148   8.792863   8.602920   7.958245   7.528407
    31  O    6.522751   5.850788   6.435253   8.866322   9.215972
    32  H    7.231382   6.506762   7.121807   9.276875   9.546856
    33  H    6.217771   5.479474   6.269479   8.874749   9.284358
                   21         22         23         24         25
    21  H    0.000000
    22  O    5.602735   0.000000
    23  H    5.628235   0.969202   0.000000
    24  H    6.210085   0.968107   1.533528   0.000000
    25  O    5.399924   5.689752   6.494045   5.939623   0.000000
    26  H    5.493721   6.370402   7.132799   6.716051   0.975796
    27  H    4.892631   4.849134   5.632073   5.190125   0.965744
    28  O    6.333204   8.170970   8.857740   8.634107   3.083196
    29  H    6.129178   8.626273   9.243401   9.141029   3.767261
    30  H    7.285364   8.878805   9.597680   9.325301   3.731982
    31  O    7.924739   5.294819   6.243981   4.967399   3.736983
    32  H    8.341260   5.762453   6.729536   5.532463   3.740578
    33  H    7.962660   4.645567   5.586846   4.248370   4.261595
                   26         27         28         29         30
    26  H    0.000000
    27  H    1.528979   0.000000
    28  O    2.111742   3.508633   0.000000
    29  H    2.819422   4.122692   0.966070   0.000000
    30  H    2.795434   4.207835   0.965868   1.527307   0.000000
    31  O    4.592187   3.794547   6.543095   7.371866   6.899947
    32  H    4.464430   3.844435   6.256891   7.144726   6.496535
    33  H    5.130293   4.107486   7.117485   7.929376   7.508708
                   31         32         33
    31  O    0.000000
    32  H    0.966293   0.000000
    33  H    0.967958   1.515040   0.000000
 Symmetry turned off by external request.
 Stoichiometry    H22O11
 Framework group  C1[X(H22O11)]
 Deg. of freedom    93
 Full point group                 C1      NOp   1
 Rotational constants (GHZ):           0.2890219           0.2024989           0.1729059
 Standard basis: 6-311++G(d,p) (5D, 7F)
   396 basis functions,   594 primitive gaussians,   407 cartesian basis functions
    55 alpha electrons       55 beta electrons
       nuclear repulsion energy       637.9945733863 Hartrees.
 NAtoms=   33 NActive=   33 NUniq=   33 SFac= 1.00D+00 NAtFMM=   60 NAOKFM=F Big=F
 Integral buffers will be    131072 words long.
 Raffenetti 2 integral format.
 Two-electron integral symmetry is turned off.
 Force inversion solution in PCM.
 ------------------------------------------------------------------------------
 Polarizable Continuum Model (PCM)
 =================================
 Model                : C-PCM.
 Atomic radii         : UFF (Universal Force Field).
 Polarization charges : Total charges.
 Charge compensation  : None.
 Solution method      : Matrix inversion.
 Cavity type          : Scaled VdW (van der Waals Surface) (Alpha=1.100).
 Cavity algorithm     : GePol (No added spheres)
                        Default sphere list used, NSphG=   33.
                        Lebedev-Laikov grids with approx.  5.0 points / Ang**2.
                        Smoothing algorithm: York/Karplus (Gamma=1.0000).
                        Polarization charges: spherical gaussians, with
                                              point-specific exponents (IZeta= 3).
                        Self-potential: point-specific (ISelfS= 7).
                        Self-field    : sphere-specific E.n sum rule (ISelfD= 2).
 1st derivatives      : Analytical E(r).r(x)/FMM algorithm (CHGder, D1EAlg=3).
                        Cavity 1st derivative terms included.
 2nd derivatives      : Analytical E(r).r(xy)/FMM algorithm (CHGder, D2EAlg=3).
                        Cavity 2nd derivative terms included.
 Solvent              : Water, Eps=  78.355300 Eps(inf)=   1.777849
 ------------------------------------------------------------------------------
 One-electron integrals computed using PRISM.
 NBasis=   396 RedAO= T EigKep=  5.15D-04  NBF=   396
 NBsUse=   396 1.00D-06 EigRej= -1.00D+00 NBFU=   396
 Initial guess from the checkpoint file:  "cluster_553.chk"
 B after Tr=     0.000000    0.000000    0.000000
         Rot=    1.000000    0.000000    0.000000    0.000000 Ang=   0.00 deg.
 Requested convergence on RMS density matrix=1.00D-08 within  32 cycles.
 Requested convergence on MAX density matrix=1.00D-06.
 Requested convergence on             energy=1.00D-06.
 No special actions if energy rises.
 Inv3:  Mode=1 IEnd=    45233067.
 Iteration    1 A*A^-1 deviation from unit magnitude is 1.62D-14 for   2739.
 Iteration    1 A*A^-1 deviation from orthogonality  is 8.26D-15 for   2739   1907.
 Iteration    1 A^-1*A deviation from unit magnitude is 1.22D-14 for   2739.
 Iteration    1 A^-1*A deviation from orthogonality  is 2.35D-15 for   2760    541.
 Error on total polarization charges =  0.01869
 SCF Done:  E(RB3LYP) =  -841.149201906     A.U. after   10 cycles
            NFock= 10  Conv=0.20D-08     -V/T= 2.0036
 QCSCF skips out because SCF is already converged.
 DoSCS=F DFT=T ScalE2(SS,OS)=  1.000000  1.000000
 Range of M.O.s used for correlation:     1   396
 NBasis=   396 NAE=    55 NBE=    55 NFC=     0 NFV=     0
 NROrb=    396 NOA=    55 NOB=    55 NVA=   341 NVB=   341

 **** Warning!!: The largest alpha MO coefficient is  0.16888382D+02

 NEqPCM:  Using non-equilibrium solvation (IEInf=1, Eps=  78.3553, EpsInf=   1.7778)
 Inv3:  Mode=1 IEnd=    45233067.
 Iteration    1 A*A^-1 deviation from unit magnitude is 1.62D-14 for   2739.
 Iteration    1 A*A^-1 deviation from orthogonality  is 8.26D-15 for   2739   1907.
 Iteration    1 A^-1*A deviation from unit magnitude is 1.22D-14 for   2739.
 Iteration    1 A^-1*A deviation from orthogonality  is 2.35D-15 for   2760    541.
          Differentiating once with respect to electric field.
                with respect to dipole field.
                with respect to quadrupole field.
          Differentiating once with respect to magnetic field using GIAOs.
          Electric field/nuclear overlap derivatives assumed to be zero.
 FoFJK:  IHMeth= 1 ICntrl=    6127 DoSepK=F KAlg= 0 I1Cent=           0 FoldK=F
 IRaf=         1 NMat=       1 IRICut=       1 DoRegI=T DoRafI=F ISym2E= 0 IDoP0=0 IntGTp=1.
 CalDSu exits because no D1Ps are significant.
          There are    12 degrees of freedom in the 1st order CPHF.  IDoFFX=0 NUNeed=    12.
     11 vectors produced by pass  0 Test12= 3.13D-13 8.33D-09 XBig12= 1.00D+00 1.44D-01.
 AX will form    11 AO Fock derivatives at one time.
     11 vectors produced by pass  1 Test12= 3.13D-13 8.33D-09 XBig12= 9.16D-02 3.99D-02.
     11 vectors produced by pass  2 Test12= 3.13D-13 8.33D-09 XBig12= 3.00D-02 2.50D-02.
     11 vectors produced by pass  3 Test12= 3.13D-13 8.33D-09 XBig12= 1.92D-03 9.17D-03.
     11 vectors produced by pass  4 Test12= 3.13D-13 8.33D-09 XBig12= 6.21D-05 1.04D-03.
     11 vectors produced by pass  5 Test12= 3.13D-13 8.33D-09 XBig12= 2.39D-06 1.94D-04.
     11 vectors produced by pass  6 Test12= 3.13D-13 8.33D-09 XBig12= 5.27D-08 2.76D-05.
     11 vectors produced by pass  7 Test12= 3.13D-13 8.33D-09 XBig12= 8.40D-10 3.26D-06.
     11 vectors produced by pass  8 Test12= 3.13D-13 8.33D-09 XBig12= 1.66D-11 4.05D-07.
      8 vectors produced by pass  9 Test12= 3.13D-13 8.33D-09 XBig12= 4.53D-13 6.54D-08.
 InvSVY:  IOpt=1 It=  1 EMax= 3.98D-13
 Solved reduced A of dimension   107 with    12 vectors.
 Isotropic polarizability for W=    0.085645       98.40 Bohr**3.
 Dipole-magnetic dipole polarizability for W=    0.085645:
                 1             2             3 
      1  -0.764896D+02  0.131801D+04 -0.210000D+04
      2  -0.120806D+04 -0.965347D+01  0.200597D+04
      3   0.198242D+04 -0.197477D+04  0.862259D+02
 DQ contribution to OR G for W=    0.085645:
                 1             2             3 
      1  -0.153393D+03  0.438570D+04 -0.676723D+04
      2  -0.416655D+04 -0.193159D+02  0.652051D+04
      3   0.653294D+04 -0.645749D+04  0.172709D+03
 Optical Rotation G' tensor for W=    0.085645:
                 1             2             3 
      1  -0.619980D-01 -0.950236D-01  0.109942D+00
      2  -0.950236D-01  0.391714D-01  0.776476D-01
      3   0.109942D+00  0.776476D-01  0.105660D+00
 OR G Eigenvalues:    -0.1818     0.0952     0.1695  Iso=    -0.0276
 Eigenvectors:
   (1)   0.768713   0.479336  -0.423459
   (2)  -0.567058   0.817013  -0.104571
   (3)   0.295847   0.320511   0.899860
 w=    0.085645 a.u., Optical Rotation Beta=     -0.0276 au.
 Molar Mass =    198.1672 grams/mole, [Alpha] ( 5320.0 A) =       -6.61 deg.
 End of Minotr F.D. properties on file   721 Mask=       B NFrqRd=     1 NDeriv=     1 ND12= 1 LenFil=      39:
 Frequencies=    0.085645
 Property number 1 -- Alpha(-w,w) frequency  1    0.085645:
                 1             2             3 
      1   0.956882D+02 -0.204213D+01  0.222832D+01
      2  -0.204213D+01  0.975208D+02 -0.201259D+01
      3   0.222832D+01 -0.201259D+01  0.101994D+03
 Property number 2 -- FD Optical Rotation Tensor frequency  1    0.085645:
                 1             2             3 
      1  -0.764896D+02  0.131801D+04 -0.210000D+04
      2  -0.120806D+04 -0.965347D+01  0.200597D+04
      3   0.198242D+04 -0.197477D+04  0.862259D+02
 Property number 4 -- D-Q polarizability frequency  1    0.085645:
                 1             2             3 
      1   0.509816D+04 -0.272315D+04 -0.159368D+04
      2  -0.268599D+04  0.537343D+04 -0.194463D+04
      3  -0.241217D+04 -0.265028D+04  0.353831D+04
      4   0.380980D+04  0.377150D+04  0.283217D+02
      5   0.257287D+04 -0.125071D+03  0.410834D+04
      6   0.476377D+02  0.244107D+04  0.411694D+04
 End of Minotr F.D. properties file   722 does not exist.
 End of Minotr F.D. properties file   788 does not exist.
 Symmetrizing basis deriv contribution to polar:
 IMax=3 JMax=2 DiffMx= 0.00D+00
 G2DrvN: will do    34 centers at a time, making    1 passes.
 PxScal for G2LodP:  IOpCl= 0 ISclPx=1 IMOff=     1 NMtTot=    25 NTT=   78606 ScalPx= 2.04D+02
 Calling FoFCou, ICntrl=  3107 FMM=F I1Cent=   0 AccDes= 0.00D+00.
 PxScal for G2LodP:  IOpCl= 0 ISclPx=0 IMOff=     1 NMtTot=    25 NTT=   78606 ScalPx= 1.00D+00
 NEqPCM:  Using non-equilibrium solvation (IEInf=1, Eps=  78.3553, EpsInf=   1.7778)
 G2PCM: DoFxE=T DoFxN=T DoGrad=T DoDP/DQ/DG/TGxP=TTTF NFrqRd=   1 IEInf=1 SqF1=F DoCFld=F IF1Alg=4.
 End of G2Drv F.D. properties on file   721 Mask=       B NFrqRd=     1 NDeriv=     1 ND12= 1 LenFil=      39:
 Frequencies=    0.085645
 Property number 1 -- Alpha(-w,w) frequency  1    0.085645:
                 1             2             3 
      1   0.956882D+02 -0.204213D+01  0.222832D+01
      2  -0.204213D+01  0.975208D+02 -0.201259D+01
      3   0.222832D+01 -0.201259D+01  0.101994D+03
 Property number 2 -- FD Optical Rotation Tensor frequency  1    0.085645:
                 1             2             3 
      1  -0.764896D+02  0.131801D+04 -0.210000D+04
      2  -0.120806D+04 -0.965347D+01  0.200597D+04
      3   0.198242D+04 -0.197477D+04  0.862259D+02
 Property number 4 -- D-Q polarizability frequency  1    0.085645:
                 1             2             3 
      1   0.509816D+04 -0.272315D+04 -0.159368D+04
      2  -0.268599D+04  0.537343D+04 -0.194463D+04
      3  -0.241217D+04 -0.265028D+04  0.353831D+04
      4   0.380980D+04  0.377150D+04  0.283217D+02
      5   0.257287D+04 -0.125071D+03  0.410834D+04
      6   0.476377D+02  0.244107D+04  0.411694D+04
 End of G2Drv F.D. properties on file   722 Mask=       B NFrqRd=     1 NDeriv=    99 ND12= 1 LenFil=    3567:
 Frequencies=    0.085645
 Property number 1 -- Alpha(-w,w) derivatives, frequency  1    0.085645:
                 1             2             3             4             5 
      1   0.171959D+01 -0.180310D+00 -0.149297D+01 -0.122395D+01 -0.388724D-01
      2  -0.180310D+00  0.249548D+00  0.188001D+00 -0.388724D-01  0.344605D+00
      3  -0.149297D+01  0.188001D+00  0.644769D+00  0.897414D+00  0.632661D+00
                 6             7             8             9            10 
      1   0.897414D+00 -0.667537D+00 -0.354842D+00 -0.361811D+00 -0.684269D+00
      2   0.632661D+00 -0.354842D+00  0.502526D+00  0.618447D+00 -0.925367D-01
      3   0.405403D+00 -0.361811D+00  0.618447D+00 -0.515185D+00  0.326124D+00
                11            12            13            14            15 
      1  -0.925367D-01  0.326124D+00  0.108322D+01  0.178337D+00 -0.777023D+00
      2  -0.274405D+00 -0.162005D+00  0.178337D+00 -0.161034D+00 -0.851045D+00
      3  -0.162005D+00 -0.350086D+00 -0.777023D+00 -0.851045D+00  0.709919D-01
                16            17            18            19            20 
      1   0.560247D+00 -0.502632D-01 -0.560150D+00 -0.109438D+01  0.203975D+00
      2  -0.502632D-01 -0.517907D+00 -0.445092D+00  0.203975D+00 -0.214947D+00
      3  -0.560150D+00 -0.445092D+00  0.242572D+00  0.112173D+01  0.165912D-01
                21            22            23            24            25 
      1   0.112173D+01  0.485579D-01 -0.423084D+00 -0.173179D+00 -0.392230D-03
      2   0.165912D-01 -0.423084D+00 -0.223688D+00 -0.839243D-01  0.401598D+00
      3   0.285654D-01 -0.173179D+00 -0.839243D-01 -0.723448D+00  0.940114D+00
                26            27            28            29            30 
      1   0.401598D+00  0.940114D+00 -0.512379D+00  0.173292D+00  0.366745D+00
      2  -0.303622D+00 -0.279513D+00  0.173292D+00  0.175893D+01  0.315242D+00
      3  -0.279513D+00  0.714087D+00  0.366745D+00  0.315242D+00  0.105707D+00
                31            32            33            34            35 
      1   0.499849D+00  0.126375D+01  0.529891D+00  0.128974D+01  0.126613D+01
      2   0.126375D+01 -0.493213D-02  0.798110D+00  0.126613D+01  0.218380D+01
      3   0.529891D+00  0.798110D+00  0.113286D+01  0.636828D+00  0.157225D+01
                36            37            38            39            40 
      1   0.636828D+00  0.113325D+00 -0.203021D+00 -0.293083D+00  0.160551D+00
      2   0.157225D+01 -0.203021D+00 -0.188104D+00 -0.128087D+00 -0.237424D+00
      3   0.655901D+00 -0.293083D+00 -0.128087D+00 -0.309990D+00  0.559333D-01
                41            42            43            44            45 
      1  -0.237424D+00  0.559333D-01 -0.733348D+00 -0.849429D+00 -0.346086D+00
      2  -0.161221D+00 -0.140639D+00 -0.849429D+00 -0.152130D+01 -0.774963D+00
      3  -0.140639D+00 -0.524691D+00 -0.346086D+00 -0.774963D+00 -0.236074D+00
                46            47            48            49            50 
      1   0.427142D+00  0.379988D-01 -0.350724D-01 -0.696533D+00 -0.990857D+00
      2   0.379988D-01 -0.151169D+01 -0.102662D+00 -0.990857D+00  0.325424D+00
      3  -0.350724D-01 -0.102662D+00  0.164446D+00 -0.539521D+00 -0.546857D+00
                51            52            53            54            55 
      1  -0.539521D+00 -0.483636D+00 -0.265450D+00 -0.271394D+00  0.355949D+01
      2  -0.546857D+00 -0.265450D+00 -0.544699D+00 -0.675942D+00 -0.125787D+01
      3  -0.688706D+00 -0.271394D+00 -0.675942D+00 -0.489437D+00 -0.736207D+00
                56            57            58            59            60 
      1  -0.125787D+01 -0.736207D+00 -0.408872D+00 -0.819705D+00 -0.173350D+00
      2  -0.427363D+00 -0.657287D+00 -0.819705D+00  0.142248D+01  0.126585D+00
      3  -0.657287D+00 -0.120197D+01 -0.173350D+00  0.126585D+00 -0.672514D+00
                61            62            63            64            65 
      1   0.285089D+00 -0.389995D+00 -0.113779D+01 -0.188554D+01  0.520334D+00
      2  -0.389995D+00 -0.554808D+00 -0.372299D+00  0.520334D+00  0.447310D+00
      3  -0.113779D+01 -0.372299D+00  0.684420D+00  0.579501D+00  0.323396D+00
                66            67            68            69            70 
      1   0.579501D+00  0.839507D+00  0.988293D+00  0.340524D+00 -0.458288D+00
      2   0.323396D+00  0.988293D+00 -0.150026D+01 -0.375517D+00  0.328393D+00
      3   0.415105D+00  0.340524D+00 -0.375517D+00  0.379137D+00  0.201355D-01
                71            72            73            74            75 
      1   0.328393D+00  0.201355D-01 -0.175462D+01  0.713244D+00  0.200075D+00
      2  -0.117934D+00  0.177832D+00  0.713244D+00  0.116723D-01  0.361348D+00
      3   0.177832D+00  0.327401D+00  0.200075D+00  0.361348D+00  0.836784D+00
                76            77            78            79            80 
      1  -0.382279D+00 -0.173809D+00 -0.141766D+00  0.287599D+00  0.935282D-01
      2  -0.173809D+00  0.776874D-01  0.300809D+00  0.935282D-01  0.694806D+00
      3  -0.141766D+00  0.300809D+00  0.240628D+00  0.114602D+01  0.162435D+00
                81            82            83            84            85 
      1   0.114602D+01 -0.113712D+01  0.246510D+00 -0.268956D+00  0.563010D-01
      2   0.162435D+00  0.246510D+00  0.106235D+01  0.323242D+00  0.152857D+01
      3  -0.110084D+01 -0.268956D+00  0.323242D+00  0.777431D+00  0.278236D+00
                86            87            88            89            90 
      1   0.152857D+01  0.278236D+00  0.285618D+00  0.480691D-01  0.305473D+00
      2   0.515365D+00  0.867827D+00  0.480691D-01 -0.362214D+00 -0.136317D+01
      3   0.867827D+00 -0.890524D+00  0.305473D+00 -0.136317D+01  0.185346D+01
                91            92            93            94            95 
      1  -0.645575D+00  0.221967D+00  0.237113D+00  0.735967D+00 -0.124109D+01
      2   0.221967D+00  0.244283D+00  0.237540D+00 -0.124109D+01 -0.107353D+01
      3   0.237113D+00  0.237540D+00 -0.316512D+00 -0.208263D+00 -0.469583D+00
                96            97            98            99           100 
      1  -0.208263D+00 -0.435655D+00 -0.750844D-01  0.194669D+00  0.144220D+01
      2  -0.469583D+00 -0.750844D-01  0.125814D+01  0.155138D+01 -0.209343D+00
      3   0.172308D+01  0.194669D+00  0.155138D+01 -0.301384D+01 -0.136730D-01
               101           102           103           104           105 
      1  -0.209343D+00 -0.136730D-01 -0.330604D+00 -0.383697D+00 -0.275854D+00
      2  -0.123039D+01 -0.693214D+00 -0.383697D+00 -0.197625D-01 -0.126173D+00
      3  -0.693214D+00 -0.335523D+00 -0.275854D+00 -0.126173D+00 -0.119017D-01
               106           107           108           109           110 
      1  -0.777617D-01 -0.222499D+00 -0.317653D+00  0.505213D+00  0.476527D+00
      2  -0.222499D+00 -0.121887D+00 -0.190546D-01  0.476527D+00 -0.450859D+00
      3  -0.317653D+00 -0.190546D-01 -0.100512D+00  0.172115D-01  0.558888D+00
               111           112           113           114           115 
      1   0.172115D-01  0.309148D+00 -0.284454D+00 -0.879871D+00 -0.377331D+00
      2   0.558888D+00 -0.284454D+00  0.571327D+00 -0.761332D+00  0.496911D+00
      3  -0.314176D+01 -0.879871D+00 -0.761332D+00 -0.172859D+01 -0.106834D+01
               116           117           118           119           120 
      1   0.496911D+00 -0.106834D+01 -0.543725D+00 -0.458628D-01 -0.196770D+00
      2  -0.174181D+00 -0.149503D+01 -0.458628D-01  0.270700D+00 -0.430190D+00
      3  -0.149503D+01  0.364686D+01 -0.196770D+00 -0.430190D+00  0.949517D+00
               121           122           123           124           125 
      1  -0.565020D+00  0.332752D+00  0.912501D+00  0.245891D+00 -0.138337D+00
      2   0.332752D+00 -0.211320D+00  0.481760D+00 -0.138337D+00 -0.563161D+00
      3   0.912501D+00  0.481760D+00  0.663793D+00  0.781090D+00  0.916990D+00
               126           127           128           129           130 
      1   0.781090D+00  0.424812D+00 -0.460491D+00  0.103100D+00 -0.963694D-01
      2   0.916990D+00 -0.460491D+00 -0.663461D-01 -0.999996D-01  0.259809D-01
      3  -0.111988D+01  0.103100D+00 -0.999996D-01  0.191339D+01  0.291768D-01
               131           132           133           134           135 
      1   0.259809D-01  0.291768D-01  0.244567D+00 -0.190292D+00 -0.603811D-02
      2   0.163234D+00 -0.565168D-01 -0.190292D+00 -0.569901D-01  0.521886D+00
      3  -0.565168D-01  0.359132D+00 -0.603811D-02  0.521886D+00 -0.122732D+01
               136           137           138           139           140 
      1  -0.634589D+00 -0.152541D+01 -0.142966D+01 -0.232962D+01  0.158065D+01
      2  -0.152541D+01  0.212945D+01  0.250913D+00  0.158065D+01  0.973568D+00
      3  -0.142966D+01  0.250913D+00 -0.624304D+00 -0.786317D+00  0.103317D+01
               141           142           143           144           145 
      1  -0.786317D+00 -0.214866D+01 -0.437638D+00 -0.980428D+00  0.319914D+00
      2   0.103317D+01 -0.437638D+00  0.953786D+00 -0.752931D+00  0.162761D+01
      3  -0.800683D+00 -0.980428D+00 -0.752931D+00 -0.327521D+00  0.107339D+01
               146           147           148           149           150 
      1   0.162761D+01  0.107339D+01  0.218120D+01 -0.155651D+01  0.272522D+00
      2  -0.156224D+01  0.395179D+00 -0.155651D+01 -0.303433D+00 -0.430144D+00
      3   0.395179D+00  0.261747D+00  0.272522D+00 -0.430144D+00  0.242882D+00
               151           152           153           154           155 
      1   0.516719D+00 -0.735157D-02  0.461099D+00  0.486492D+00 -0.402694D-01
      2  -0.735157D-02 -0.541177D+00 -0.273382D+00 -0.402694D-01 -0.493931D+00
      3   0.461099D+00 -0.273382D+00  0.554548D+00  0.485969D+00 -0.581756D+00
               156           157           158           159           160 
      1   0.485969D+00  0.201089D+00 -0.714197D-01  0.522015D+00  0.163737D+01
      2  -0.581756D+00 -0.714197D-01 -0.732906D+00 -0.596134D+00  0.454920D+00
      3   0.392729D+00  0.522015D+00 -0.596134D+00  0.447640D+00  0.507355D+00
               161           162           163           164           165 
      1   0.454920D+00  0.507355D+00 -0.220206D+01  0.120952D+01  0.139342D+01
      2  -0.452674D+00  0.920064D+00  0.120952D+01  0.229424D+00 -0.639071D+00
      3   0.920064D+00 -0.219942D+00  0.139342D+01 -0.639071D+00 -0.650136D+00
               166           167           168           169           170 
      1   0.104176D+01  0.525900D+00 -0.325509D+00  0.451303D+00 -0.653727D+00
