 Entering Gaussian System, Link 0=g16
 Input=FREE.INP
 Output=FREE.OUT
 Initial command:
 /usr/local/g16-A.03/sse4/g16/l1.exe "/scratch/zronyj/p1/cluster_233_i/Gau-26307.inp" -scrdir="/scratch/zronyj/p1/cluster_233_i/"
 Entering Link 1 = /usr/local/g16-A.03/sse4/g16/l1.exe PID=     26308.
  
 Copyright (c) 1988,1990,1992,1993,1995,1998,2003,2009,2016,
            Gaussian, Inc.  All Rights Reserved.
  
 This is part of the Gaussian(R) 16 program.  It is based on
 the Gaussian(R) 09 system (copyright 2009, Gaussian, Inc.),
 the Gaussian(R) 03 system (copyright 2003, Gaussian, Inc.),
 the Gaussian(R) 98 system (copyright 1998, Gaussian, Inc.),
 the Gaussian(R) 94 system (copyright 1995, Gaussian, Inc.),
 the Gaussian 92(TM) system (copyright 1992, Gaussian, Inc.),
 the Gaussian 90(TM) system (copyright 1990, Gaussian, Inc.),
 the Gaussian 88(TM) system (copyright 1988, Gaussian, Inc.),
 the Gaussian 86(TM) system (copyright 1986, Carnegie Mellon
 University), and the Gaussian 82(TM) system (copyright 1983,
 Carnegie Mellon University). Gaussian is a federally registered
 trademark of Gaussian, Inc.
  
 This software contains proprietary and confidential information,
 including trade secrets, belonging to Gaussian, Inc.
  
 This software is provided under written license and may be
 used, copied, transmitted, or stored only in accord with that
 written license.
  
 The following legend is applicable only to US Government
 contracts under FAR:
  
                    RESTRICTED RIGHTS LEGEND
  
 Use, reproduction and disclosure by the US Government is
 subject to restrictions as set forth in subparagraphs (a)
 and (c) of the Commercial Computer Software - Restricted
 Rights clause in FAR 52.227-19.
  
 Gaussian, Inc.
 340 Quinnipiac St., Bldg. 40, Wallingford CT 06492
  
  
 ---------------------------------------------------------------
 Warning -- This program may not be used in any manner that
 competes with the business of Gaussian, Inc. or will provide
 assistance to any competitor of Gaussian, Inc.  The licensee
 of this program is prohibited from giving any competitor of
 Gaussian, Inc. access to this program.  By using this program,
 the user acknowledges that Gaussian, Inc. is engaged in the
 business of creating and licensing software in the field of
 computational chemistry and represents and warrants to the
 licensee that it is not a competitor of Gaussian, Inc. and that
 it will not use this program in any manner prohibited above.
 ---------------------------------------------------------------
  

 Cite this work as:
 Gaussian 16, Revision A.03,
 M. J. Frisch, G. W. Trucks, H. B. Schlegel, G. E. Scuseria, 
 M. A. Robb, J. R. Cheeseman, G. Scalmani, V. Barone, 
 G. A. Petersson, H. Nakatsuji, X. Li, M. Caricato, A. V. Marenich, 
 J. Bloino, B. G. Janesko, R. Gomperts, B. Mennucci, H. P. Hratchian, 
 J. V. Ortiz, A. F. Izmaylov, J. L. Sonnenberg, D. Williams-Young, 
 F. Ding, F. Lipparini, F. Egidi, J. Goings, B. Peng, A. Petrone, 
 T. Henderson, D. Ranasinghe, V. G. Zakrzewski, J. Gao, N. Rega, 
 G. Zheng, W. Liang, M. Hada, M. Ehara, K. Toyota, R. Fukuda, 
 J. Hasegawa, M. Ishida, T. Nakajima, Y. Honda, O. Kitao, H. Nakai, 
 T. Vreven, K. Throssell, J. A. Montgomery, Jr., J. E. Peralta, 
 F. Ogliaro, M. J. Bearpark, J. J. Heyd, E. N. Brothers, K. N. Kudin, 
 V. N. Staroverov, T. A. Keith, R. Kobayashi, J. Normand, 
 K. Raghavachari, A. P. Rendell, J. C. Burant, S. S. Iyengar, 
 J. Tomasi, M. Cossi, J. M. Millam, M. Klene, C. Adamo, R. Cammi, 
 J. W. Ochterski, R. L. Martin, K. Morokuma, O. Farkas, 
 J. B. Foresman, and D. J. Fox, Gaussian, Inc., Wallingford CT, 2016.
 
 ******************************************
 Gaussian 16:  ES64L-G16RevA.03 25-Dec-2016
                28-Aug-2023 
 ******************************************
 %chk=cluster_233_i.chk
 %mem=8GB
 %nproc=8
 Will use up to    8 processors via shared memory.
 ----------------------------------------------------------------------
 #b3lyp/6-311++G** scrf=(cpcm,Solvent=Water) nosymm freq=roa scf=(xqc,c
 onver=8) iop(2/11=1) geom=checkpoint guess=checkpoint
 ----------------------------------------------------------------------
 1/10=4,29=2,30=1,38=1,83=21/1,3;
 2/11=1,12=2,15=1,40=1/2;
 3/5=4,6=6,7=1111,11=2,14=-4,25=1,30=1,36=2,70=2101,71=2,72=1,74=-5,116=-2,140=1/1,2,3;
 4/5=1/1;
 5/5=2,6=8,8=3,13=1,38=6,53=1,98=1/2,8;
 8/6=4,10=90,11=11/1;
 10/13=10,15=4,31=1,49=111,72=3/2;
 11/6=3,8=1,9=11,15=111,16=1,31=1/1,2,10;
 10/6=1,31=1,49=111/2;
 6/7=2,8=2,9=2,10=2,28=1/1;
 7/8=1,10=1,25=1,30=1/1,2,3,16;
 1/10=4,30=1/3;
 99//99;
 -----------------
 ROA cluster_233_i
 -----------------
 Structure from the checkpoint file:  "cluster_233_i.chk"
 Charge =  0 Multiplicity = 1
 No Z-Matrix found in chk file; cartesian coordinates used.
  O                                                13.914327740000     15.297107260000     14.479334840000
  H                                                13.495353730000     15.887487250000     15.123902780000
  H                                                14.383895180000     14.637320040000     15.004600610000
  O                                                 7.847429880000     14.328161320000     11.527218670000
  H                                                 7.995539420000     15.292557200000     11.432655520000
  H                                                 8.143078250000     13.909468770000     10.703908390000
  O                                                 8.193296220000     17.378434660000     11.746634850000
  H                                                 7.238854120000     17.539754940000     11.788177900000
  H                                                 8.452320680000     17.258731000000     12.690109600000
  O                                                 8.364770500000     11.350650470000     17.744908510000
  H                                                 9.327723400000     11.382729890000     17.844547480000
  H                                                 8.231025410000     11.720451160000     16.857874380000
  O                                                13.694748040000     15.968862990000     11.733846940000
  H                                                13.834222680000     15.714777640000     12.665343000000
  H                                                12.762581990000     15.763425940000     11.582342590000
  O                                                10.803580120000     14.420289350000     14.662573700000
  H                                                10.268575570000     13.605653700000     14.558361900000
  H                                                11.564731540000     14.341366610000     14.074156820000
  O                                                13.359864840000     11.114674290000     13.681618530000
  H                                                13.990418160000     10.521085260000     13.247736770000
  H                                                12.620041460000     10.533436690000     13.887721450000
  O                                                11.828011450000     16.479571280000     16.791395330000
  H                                                11.097197910000     17.118127660000     16.851212620000
  H                                                11.431625210000     15.730105560000     16.313490950000
  O                                                12.789237070000     10.713714610000     17.610871800000
  H                                                12.693473970000     10.722424890000     16.648386890000
  H                                                12.599686390000     11.628868450000     17.854372040000
  C                                                10.366912040000     12.431225140000     10.745299830000
  C                                                11.277598890000     11.209207310000     10.792406540000
  C                                                 9.630248980000      9.228162750000     11.214298200000
  H                                                10.081116930000     10.150325050000      9.313739380000
  H                                                10.183012810000     14.150994250000     11.457297750000
  O                                                11.697492450000      8.996171970000      9.965759760000
  O                                                 9.319586620000     12.473992560000     10.131092350000
  O                                                10.905820780000     13.501363470000     11.363492670000
  C                                                10.628910550000      9.899097410000     10.230213500000
  O                                                12.346509140000     11.653790290000      9.961231880000
  H                                                11.620055770000     11.048364900000     11.818175480000
  O                                                 9.418136410000      9.612000500000     12.349055680000
  O                                                 9.019565050000      8.130418910000     10.714864600000
  H                                                 8.434943410000      7.790949140000     11.417083510000
  H                                                13.178377630000     11.473566360000     10.415992600000
  H                                                11.383795810000      8.342126270000      9.327444890000
  O                                                 8.831633620000     17.087888030000     17.155631990000
  H                                                 8.986334030000     16.592017240000     17.970548410000
  H                                                 8.091512300000     17.672271380000     17.369880180000
  O                                                 9.171039980000     16.885331780000     14.362951320000
  H                                                 9.688547190000     16.057699410000     14.328218340000
  H                                                 8.849529160000     16.911560260000     15.281990840000
  O                                                 8.785977430000     12.402032600000     14.396826870000
  H                                                 9.046192350000     11.575845710000     13.960408220000
  H                                                 8.322701520000     12.900011970000     13.698565350000
 Recover connectivity data from disk.
 Using perturbation frequencies:    0.085645

 GradGradGradGradGradGradGradGradGradGradGradGradGradGradGradGradGradGrad
 Berny optimization.
 Initialization pass.
 Trust Radius=3.00D-01 FncErr=1.00D-07 GrdErr=1.00D-07 EigMax=2.50D+02 EigMin=1.00D-04
 Number of steps in this run=      2 maximum allowed number of steps=      2.
 GradGradGradGradGradGradGradGradGradGradGradGradGradGradGradGradGradGrad

                          Input orientation:                          
 ---------------------------------------------------------------------
 Center     Atomic      Atomic             Coordinates (Angstroms)
 Number     Number       Type             X           Y           Z
 ---------------------------------------------------------------------
      1          8           0       13.914328   15.297107   14.479335
      2          1           0       13.495354   15.887487   15.123903
      3          1           0       14.383895   14.637320   15.004601
      4          8           0        7.847430   14.328161   11.527219
      5          1           0        7.995539   15.292557   11.432656
      6          1           0        8.143078   13.909469   10.703908
      7          8           0        8.193296   17.378435   11.746635
      8          1           0        7.238854   17.539755   11.788178
      9          1           0        8.452321   17.258731   12.690110
     10          8           0        8.364771   11.350650   17.744909
     11          1           0        9.327723   11.382730   17.844547
     12          1           0        8.231025   11.720451   16.857874
     13          8           0       13.694748   15.968863   11.733847
     14          1           0       13.834223   15.714778   12.665343
     15          1           0       12.762582   15.763426   11.582343
     16          8           0       10.803580   14.420289   14.662574
     17          1           0       10.268576   13.605654   14.558362
     18          1           0       11.564732   14.341367   14.074157
     19          8           0       13.359865   11.114674   13.681619
     20          1           0       13.990418   10.521085   13.247737
     21          1           0       12.620041   10.533437   13.887721
     22          8           0       11.828011   16.479571   16.791395
     23          1           0       11.097198   17.118128   16.851213
     24          1           0       11.431625   15.730106   16.313491
     25          8           0       12.789237   10.713715   17.610872
     26          1           0       12.693474   10.722425   16.648387
     27          1           0       12.599686   11.628868   17.854372
     28          6           0       10.366912   12.431225   10.745300
     29          6           0       11.277599   11.209207   10.792407
     30          6           0        9.630249    9.228163   11.214298
     31          1           0       10.081117   10.150325    9.313739
     32          1           0       10.183013   14.150994   11.457298
     33          8           0       11.697492    8.996172    9.965760
     34          8           0        9.319587   12.473993   10.131092
     35          8           0       10.905821   13.501363   11.363493
     36          6           0       10.628911    9.899097   10.230214
     37          8           0       12.346509   11.653790    9.961232
     38          1           0       11.620056   11.048365   11.818175
     39          8           0        9.418136    9.612001   12.349056
     40          8           0        9.019565    8.130419   10.714865
     41          1           0        8.434943    7.790949   11.417084
     42          1           0       13.178378   11.473566   10.415993
     43          1           0       11.383796    8.342126    9.327445
     44          8           0        8.831634   17.087888   17.155632
     45          1           0        8.986334   16.592017   17.970548
     46          1           0        8.091512   17.672271   17.369880
     47          8           0        9.171040   16.885332   14.362951
     48          1           0        9.688547   16.057699   14.328218
     49          1           0        8.849529   16.911560   15.281991
     50          8           0        8.785977   12.402033   14.396827
     51          1           0        9.046192   11.575846   13.960408
     52          1           0        8.322702   12.900012   13.698565
 ---------------------------------------------------------------------
 Symmetry turned off by external request.
 Stoichiometry    C4H30O18
 Framework group  C1[X(C4H30O18)]
 Deg. of freedom   150
 Full point group                 C1      NOp   1
                          Input orientation:                          
 ---------------------------------------------------------------------
 Center     Atomic      Atomic             Coordinates (Angstroms)
 Number     Number       Type             X           Y           Z
 ---------------------------------------------------------------------
      1          8           0       13.914328   15.297107   14.479335
      2          1           0       13.495354   15.887487   15.123903
      3          1           0       14.383895   14.637320   15.004601
      4          8           0        7.847430   14.328161   11.527219
      5          1           0        7.995539   15.292557   11.432656
      6          1           0        8.143078   13.909469   10.703908
      7          8           0        8.193296   17.378435   11.746635
      8          1           0        7.238854   17.539755   11.788178
      9          1           0        8.452321   17.258731   12.690110
     10          8           0        8.364771   11.350650   17.744909
     11          1           0        9.327723   11.382730   17.844547
     12          1           0        8.231025   11.720451   16.857874
     13          8           0       13.694748   15.968863   11.733847
     14          1           0       13.834223   15.714778   12.665343
     15          1           0       12.762582   15.763426   11.582343
     16          8           0       10.803580   14.420289   14.662574
     17          1           0       10.268576   13.605654   14.558362
     18          1           0       11.564732   14.341367   14.074157
     19          8           0       13.359865   11.114674   13.681619
     20          1           0       13.990418   10.521085   13.247737
     21          1           0       12.620041   10.533437   13.887721
     22          8           0       11.828011   16.479571   16.791395
     23          1           0       11.097198   17.118128   16.851213
     24          1           0       11.431625   15.730106   16.313491
     25          8           0       12.789237   10.713715   17.610872
     26          1           0       12.693474   10.722425   16.648387
     27          1           0       12.599686   11.628868   17.854372
     28          6           0       10.366912   12.431225   10.745300
     29          6           0       11.277599   11.209207   10.792407
     30          6           0        9.630249    9.228163   11.214298
     31          1           0       10.081117   10.150325    9.313739
     32          1           0       10.183013   14.150994   11.457298
     33          8           0       11.697492    8.996172    9.965760
     34          8           0        9.319587   12.473993   10.131092
     35          8           0       10.905821   13.501363   11.363493
     36          6           0       10.628911    9.899097   10.230214
     37          8           0       12.346509   11.653790    9.961232
     38          1           0       11.620056   11.048365   11.818175
     39          8           0        9.418136    9.612001   12.349056
     40          8           0        9.019565    8.130419   10.714865
     41          1           0        8.434943    7.790949   11.417084
     42          1           0       13.178378   11.473566   10.415993
     43          1           0       11.383796    8.342126    9.327445
     44          8           0        8.831634   17.087888   17.155632
     45          1           0        8.986334   16.592017   17.970548
     46          1           0        8.091512   17.672271   17.369880
     47          8           0        9.171040   16.885332   14.362951
     48          1           0        9.688547   16.057699   14.328218
     49          1           0        8.849529   16.911560   15.281991
     50          8           0        8.785977   12.402033   14.396827
     51          1           0        9.046192   11.575846   13.960408
     52          1           0        8.322702   12.900012   13.698565
 ---------------------------------------------------------------------
 Rotational constants (GHZ):           0.1689783           0.1019707           0.0935786
 Standard basis: 6-311++G(d,p) (5D, 7F)
   694 basis functions,  1062 primitive gaussians,   716 cartesian basis functions
    99 alpha electrons       99 beta electrons
       nuclear repulsion energy      2186.2547523616 Hartrees.
 NAtoms=   52 NActive=   52 NUniq=   52 SFac= 1.00D+00 NAtFMM=   60 NAOKFM=F Big=F
 Integral buffers will be    131072 words long.
 Raffenetti 2 integral format.
 Two-electron integral symmetry is turned off.
 Force inversion solution in PCM.
 ------------------------------------------------------------------------------
 Polarizable Continuum Model (PCM)
 =================================
 Model                : C-PCM.
 Atomic radii         : UFF (Universal Force Field).
 Polarization charges : Total charges.
 Charge compensation  : None.
 Solution method      : Matrix inversion.
 Cavity type          : Scaled VdW (van der Waals Surface) (Alpha=1.100).
 Cavity algorithm     : GePol (No added spheres)
                        Default sphere list used, NSphG=   52.
                        Lebedev-Laikov grids with approx.  5.0 points / Ang**2.
                        Smoothing algorithm: York/Karplus (Gamma=1.0000).
                        Polarization charges: spherical gaussians, with
                                              point-specific exponents (IZeta= 3).
                        Self-potential: point-specific (ISelfS= 7).
                        Self-field    : sphere-specific E.n sum rule (ISelfD= 2).
 1st derivatives      : Analytical E(r).r(x)/FMM algorithm (CHGder, D1EAlg=3).
                        Cavity 1st derivative terms included.
 2nd derivatives      : Analytical E(r).r(xy)/FMM algorithm (CHGder, D2EAlg=3).
                        Cavity 2nd derivative terms included.
 Solvent              : Water, Eps=  78.355300 Eps(inf)=   1.777849
 ------------------------------------------------------------------------------
 One-electron integrals computed using PRISM.
 NBasis=   694 RedAO= T EigKep=  6.98D-06  NBF=   694
 NBsUse=   694 1.00D-06 EigRej= -1.00D+00 NBFU=   694
 Initial guess from the checkpoint file:  "cluster_233_i.chk"
 B after Tr=     0.000000    0.000000    0.000000
         Rot=    1.000000    0.000000    0.000000    0.000000 Ang=   0.00 deg.
 Requested convergence on RMS density matrix=1.00D-08 within  32 cycles.
 Requested convergence on MAX density matrix=1.00D-06.
 Requested convergence on             energy=1.00D-06.
 No special actions if energy rises.
 Inv3:  Mode=1 IEnd=    69697200.
 Iteration    1 A*A^-1 deviation from unit magnitude is 1.19D-14 for    602.
 Iteration    1 A*A^-1 deviation from orthogonality  is 4.77D-15 for   4819    580.
 Iteration    1 A^-1*A deviation from unit magnitude is 1.21D-14 for    602.
 Iteration    1 A^-1*A deviation from orthogonality  is 3.76D-15 for   4581   1808.
 Error on total polarization charges =  0.02083
 SCF Done:  E(RB3LYP) =  -1525.25058153     A.U. after   12 cycles
            NFock= 12  Conv=0.55D-08     -V/T= 2.0036
 QCSCF skips out because SCF is already converged.
 DoSCS=F DFT=T ScalE2(SS,OS)=  1.000000  1.000000
 Range of M.O.s used for correlation:     1   694
 NBasis=   694 NAE=    99 NBE=    99 NFC=     0 NFV=     0
 NROrb=    694 NOA=    99 NOB=    99 NVA=   595 NVB=   595

 **** Warning!!: The largest alpha MO coefficient is  0.69911774D+02

 NEqPCM:  Using non-equilibrium solvation (IEInf=1, Eps=  78.3553, EpsInf=   1.7778)
 Inv3:  Mode=1 IEnd=    69697200.
 Iteration    1 A*A^-1 deviation from unit magnitude is 1.19D-14 for    602.
 Iteration    1 A*A^-1 deviation from orthogonality  is 4.77D-15 for   4819    580.
 Iteration    1 A^-1*A deviation from unit magnitude is 1.21D-14 for    602.
 Iteration    1 A^-1*A deviation from orthogonality  is 3.76D-15 for   4581   1808.
          Differentiating once with respect to electric field.
                with respect to dipole field.
                with respect to quadrupole field.
          Differentiating once with respect to magnetic field using GIAOs.
          Electric field/nuclear overlap derivatives assumed to be zero.
 FoFJK:  IHMeth= 1 ICntrl=    6127 DoSepK=F KAlg= 0 I1Cent=           0 FoldK=F
 IRaf=         1 NMat=       1 IRICut=       1 DoRegI=T DoRafI=F ISym2E= 0 IDoP0=0 IntGTp=1.
 CalDSu exits because no D1Ps are significant.
          There are    12 degrees of freedom in the 1st order CPHF.  IDoFFX=0 NUNeed=    12.
     11 vectors produced by pass  0 Test12= 9.82D-13 8.33D-09 XBig12= 1.00D+00 1.60D-01.
 AX will form    11 AO Fock derivatives at one time.
     11 vectors produced by pass  1 Test12= 9.82D-13 8.33D-09 XBig12= 2.81D-01 1.21D-01.
     11 vectors produced by pass  2 Test12= 9.82D-13 8.33D-09 XBig12= 8.29D-02 3.02D-02.
     11 vectors produced by pass  3 Test12= 9.82D-13 8.33D-09 XBig12= 9.68D-03 1.48D-02.
     11 vectors produced by pass  4 Test12= 9.82D-13 8.33D-09 XBig12= 4.37D-03 9.65D-03.
     11 vectors produced by pass  5 Test12= 9.82D-13 8.33D-09 XBig12= 4.30D-04 1.86D-03.
     11 vectors produced by pass  6 Test12= 9.82D-13 8.33D-09 XBig12= 4.64D-05 8.38D-04.
     11 vectors produced by pass  7 Test12= 9.82D-13 8.33D-09 XBig12= 2.21D-06 1.85D-04.
     11 vectors produced by pass  8 Test12= 9.82D-13 8.33D-09 XBig12= 7.75D-08 2.07D-05.
     11 vectors produced by pass  9 Test12= 9.82D-13 8.33D-09 XBig12= 1.91D-09 3.36D-06.
     11 vectors produced by pass 10 Test12= 9.82D-13 8.33D-09 XBig12= 5.01D-11 7.13D-07.
      9 vectors produced by pass 11 Test12= 9.82D-13 8.33D-09 XBig12= 1.51D-12 9.10D-08.
      2 vectors produced by pass 12 Test12= 9.82D-13 8.33D-09 XBig12= 3.50D-14 1.59D-08.
 InvSVY:  IOpt=1 It=  1 EMax= 2.84D-13
 Solved reduced A of dimension   132 with    12 vectors.
 Isotropic polarizability for W=    0.085645      197.37 Bohr**3.
 Dipole-magnetic dipole polarizability for W=    0.085645:
                 1             2             3 
      1  -0.337579D+02  0.231782D+04 -0.224376D+04
      2  -0.237977D+04  0.128925D+03  0.193563D+04
      3   0.239288D+04 -0.203436D+04 -0.964634D+02
 DQ contribution to OR G for W=    0.085645:
                 1             2             3 
      1  -0.683787D+02  0.807414D+04 -0.795387D+04
      2  -0.819740D+04  0.254380D+03  0.644521D+04
      3   0.825244D+04 -0.663160D+04 -0.186001D+03
 Optical Rotation G' tensor for W=    0.085645:
                 1             2             3 
      1  -0.863754D+00  0.802528D-01  0.434748D-01
      2   0.802528D-01 -0.151578D+01  0.138425D+01
      3   0.434748D-01  0.138425D+01  0.108347D+01
 OR G Eigenvalues:    -2.1174    -0.8632     1.6846  Iso=     0.4320
 Eigenvectors:
   (1)  -0.044977   0.917142  -0.396014
   (2)   0.998591   0.030100  -0.043704
   (3)   0.028163   0.397422   0.917204
 w=    0.085645 a.u., Optical Rotation Beta=      0.4320 au.
 Molar Mass =    366.2702 grams/mole, [Alpha] ( 5320.0 A) =       55.94 deg.
 End of Minotr F.D. properties on file   721 Mask=       B NFrqRd=     1 NDeriv=     1 ND12= 1 LenFil=      39:
 Frequencies=    0.085645
 Property number 1 -- Alpha(-w,w) frequency  1    0.085645:
                 1             2             3 
      1   0.195124D+03  0.129365D+00  0.898737D+00
      2   0.129365D+00  0.202198D+03  0.126512D+02
      3   0.898737D+00  0.126512D+02  0.194781D+03
 Property number 2 -- FD Optical Rotation Tensor frequency  1    0.085645:
                 1             2             3 
      1  -0.337579D+02  0.231782D+04 -0.224376D+04
      2  -0.237977D+04  0.128925D+03  0.193563D+04
      3   0.239288D+04 -0.203436D+04 -0.964634D+02
 Property number 4 -- D-Q polarizability frequency  1    0.085645:
                 1             2             3 
      1   0.523397D+04 -0.347055D+04 -0.340330D+04
      2  -0.268846D+04  0.636951D+04 -0.286819D+04
      3  -0.254551D+04 -0.289896D+04  0.627149D+04
      4   0.478189D+04  0.394314D+04  0.303062D+03
      5   0.479411D+04  0.234684D+03  0.389970D+04
      6   0.486829D+02  0.520594D+04  0.505491D+04
 End of Minotr F.D. properties file   722 does not exist.
 End of Minotr F.D. properties file   788 does not exist.
 Symmetrizing basis deriv contribution to polar:
 IMax=3 JMax=2 DiffMx= 0.00D+00
 G2DrvN: will do    53 centers at a time, making    1 passes.
 PxScal for G2LodP:  IOpCl= 0 ISclPx=1 IMOff=     1 NMtTot=    25 NTT=  241165 ScalPx= 2.69D+03
 Calling FoFCou, ICntrl=  3107 FMM=F I1Cent=   0 AccDes= 0.00D+00.
 PxScal for G2LodP:  IOpCl= 0 ISclPx=0 IMOff=     1 NMtTot=    25 NTT=  241165 ScalPx= 1.00D+00
 NEqPCM:  Using non-equilibrium solvation (IEInf=1, Eps=  78.3553, EpsInf=   1.7778)
 G2PCM: DoFxE=T DoFxN=T DoGrad=T DoDP/DQ/DG/TGxP=TTTF NFrqRd=   1 IEInf=1 SqF1=F DoCFld=F IF1Alg=4.
 End of G2Drv F.D. properties on file   721 Mask=       B NFrqRd=     1 NDeriv=     1 ND12= 1 LenFil=      39:
 Frequencies=    0.085645
 Property number 1 -- Alpha(-w,w) frequency  1    0.085645:
                 1             2             3 
      1   0.195124D+03  0.129365D+00  0.898737D+00
      2   0.129365D+00  0.202198D+03  0.126512D+02
      3   0.898737D+00  0.126512D+02  0.194781D+03
 Property number 2 -- FD Optical Rotation Tensor frequency  1    0.085645:
                 1             2             3 
      1  -0.337579D+02  0.231782D+04 -0.224376D+04
      2  -0.237977D+04  0.128925D+03  0.193563D+04
      3   0.239288D+04 -0.203436D+04 -0.964634D+02
 Property number 4 -- D-Q polarizability frequency  1    0.085645:
                 1             2             3 
      1   0.523397D+04 -0.347055D+04 -0.340330D+04
      2  -0.268846D+04  0.636951D+04 -0.286819D+04
      3  -0.254551D+04 -0.289896D+04  0.627149D+04
      4   0.478189D+04  0.394314D+04  0.303062D+03
      5   0.479411D+04  0.234684D+03  0.389970D+04
      6   0.486829D+02  0.520594D+04  0.505491D+04
 End of G2Drv F.D. properties on file   722 Mask=       B NFrqRd=     1 NDeriv=   156 ND12= 1 LenFil=    5619:
 Frequencies=    0.085645
 Property number 1 -- Alpha(-w,w) derivatives, frequency  1    0.085645:
                 1             2             3             4             5 
      1  -0.510048D+01 -0.376922D+01 -0.490279D+00 -0.511112D+01 -0.127443D+01
      2  -0.376922D+01 -0.183579D+01  0.213721D-01 -0.127443D+01 -0.419527D+00
      3  -0.490279D+00  0.213721D-01  0.821354D+00  0.576134D-02 -0.649007D+00
                 6             7             8             9            10 
      1   0.576134D-02  0.875012D+00  0.187637D+01 -0.132999D-01  0.310152D+01
      2  -0.649007D+00  0.187637D+01 -0.371944D+00 -0.243092D+00  0.228107D+01
      3  -0.282774D+00 -0.132999D-01 -0.243092D+00  0.816002D+00  0.267101D+00
                11            12            13            14            15 
      1   0.228107D+01  0.267101D+00  0.186373D+01  0.139808D-01 -0.767456D+00
      2   0.447413D+00 -0.499541D+00  0.139808D-01  0.165070D+00  0.516901D+00
      3  -0.499541D+00 -0.973047D+00 -0.767456D+00  0.516901D+00  0.867879D-01
                16            17            18            19            20 
      1  -0.320519D+00 -0.203970D+01 -0.585686D+00  0.127879D+01  0.105615D+01
      2  -0.203970D+01 -0.446255D+00 -0.203907D-01  0.105615D+01  0.787955D+00
      3  -0.585686D+00 -0.203907D-01  0.375458D+00  0.184181D+00  0.148657D+00
                21            22            23            24            25 
      1   0.184181D+00  0.289464D+01  0.876572D+00  0.749242D+00 -0.106051D+01
      2   0.148657D+00  0.876572D+00  0.440342D-01  0.258863D+00  0.110566D+00
      3  -0.184087D+00  0.749242D+00  0.258863D+00  0.509402D+00 -0.145193D+00
                26            27            28            29            30 
      1   0.110566D+00 -0.145193D+00  0.899256D+01 -0.473526D+01  0.624911D+01
      2   0.577503D+00  0.269910D+00 -0.473526D+01  0.307898D+01 -0.380484D+01
      3   0.269910D+00 -0.384797D+00  0.624911D+01 -0.380484D+01  0.290318D+01
                31            32            33            34            35 
      1  -0.346471D+01  0.260436D+00 -0.248486D+00  0.636063D+01 -0.176773D+01
      2   0.260436D+00 -0.368680D+01  0.845633D+00 -0.176773D+01  0.524789D+00
      3  -0.248486D+00  0.845633D+00  0.171769D+01  0.858155D+00  0.752651D+00
                36            37            38            39            40 
      1   0.858155D+00 -0.386052D+01  0.201292D+01 -0.280823D+01  0.418225D+00
      2   0.752651D+00  0.201292D+01 -0.163469D+01  0.150332D+01  0.539293D+00
      3   0.173255D+00 -0.280823D+01  0.150332D+01 -0.144064D+01 -0.221630D+01
                41            42            43            44            45 
      1   0.539293D+00 -0.221630D+01 -0.361753D+01 -0.113595D+00 -0.179041D+01
      2   0.388227D+01 -0.915935D+00 -0.113595D+00  0.481479D+00 -0.109517D+00
      3  -0.915935D+00 -0.103756D+01 -0.179041D+01 -0.109517D+00 -0.738975D+00
                46            47            48            49            50 
      1  -0.517375D+01  0.259054D+01 -0.285799D+01  0.257599D+01 -0.128440D+01
      2   0.259054D+01 -0.120653D+01  0.220620D+01 -0.128440D+01  0.749200D+00
      3  -0.285799D+01  0.220620D+01 -0.662257D-01  0.152487D+01 -0.716182D+00
                51            52            53            54            55 
      1   0.152487D+01 -0.223914D+01  0.173681D+01  0.134353D+01  0.119470D+00
      2  -0.716182D+00  0.173681D+01 -0.121214D+01 -0.394093D+00  0.673393D+00
      3  -0.108314D+01  0.134353D+01 -0.394093D+00  0.115604D+00 -0.318113D+00
                56            57            58            59            60 
      1   0.673393D+00 -0.318113D+00 -0.112186D+00  0.186252D+01  0.379551D+00
      2  -0.197182D+01  0.101646D+01  0.186252D+01 -0.820772D+01  0.278895D+01
      3   0.101646D+01 -0.174312D+01  0.379551D+00  0.278895D+01 -0.260141D+00
                61            62            63            64            65 
      1  -0.523263D+00  0.517773D+00 -0.121622D+01  0.916032D+00 -0.128036D+01
      2   0.517773D+00  0.176142D+01 -0.107671D+00 -0.128036D+01  0.180415D+01
      3  -0.121622D+01 -0.107671D+00 -0.205263D+01  0.530759D+00 -0.816749D+00
                66            67            68            69            70 
      1   0.530759D+00  0.152594D+00 -0.539918D+00 -0.335763D-01 -0.310267D+00
      2  -0.816749D+00 -0.539918D+00  0.281623D+01 -0.680994D+00  0.244364D+00
      3   0.785563D+00 -0.335763D-01 -0.680994D+00 -0.414686D-01 -0.320263D-01
                71            72            73            74            75 
      1   0.244364D+00 -0.320263D-01 -0.939831D+00  0.910944D+00 -0.425196D+00
      2  -0.476644D+00  0.385542D+00  0.910944D+00  0.656601D+00  0.275961D+00
      3   0.385542D+00 -0.363425D+00 -0.425196D+00  0.275961D+00  0.657557D+00
                76            77            78            79            80 
      1  -0.120283D+00 -0.934181D+00  0.330318D+00  0.901561D+00  0.163598D-02
      2  -0.934181D+00  0.456734D+01 -0.162176D+01  0.163598D-02 -0.140970D+01
      3   0.330318D+00 -0.162176D+01  0.134491D+00  0.654460D+00  0.478470D+00
                81            82            83            84            85 
      1   0.654460D+00 -0.162842D+01 -0.398403D+00  0.136670D+00 -0.141451D+00
      2   0.478470D+00 -0.398403D+00  0.818640D+00  0.416911D+00  0.163073D+01
      3   0.270762D+01  0.136670D+00  0.416911D+00  0.151419D+01  0.106991D+01
                86            87            88            89            90 
      1   0.163073D+01  0.106991D+01 -0.120582D+01  0.561557D+00  0.126647D+01
      2   0.283495D+01 -0.215674D+01  0.561557D+00  0.630772D+00 -0.237575D+01
      3  -0.215674D+01 -0.358908D+01  0.126647D+01 -0.237575D+01  0.216416D+00
                91            92            93            94            95 
      1   0.194922D+01  0.514067D+00 -0.711496D+00  0.333662D+00 -0.728846D+00
      2   0.514067D+00 -0.956603D+00 -0.573503D+00 -0.728846D+00 -0.141813D+01
      3  -0.711496D+00 -0.573503D+00 -0.107409D+01 -0.704194D+00  0.155986D+01
                96            97            98            99           100 
      1  -0.704194D+00  0.139156D+00 -0.249102D+00 -0.246537D+00 -0.258848D+00
      2   0.155986D+01 -0.249102D+00 -0.566078D+00  0.469346D+00 -0.206497D+00
      3   0.101720D+01 -0.246537D+00  0.469346D+00  0.732617D+00  0.759994D+00
               101           102           103           104           105 
      1  -0.206497D+00  0.759994D+00 -0.250472D+00 -0.872758D+00 -0.343393D+00
      2   0.138626D+00  0.105621D+00 -0.872758D+00 -0.141856D+01  0.567412D+00
      3   0.105621D+00 -0.479327D+00 -0.343393D+00  0.567412D+00  0.262743D+01
               106           107           108           109           110 
      1   0.106576D+01 -0.215714D+00 -0.117299D+01  0.171339D+01  0.210064D+01
      2  -0.215714D+00 -0.700207D-01  0.196305D+01  0.210064D+01  0.565792D+00
      3  -0.117299D+01  0.196305D+01 -0.918846D+00  0.356224D+00 -0.350736D+00
               111           112           113           114           115 
      1   0.356224D+00  0.188430D+01 -0.285915D+01 -0.178273D+01  0.178447D+01
      2  -0.350736D+00 -0.285915D+01 -0.726462D+01  0.553110D+00 -0.105881D+01
      3  -0.134337D+01 -0.178273D+01  0.553110D+00  0.211934D+01 -0.148797D+01
               116           117           118           119           120 
      1  -0.105881D+01 -0.148797D+01  0.120281D+01  0.963815D-01 -0.173547D+00
      2  -0.205339D+01  0.134349D+01  0.963815D-01 -0.111472D+01  0.267156D+00
      3   0.134349D+01 -0.154186D+01 -0.173547D+00  0.267156D+00  0.719697D+00
               121           122           123           124           125 
      1  -0.791640D+00  0.174572D+01  0.118502D+01 -0.963493D+00  0.652658D+00
      2   0.174572D+01  0.388325D+01  0.115731D+00  0.652658D+00  0.119146D+01
      3   0.118502D+01  0.115731D+00 -0.162433D+01  0.195232D+01 -0.108911D+01
               126           127           128           129           130 
      1   0.195232D+01 -0.273611D+01 -0.216857D+01 -0.129144D+00 -0.106499D+01
      2  -0.108911D+01 -0.216857D+01  0.419567D+00  0.119221D+00  0.120412D+01
      3   0.141112D+01 -0.129144D+00  0.119221D+00  0.796732D+00  0.385503D+00
               131           132           133           134           135 
      1   0.120412D+01  0.385503D+00 -0.287413D+00  0.284183D+00  0.368297D+00
      2   0.329999D+01 -0.654040D+00  0.284183D+00  0.105941D+01 -0.768604D-02
      3  -0.654040D+00 -0.480326D+00  0.368297D+00 -0.768604D-02 -0.296745D+00
               136           137           138           139           140 
      1  -0.127641D+01 -0.906466D-01 -0.217401D+01  0.129814D+00  0.238594D+01
      2  -0.906466D-01  0.178726D+01 -0.680626D+00  0.238594D+01  0.122995D+01
      3  -0.217401D+01 -0.680626D+00 -0.412917D+01 -0.182304D+00  0.104595D+01
               141           142           143           144           145 
      1  -0.182304D+00 -0.192471D+01 -0.485203D+00 -0.356852D+01  0.111312D+01
      2   0.104595D+01 -0.485203D+00  0.100730D+01 -0.591067D+00 -0.504462D+00
      3  -0.109725D+00 -0.356852D+01 -0.591067D+00 -0.383437D+01  0.264446D+01
               146           147           148           149           150 
      1  -0.504462D+00  0.264446D+01 -0.582159D+00 -0.219096D+01  0.406536D+00
      2  -0.153412D+01  0.850660D+00 -0.219096D+01 -0.220912D+01 -0.548665D+00
      3   0.850660D+00  0.212385D+01  0.406536D+00 -0.548665D+00  0.677720D+00
               151           152           153           154           155 
      1   0.139600D+01  0.386322D+00  0.118151D+01  0.169507D+01  0.468410D+00
      2   0.386322D+00 -0.352984D+00 -0.784247D-01  0.468410D+00  0.103242D+00
      3   0.118151D+01 -0.784247D-01  0.277769D+01  0.186846D+00  0.446170D+00
               156           157           158           159           160 
      1   0.186846D+00  0.837341D+00  0.549354D-01 -0.226242D-01  0.865838D+00
      2   0.446170D+00  0.549354D-01  0.760846D+00 -0.200690D+00  0.154193D+00
      3   0.152266D+01 -0.226242D-01 -0.200690D+00 -0.852081D+00  0.215846D+01
               161           162           163           164           165 
      1   0.154193D+00  0.215846D+01  0.150094D+01  0.757393D+00 -0.158242D+01
      2  -0.127829D+00 -0.174931D+00  0.757393D+00 -0.315268D+00  0.617410D+00
      3  -0.174931D+00  0.885088D+00 -0.158242D+01  0.617410D+00 -0.208456D+01
               166           167           168           169           170 
      1   0.142959D+01 -0.939384D+00  0.383150D+00 -0.383243D+01  0.154025D+01
      2  -0.939384D+00 -0.821495D+00 -0.167233D+00  0.154025D+01 -0.954316D+00
      3   0.383150D+00 -0.167233D+00  0.169570D-01 -0.361293D+01  0.145457D+01
               171           172           173           174           175 
