 Entering Gaussian System, Link 0=g16
 Input=FREE.INP
 Output=FREE.OUT
 Initial command:
 /usr/local/g16-A.03/sse4/g16/l1.exe "/scratch/zronyj/p2/cluster_323_i/Gau-21666.inp" -scrdir="/scratch/zronyj/p2/cluster_323_i/"
 Entering Link 1 = /usr/local/g16-A.03/sse4/g16/l1.exe PID=     21667.
  
 Copyright (c) 1988,1990,1992,1993,1995,1998,2003,2009,2016,
            Gaussian, Inc.  All Rights Reserved.
  
 This is part of the Gaussian(R) 16 program.  It is based on
 the Gaussian(R) 09 system (copyright 2009, Gaussian, Inc.),
 the Gaussian(R) 03 system (copyright 2003, Gaussian, Inc.),
 the Gaussian(R) 98 system (copyright 1998, Gaussian, Inc.),
 the Gaussian(R) 94 system (copyright 1995, Gaussian, Inc.),
 the Gaussian 92(TM) system (copyright 1992, Gaussian, Inc.),
 the Gaussian 90(TM) system (copyright 1990, Gaussian, Inc.),
 the Gaussian 88(TM) system (copyright 1988, Gaussian, Inc.),
 the Gaussian 86(TM) system (copyright 1986, Carnegie Mellon
 University), and the Gaussian 82(TM) system (copyright 1983,
 Carnegie Mellon University). Gaussian is a federally registered
 trademark of Gaussian, Inc.
  
 This software contains proprietary and confidential information,
 including trade secrets, belonging to Gaussian, Inc.
  
 This software is provided under written license and may be
 used, copied, transmitted, or stored only in accord with that
 written license.
  
 The following legend is applicable only to US Government
 contracts under FAR:
  
                    RESTRICTED RIGHTS LEGEND
  
 Use, reproduction and disclosure by the US Government is
 subject to restrictions as set forth in subparagraphs (a)
 and (c) of the Commercial Computer Software - Restricted
 Rights clause in FAR 52.227-19.
  
 Gaussian, Inc.
 340 Quinnipiac St., Bldg. 40, Wallingford CT 06492
  
  
 ---------------------------------------------------------------
 Warning -- This program may not be used in any manner that
 competes with the business of Gaussian, Inc. or will provide
 assistance to any competitor of Gaussian, Inc.  The licensee
 of this program is prohibited from giving any competitor of
 Gaussian, Inc. access to this program.  By using this program,
 the user acknowledges that Gaussian, Inc. is engaged in the
 business of creating and licensing software in the field of
 computational chemistry and represents and warrants to the
 licensee that it is not a competitor of Gaussian, Inc. and that
 it will not use this program in any manner prohibited above.
 ---------------------------------------------------------------
  

 Cite this work as:
 Gaussian 16, Revision A.03,
 M. J. Frisch, G. W. Trucks, H. B. Schlegel, G. E. Scuseria, 
 M. A. Robb, J. R. Cheeseman, G. Scalmani, V. Barone, 
 G. A. Petersson, H. Nakatsuji, X. Li, M. Caricato, A. V. Marenich, 
 J. Bloino, B. G. Janesko, R. Gomperts, B. Mennucci, H. P. Hratchian, 
 J. V. Ortiz, A. F. Izmaylov, J. L. Sonnenberg, D. Williams-Young, 
 F. Ding, F. Lipparini, F. Egidi, J. Goings, B. Peng, A. Petrone, 
 T. Henderson, D. Ranasinghe, V. G. Zakrzewski, J. Gao, N. Rega, 
 G. Zheng, W. Liang, M. Hada, M. Ehara, K. Toyota, R. Fukuda, 
 J. Hasegawa, M. Ishida, T. Nakajima, Y. Honda, O. Kitao, H. Nakai, 
 T. Vreven, K. Throssell, J. A. Montgomery, Jr., J. E. Peralta, 
 F. Ogliaro, M. J. Bearpark, J. J. Heyd, E. N. Brothers, K. N. Kudin, 
 V. N. Staroverov, T. A. Keith, R. Kobayashi, J. Normand, 
 K. Raghavachari, A. P. Rendell, J. C. Burant, S. S. Iyengar, 
 J. Tomasi, M. Cossi, J. M. Millam, M. Klene, C. Adamo, R. Cammi, 
 J. W. Ochterski, R. L. Martin, K. Morokuma, O. Farkas, 
 J. B. Foresman, and D. J. Fox, Gaussian, Inc., Wallingford CT, 2016.
 
 ******************************************
 Gaussian 16:  ES64L-G16RevA.03 25-Dec-2016
                28-Aug-2023 
 ******************************************
 %chk=cluster_323_i.chk
 %mem=8GB
 %nproc=8
 Will use up to    8 processors via shared memory.
 ----------------------------------------------------------------------
 #b3lyp/6-311++G** scrf=(cpcm,Solvent=Water) nosymm freq=roa scf=(xqc,c
 onver=8) iop(2/11=1) geom=checkpoint guess=checkpoint
 ----------------------------------------------------------------------
 1/10=4,29=2,30=1,38=1,83=21/1,3;
 2/11=1,12=2,15=1,40=1/2;
 3/5=4,6=6,7=1111,11=2,14=-4,25=1,30=1,36=2,70=2101,71=2,72=1,74=-5,116=-2,140=1/1,2,3;
 4/5=1/1;
 5/5=2,6=8,8=3,13=1,38=6,53=1,98=1/2,8;
 8/6=4,10=90,11=11/1;
 10/13=10,15=4,31=1,49=111,72=3/2;
 11/6=3,8=1,9=11,15=111,16=1,31=1/1,2,10;
 10/6=1,31=1,49=111/2;
 6/7=2,8=2,9=2,10=2,28=1/1;
 7/8=1,10=1,25=1,30=1/1,2,3,16;
 1/10=4,30=1/3;
 99//99;
 -----------------
 ROA cluster_323_i
 -----------------
 Structure from the checkpoint file:  "cluster_323_i.chk"
 Charge =  0 Multiplicity = 1
 No Z-Matrix found in chk file; cartesian coordinates used.
  O                                                16.575860180000      9.927759860000     13.225960850000
  H                                                16.326141900000      9.757531690000     14.154425830000
  H                                                15.885430150000     10.509576310000     12.870161230000
  O                                                17.067785070000     13.889203560000     14.383178270000
  H                                                16.781594990000     14.801904980000     14.523727530000
  H                                                16.405099450000     13.363779970000     14.879841140000
  O                                                14.816625530000     11.148105330000     11.205466570000
  H                                                15.290175980000     10.527985910000     10.633731990000
  H                                                15.324713600000     11.994867520000     11.159950290000
  O                                                12.725170780000      6.557641570000     11.345430260000
  H                                                12.864875000000      7.340597810000     11.899974330000
  H                                                13.068618870000      5.847238150000     11.902851020000
  O                                                15.364616850000      7.214157060000     12.824948350000
  H                                                15.652273920000      8.147580870000     12.834454770000
  H                                                15.854293310000      6.832169310000     13.567510300000
  O                                                10.782089200000     14.417036210000     14.662768000000
  H                                                10.830945820000     14.071002420000     13.758912350000
  H                                                11.435362240000     13.882074100000     15.131557630000
  O                                                13.339782120000     11.085846250000     13.699221030000
  H                                                13.746918720000     10.749025320000     12.886750120000
  H                                                12.793642860000     10.333379010000     14.015149850000
  O                                                12.840757800000     10.754558750000     17.576561070000
  H                                                12.192445080000     10.117038510000     17.228380770000
  H                                                12.278383580000     11.432345570000     17.977968310000
  C                                                10.372502660000     12.444450980000     10.770342450000
  C                                                11.302243650000     11.217749830000     10.789938340000
  C                                                 9.617450270000      9.230068130000     11.172491440000
  H                                                10.093240990000     10.174926040000      9.275275440000
  H                                                10.252943760000     14.275671300000     11.159671390000
  O                                                11.675123390000      8.980750320000      9.944296410000
  O                                                 9.331898050000     12.476823820000     10.153342800000
  O                                                10.866874560000     13.553218020000     11.383768430000
  C                                                10.619390560000      9.904634240000     10.200265980000
  O                                                12.375749770000     11.634265920000      9.963481620000
  H                                                11.640676230000     11.028639900000     11.813006600000
  O                                                 9.437778250000      9.632745220000     12.307517510000
  O                                                 9.008694950000      8.105901200000     10.739090700000
  H                                                 8.481920000000      7.776540680000     11.490463480000
  H                                                13.223700560000     11.414359130000     10.402241160000
  H                                                11.322683590000      8.077031570000      9.904977270000
  O                                                16.400707490000     13.661619170000     11.251636820000
  H                                                17.251593110000     13.441955700000     10.848370730000
  H                                                16.604167150000     13.731856210000     12.206042880000
  O                                                17.728957200000      7.777564810000     11.160518470000
  H                                                16.953281680000      7.288602770000     11.481394450000
  H                                                17.861286890000      8.422499070000     11.878308890000
  O                                                14.905927190000     12.462774840000     15.684924310000
  H                                                14.519838490000     12.072307090000     16.484254440000
  H                                                14.411136470000     12.016074060000     14.967062710000
  O                                                15.420519540000      8.555813000000     15.570012980000
  H                                                15.033205450000      9.059303040000     16.302160500000
  H                                                14.668383770000      8.359510000000     14.993163790000
  O                                                10.605909670000      9.084999670000     16.726470290000
  H                                                 9.858515520000      9.681611120000     16.597806430000
  H                                                10.263479130000      8.369228600000     17.275250680000
  O                                                11.928013120000      8.867254570000     13.862268130000
  H                                                11.137517800000      9.142855310000     13.364986910000
  H                                                11.565980630000      8.617994590000     14.727238160000
 Recover connectivity data from disk.
 Using perturbation frequencies:    0.085645

 GradGradGradGradGradGradGradGradGradGradGradGradGradGradGradGradGradGrad
 Berny optimization.
 Initialization pass.
 Trust Radius=3.00D-01 FncErr=1.00D-07 GrdErr=1.00D-07 EigMax=2.50D+02 EigMin=1.00D-04
 Number of steps in this run=      2 maximum allowed number of steps=      2.
 GradGradGradGradGradGradGradGradGradGradGradGradGradGradGradGradGradGrad

                          Input orientation:                          
 ---------------------------------------------------------------------
 Center     Atomic      Atomic             Coordinates (Angstroms)
 Number     Number       Type             X           Y           Z
 ---------------------------------------------------------------------
      1          8           0       16.575860    9.927760   13.225961
      2          1           0       16.326142    9.757532   14.154426
      3          1           0       15.885430   10.509576   12.870161
      4          8           0       17.067785   13.889204   14.383178
      5          1           0       16.781595   14.801905   14.523728
      6          1           0       16.405099   13.363780   14.879841
      7          8           0       14.816626   11.148105   11.205467
      8          1           0       15.290176   10.527986   10.633732
      9          1           0       15.324714   11.994868   11.159950
     10          8           0       12.725171    6.557642   11.345430
     11          1           0       12.864875    7.340598   11.899974
     12          1           0       13.068619    5.847238   11.902851
     13          8           0       15.364617    7.214157   12.824948
     14          1           0       15.652274    8.147581   12.834455
     15          1           0       15.854293    6.832169   13.567510
     16          8           0       10.782089   14.417036   14.662768
     17          1           0       10.830946   14.071002   13.758912
     18          1           0       11.435362   13.882074   15.131558
     19          8           0       13.339782   11.085846   13.699221
     20          1           0       13.746919   10.749025   12.886750
     21          1           0       12.793643   10.333379   14.015150
     22          8           0       12.840758   10.754559   17.576561
     23          1           0       12.192445   10.117039   17.228381
     24          1           0       12.278384   11.432346   17.977968
     25          6           0       10.372503   12.444451   10.770342
     26          6           0       11.302244   11.217750   10.789938
     27          6           0        9.617450    9.230068   11.172491
     28          1           0       10.093241   10.174926    9.275275
     29          1           0       10.252944   14.275671   11.159671
     30          8           0       11.675123    8.980750    9.944296
     31          8           0        9.331898   12.476824   10.153343
     32          8           0       10.866875   13.553218   11.383768
     33          6           0       10.619391    9.904634   10.200266
     34          8           0       12.375750   11.634266    9.963482
     35          1           0       11.640676   11.028640   11.813007
     36          8           0        9.437778    9.632745   12.307518
     37          8           0        9.008695    8.105901   10.739091
     38          1           0        8.481920    7.776541   11.490463
     39          1           0       13.223701   11.414359   10.402241
     40          1           0       11.322684    8.077032    9.904977
     41          8           0       16.400707   13.661619   11.251637
     42          1           0       17.251593   13.441956   10.848371
     43          1           0       16.604167   13.731856   12.206043
     44          8           0       17.728957    7.777565   11.160518
     45          1           0       16.953282    7.288603   11.481394
     46          1           0       17.861287    8.422499   11.878309
     47          8           0       14.905927   12.462775   15.684924
     48          1           0       14.519838   12.072307   16.484254
     49          1           0       14.411136   12.016074   14.967063
     50          8           0       15.420520    8.555813   15.570013
     51          1           0       15.033205    9.059303   16.302161
     52          1           0       14.668384    8.359510   14.993164
     53          8           0       10.605910    9.085000   16.726470
     54          1           0        9.858516    9.681611   16.597806
     55          1           0       10.263479    8.369229   17.275251
     56          8           0       11.928013    8.867255   13.862268
     57          1           0       11.137518    9.142855   13.364987
     58          1           0       11.565981    8.617995   14.727238
 ---------------------------------------------------------------------
 Symmetry turned off by external request.
 Stoichiometry    C4H34O20
 Framework group  C1[X(C4H34O20)]
 Deg. of freedom   168
 Full point group                 C1      NOp   1
                          Input orientation:                          
 ---------------------------------------------------------------------
 Center     Atomic      Atomic             Coordinates (Angstroms)
 Number     Number       Type             X           Y           Z
 ---------------------------------------------------------------------
      1          8           0       16.575860    9.927760   13.225961
      2          1           0       16.326142    9.757532   14.154426
      3          1           0       15.885430   10.509576   12.870161
      4          8           0       17.067785   13.889204   14.383178
      5          1           0       16.781595   14.801905   14.523728
      6          1           0       16.405099   13.363780   14.879841
      7          8           0       14.816626   11.148105   11.205467
      8          1           0       15.290176   10.527986   10.633732
      9          1           0       15.324714   11.994868   11.159950
     10          8           0       12.725171    6.557642   11.345430
     11          1           0       12.864875    7.340598   11.899974
     12          1           0       13.068619    5.847238   11.902851
     13          8           0       15.364617    7.214157   12.824948
     14          1           0       15.652274    8.147581   12.834455
     15          1           0       15.854293    6.832169   13.567510
     16          8           0       10.782089   14.417036   14.662768
     17          1           0       10.830946   14.071002   13.758912
     18          1           0       11.435362   13.882074   15.131558
     19          8           0       13.339782   11.085846   13.699221
     20          1           0       13.746919   10.749025   12.886750
     21          1           0       12.793643   10.333379   14.015150
     22          8           0       12.840758   10.754559   17.576561
     23          1           0       12.192445   10.117039   17.228381
     24          1           0       12.278384   11.432346   17.977968
     25          6           0       10.372503   12.444451   10.770342
     26          6           0       11.302244   11.217750   10.789938
     27          6           0        9.617450    9.230068   11.172491
     28          1           0       10.093241   10.174926    9.275275
     29          1           0       10.252944   14.275671   11.159671
     30          8           0       11.675123    8.980750    9.944296
     31          8           0        9.331898   12.476824   10.153343
     32          8           0       10.866875   13.553218   11.383768
     33          6           0       10.619391    9.904634   10.200266
     34          8           0       12.375750   11.634266    9.963482
     35          1           0       11.640676   11.028640   11.813007
     36          8           0        9.437778    9.632745   12.307518
     37          8           0        9.008695    8.105901   10.739091
     38          1           0        8.481920    7.776541   11.490463
     39          1           0       13.223701   11.414359   10.402241
     40          1           0       11.322684    8.077032    9.904977
     41          8           0       16.400707   13.661619   11.251637
     42          1           0       17.251593   13.441956   10.848371
     43          1           0       16.604167   13.731856   12.206043
     44          8           0       17.728957    7.777565   11.160518
     45          1           0       16.953282    7.288603   11.481394
     46          1           0       17.861287    8.422499   11.878309
     47          8           0       14.905927   12.462775   15.684924
     48          1           0       14.519838   12.072307   16.484254
     49          1           0       14.411136   12.016074   14.967063
     50          8           0       15.420520    8.555813   15.570013
     51          1           0       15.033205    9.059303   16.302161
     52          1           0       14.668384    8.359510   14.993164
     53          8           0       10.605910    9.085000   16.726470
     54          1           0        9.858516    9.681611   16.597806
     55          1           0       10.263479    8.369229   17.275251
     56          8           0       11.928013    8.867255   13.862268
     57          1           0       11.137518    9.142855   13.364987
     58          1           0       11.565981    8.617995   14.727238
 ---------------------------------------------------------------------
 Rotational constants (GHZ):           0.1350276           0.1052704           0.0990019
 Standard basis: 6-311++G(d,p) (5D, 7F)
   766 basis functions,  1170 primitive gaussians,   790 cartesian basis functions
   109 alpha electrons      109 beta electrons
       nuclear repulsion energy      2670.4825476355 Hartrees.
 NAtoms=   58 NActive=   58 NUniq=   58 SFac= 1.00D+00 NAtFMM=   60 NAOKFM=F Big=F
 Integral buffers will be    131072 words long.
 Raffenetti 2 integral format.
 Two-electron integral symmetry is turned off.
 Force inversion solution in PCM.
 ------------------------------------------------------------------------------
 Polarizable Continuum Model (PCM)
 =================================
 Model                : C-PCM.
 Atomic radii         : UFF (Universal Force Field).
 Polarization charges : Total charges.
 Charge compensation  : None.
 Solution method      : Matrix inversion.
 Cavity type          : Scaled VdW (van der Waals Surface) (Alpha=1.100).
 Cavity algorithm     : GePol (No added spheres)
                        Default sphere list used, NSphG=   58.
                        Lebedev-Laikov grids with approx.  5.0 points / Ang**2.
                        Smoothing algorithm: York/Karplus (Gamma=1.0000).
                        Polarization charges: spherical gaussians, with
                                              point-specific exponents (IZeta= 3).
                        Self-potential: point-specific (ISelfS= 7).
                        Self-field    : sphere-specific E.n sum rule (ISelfD= 2).
 1st derivatives      : Analytical E(r).r(x)/FMM algorithm (CHGder, D1EAlg=3).
                        Cavity 1st derivative terms included.
 2nd derivatives      : Analytical E(r).r(xy)/FMM algorithm (CHGder, D2EAlg=3).
                        Cavity 2nd derivative terms included.
 Solvent              : Water, Eps=  78.355300 Eps(inf)=   1.777849
 ------------------------------------------------------------------------------
 One-electron integrals computed using PRISM.
 NBasis=   766 RedAO= T EigKep=  5.70D-06  NBF=   766
 NBsUse=   766 1.00D-06 EigRej= -1.00D+00 NBFU=   766
 Initial guess from the checkpoint file:  "cluster_323_i.chk"
 B after Tr=     0.000000    0.000000    0.000000
         Rot=    1.000000    0.000000    0.000000    0.000000 Ang=   0.00 deg.
 Requested convergence on RMS density matrix=1.00D-08 within  32 cycles.
 Requested convergence on MAX density matrix=1.00D-06.
 Requested convergence on             energy=1.00D-06.
 No special actions if energy rises.
 Inv3:  Mode=1 IEnd=    76325808.
 Iteration    1 A*A^-1 deviation from unit magnitude is 9.99D-15 for    625.
 Iteration    1 A*A^-1 deviation from orthogonality  is 4.00D-15 for   4776   1889.
 Iteration    1 A^-1*A deviation from unit magnitude is 9.77D-15 for    625.
 Iteration    1 A^-1*A deviation from orthogonality  is 2.69D-15 for   3257   1253.
 Error on total polarization charges =  0.01999
 SCF Done:  E(RB3LYP) =  -1678.20003383     A.U. after   12 cycles
            NFock= 12  Conv=0.40D-08     -V/T= 2.0036
 QCSCF skips out because SCF is already converged.
 DoSCS=F DFT=T ScalE2(SS,OS)=  1.000000  1.000000
 Range of M.O.s used for correlation:     1   766
 NBasis=   766 NAE=   109 NBE=   109 NFC=     0 NFV=     0
 NROrb=    766 NOA=   109 NOB=   109 NVA=   657 NVB=   657

 **** Warning!!: The largest alpha MO coefficient is  0.60573157D+02

 NEqPCM:  Using non-equilibrium solvation (IEInf=1, Eps=  78.3553, EpsInf=   1.7778)
 Inv3:  Mode=1 IEnd=    76325808.
 Iteration    1 A*A^-1 deviation from unit magnitude is 9.99D-15 for    625.
 Iteration    1 A*A^-1 deviation from orthogonality  is 4.00D-15 for   4776   1889.
 Iteration    1 A^-1*A deviation from unit magnitude is 9.77D-15 for    625.
 Iteration    1 A^-1*A deviation from orthogonality  is 2.69D-15 for   3257   1253.
          Differentiating once with respect to electric field.
                with respect to dipole field.
                with respect to quadrupole field.
          Differentiating once with respect to magnetic field using GIAOs.
          Electric field/nuclear overlap derivatives assumed to be zero.
 FoFJK:  IHMeth= 1 ICntrl=    6127 DoSepK=F KAlg= 0 I1Cent=           0 FoldK=F
 IRaf=         1 NMat=       1 IRICut=       1 DoRegI=T DoRafI=F ISym2E= 0 IDoP0=0 IntGTp=1.
 CalDSu exits because no D1Ps are significant.
          There are    12 degrees of freedom in the 1st order CPHF.  IDoFFX=0 NUNeed=    12.
     11 vectors produced by pass  0 Test12= 1.19D-12 8.33D-09 XBig12= 1.00D+00 2.17D-01.
 AX will form    11 AO Fock derivatives at one time.
     11 vectors produced by pass  1 Test12= 1.19D-12 8.33D-09 XBig12= 2.75D-01 1.39D-01.
     11 vectors produced by pass  2 Test12= 1.19D-12 8.33D-09 XBig12= 6.83D-02 4.33D-02.
     11 vectors produced by pass  3 Test12= 1.19D-12 8.33D-09 XBig12= 7.23D-03 1.04D-02.
     11 vectors produced by pass  4 Test12= 1.19D-12 8.33D-09 XBig12= 2.70D-03 8.83D-03.
     11 vectors produced by pass  5 Test12= 1.19D-12 8.33D-09 XBig12= 4.27D-04 3.53D-03.
     11 vectors produced by pass  6 Test12= 1.19D-12 8.33D-09 XBig12= 6.19D-05 9.53D-04.
     11 vectors produced by pass  7 Test12= 1.19D-12 8.33D-09 XBig12= 8.74D-06 2.32D-04.
     11 vectors produced by pass  8 Test12= 1.19D-12 8.33D-09 XBig12= 4.04D-07 5.29D-05.
     11 vectors produced by pass  9 Test12= 1.19D-12 8.33D-09 XBig12= 1.25D-08 1.34D-05.
     11 vectors produced by pass 10 Test12= 1.19D-12 8.33D-09 XBig12= 4.50D-10 2.78D-06.
      9 vectors produced by pass 11 Test12= 1.19D-12 8.33D-09 XBig12= 1.22D-11 3.14D-07.
      4 vectors produced by pass 12 Test12= 1.19D-12 8.33D-09 XBig12= 3.51D-13 6.12D-08.
      1 vectors produced by pass 13 Test12= 1.19D-12 8.33D-09 XBig12= 1.37D-14 1.10D-08.
 InvSVY:  IOpt=1 It=  1 EMax= 3.41D-13
 Solved reduced A of dimension   135 with    12 vectors.
 Isotropic polarizability for W=    0.085645      219.65 Bohr**3.
 Dipole-magnetic dipole polarizability for W=    0.085645:
                 1             2             3 
      1   0.636671D+02  0.257224D+04 -0.206532D+04
      2  -0.261286D+04 -0.659162D+02  0.259534D+04
      3   0.210140D+04 -0.259527D+04  0.134894D+00
 DQ contribution to OR G for W=    0.085645:
                 1             2             3 
      1   0.138370D+03  0.875081D+04 -0.729195D+04
      2  -0.883146D+04 -0.132910D+03  0.897140D+04
      3   0.736644D+04 -0.897027D+04 -0.545935D+01
 Optical Rotation G' tensor for W=    0.085645:
                 1             2             3 
      1   0.170181D+01  0.736586D-01  0.291542D+00
      2   0.736586D-01 -0.132662D+01  0.125999D+00
      3   0.291542D+00  0.125999D+00 -0.248938D+01
 OR G Eigenvalues:    -2.5218    -1.3167     1.7242  Iso=     0.7047
 Eigenvectors:
   (1)  -0.066770  -0.100541   0.992690
   (2)  -0.033780   0.994568   0.098459
   (3)   0.997196   0.026959   0.069803
 w=    0.085645 a.u., Optical Rotation Beta=      0.7047 au.
 Molar Mass =    402.3006 grams/mole, [Alpha] ( 5320.0 A) =       83.08 deg.
 End of Minotr F.D. properties on file   721 Mask=       B NFrqRd=     1 NDeriv=     1 ND12= 1 LenFil=      39:
 Frequencies=    0.085645
 Property number 1 -- Alpha(-w,w) frequency  1    0.085645:
                 1             2             3 
      1   0.222315D+03  0.967208D+01  0.371594D+01
      2   0.967208D+01  0.221661D+03  0.593628D+01
      3   0.371594D+01  0.593628D+01  0.214970D+03
 Property number 2 -- FD Optical Rotation Tensor frequency  1    0.085645:
                 1             2             3 
      1   0.636671D+02  0.257224D+04 -0.206532D+04
      2  -0.261286D+04 -0.659162D+02  0.259534D+04
      3   0.210140D+04 -0.259527D+04  0.134894D+00
 Property number 4 -- D-Q polarizability frequency  1    0.085645:
                 1             2             3 
      1   0.705285D+04 -0.273388D+04 -0.348098D+04
      2  -0.340026D+04  0.564747D+04 -0.334202D+04
      3  -0.365259D+04 -0.291359D+04  0.682301D+04
      4   0.463255D+04  0.557001D+04  0.224579D+03
      5   0.535048D+04  0.362949D+03  0.531881D+04
      6   0.357490D+03  0.540879D+04  0.437836D+04
 End of Minotr F.D. properties file   722 does not exist.
 End of Minotr F.D. properties file   788 does not exist.
 Symmetrizing basis deriv contribution to polar:
 IMax=3 JMax=2 DiffMx= 0.00D+00
 G2DrvN: will do    59 centers at a time, making    1 passes.
 PxScal for G2LodP:  IOpCl= 0 ISclPx=1 IMOff=     1 NMtTot=    25 NTT=  293761 ScalPx= 1.26D+03
 Calling FoFCou, ICntrl=  3107 FMM=F I1Cent=   0 AccDes= 0.00D+00.
 PxScal for G2LodP:  IOpCl= 0 ISclPx=0 IMOff=     1 NMtTot=    25 NTT=  293761 ScalPx= 1.00D+00
 NEqPCM:  Using non-equilibrium solvation (IEInf=1, Eps=  78.3553, EpsInf=   1.7778)
 G2PCM: DoFxE=T DoFxN=T DoGrad=T DoDP/DQ/DG/TGxP=TTTF NFrqRd=   1 IEInf=1 SqF1=F DoCFld=F IF1Alg=4.
 End of G2Drv F.D. properties on file   721 Mask=       B NFrqRd=     1 NDeriv=     1 ND12= 1 LenFil=      39:
 Frequencies=    0.085645
 Property number 1 -- Alpha(-w,w) frequency  1    0.085645:
                 1             2             3 
      1   0.222315D+03  0.967208D+01  0.371594D+01
      2   0.967208D+01  0.221661D+03  0.593628D+01
      3   0.371594D+01  0.593628D+01  0.214970D+03
 Property number 2 -- FD Optical Rotation Tensor frequency  1    0.085645:
                 1             2             3 
      1   0.636671D+02  0.257224D+04 -0.206532D+04
      2  -0.261286D+04 -0.659162D+02  0.259534D+04
      3   0.210140D+04 -0.259527D+04  0.134894D+00
 Property number 4 -- D-Q polarizability frequency  1    0.085645:
                 1             2             3 
      1   0.705285D+04 -0.273388D+04 -0.348098D+04
      2  -0.340026D+04  0.564747D+04 -0.334202D+04
      3  -0.365259D+04 -0.291359D+04  0.682301D+04
      4   0.463255D+04  0.557001D+04  0.224579D+03
      5   0.535048D+04  0.362949D+03  0.531881D+04
      6   0.357490D+03  0.540879D+04  0.437836D+04
 End of G2Drv F.D. properties on file   722 Mask=       B NFrqRd=     1 NDeriv=   174 ND12= 1 LenFil=    6267:
 Frequencies=    0.085645
 Property number 1 -- Alpha(-w,w) derivatives, frequency  1    0.085645:
                 1             2             3             4             5 
      1  -0.489986D+01 -0.297978D+01 -0.668441D+00 -0.531786D+01 -0.151107D+01
      2  -0.297978D+01 -0.370205D+00 -0.104002D+01 -0.151107D+01  0.361056D+00
      3  -0.668441D+00 -0.104002D+01  0.263235D+00 -0.161337D+01 -0.129797D-01
                 6             7             8             9            10 
      1  -0.161337D+01  0.225732D+01 -0.202044D+01  0.803102D+00  0.336880D+01
      2  -0.129797D-01 -0.202044D+01  0.140825D+00  0.293309D+00  0.902875D+00
      3  -0.361458D+00  0.803102D+00  0.293309D+00 -0.309201D+00  0.718158D+00
                11            12            13            14            15 
      1   0.902875D+00  0.718158D+00  0.215441D+01  0.198588D+01 -0.372685D+00
      2   0.473874D+00  0.211374D+00  0.198588D+01 -0.164572D+00  0.857091D+00
      3   0.211374D+00 -0.320952D+00 -0.372685D+00  0.857091D+00 -0.150375D+01
                16            17            18            19            20 
      1  -0.218897D+01  0.181603D-01 -0.175834D+01  0.165645D+01  0.210620D+01
      2   0.181603D-01  0.233029D+00 -0.125890D+01  0.210620D+01 -0.152761D-01
      3  -0.175834D+01 -0.125890D+01  0.152318D+01  0.355972D+00  0.106562D+01
                21            22            23            24            25 
      1   0.355972D+00  0.317467D+01 -0.379961D+00  0.144163D+01 -0.102054D+00
      2   0.106562D+01 -0.379961D+00  0.238026D+00 -0.824179D+00  0.159019D+01
      3   0.198511D-01  0.144163D+01 -0.824179D+00  0.710608D+00  0.174883D+01
                26            27            28            29            30 
      1   0.159019D+01  0.174883D+01 -0.705717D+01 -0.242608D+01 -0.434678D+01
      2  -0.387795D+00  0.477968D+00 -0.242608D+01  0.232742D+00 -0.259638D+01
      3   0.477968D+00 -0.486671D+00 -0.434678D+01 -0.259638D+01 -0.180730D+01
                31            32            33            34            35 
      1   0.946909D-01  0.159363D+01 -0.898827D+00 -0.453306D+01 -0.372032D+01
      2   0.159363D+01  0.153017D+01 -0.253837D+00 -0.372032D+01 -0.270159D+01
      3  -0.898827D+00 -0.253837D+00  0.510774D+00 -0.184188D+01 -0.157815D+01
                36            37            38            39            40 
      1  -0.184188D+01  0.259432D+01  0.169440D+01  0.139502D+01 -0.421425D+00
      2  -0.157815D+01  0.169440D+01  0.150481D+01  0.122724D+01 -0.110873D+01
      3  -0.674004D+00  0.139502D+01  0.122724D+01  0.917322D+00 -0.433268D+00
                41            42            43            44            45 
      1  -0.110873D+01 -0.433268D+00  0.168447D+01  0.794658D+00  0.105584D+01
      2  -0.150664D+01 -0.422869D+00  0.794658D+00 -0.793166D-01  0.462279D+00
      3  -0.422869D+00 -0.416505D+00  0.105584D+01  0.462279D+00  0.378695D+00
                46            47            48            49            50 
      1   0.486125D+01  0.992000D+00  0.279195D+01  0.874907D+00  0.190459D-04
      2   0.992000D+00 -0.201946D+01  0.155684D+01  0.190459D-04  0.547073D+00
      3   0.279195D+01  0.155684D+01  0.290257D+00  0.127733D+01  0.111789D+01
                51            52            53            54            55 
      1   0.127733D+01  0.214924D+01  0.264712D+01  0.107051D+00 -0.249817D+01
      2   0.111789D+01  0.264712D+01  0.269358D+01  0.288331D+00 -0.614915D+00
      3  -0.881868D+00  0.107051D+00  0.288331D+00  0.777244D+00  0.485708D+00
                56            57            58            59            60 
      1  -0.614915D+00  0.485708D+00 -0.180757D+01 -0.214886D+01  0.422555D+00
      2  -0.208050D+01 -0.105326D+01 -0.214886D+01 -0.286579D+01  0.123386D+01
      3  -0.105326D+01  0.877239D+00  0.422555D+00  0.123386D+01 -0.581871D+00
                61            62            63            64            65 
      1  -0.119407D+01  0.898732D+00 -0.147768D+01  0.182472D-01  0.810108D-01
      2   0.898732D+00  0.187152D+01 -0.739768D+00  0.810108D-01  0.379179D+00
      3  -0.147768D+01 -0.739768D+00  0.334267D+01  0.216143D+00  0.280565D+00
                66            67            68            69            70 
      1   0.216143D+00  0.398298D+00  0.410174D+00 -0.788737D+00  0.595400D+00
      2   0.280565D+00  0.410174D+00 -0.949225D-01 -0.638069D+00 -0.825555D+00
      3  -0.924160D+00 -0.788737D+00 -0.638069D+00  0.183201D+01 -0.113768D+00
                71            72            73            74            75 
      1  -0.825555D+00 -0.113768D+00  0.208599D+01  0.542324D+00  0.237469D+00
      2  -0.528314D+00  0.601941D+00  0.542324D+00  0.133277D+01  0.607321D+00
      3   0.601941D+00 -0.336771D+00  0.237469D+00  0.607321D+00 -0.133823D+01
                76            77            78            79            80 
      1   0.150407D+01  0.189409D+01  0.664848D-01  0.554536D+00 -0.542594D+00
      2   0.189409D+01  0.411047D+01 -0.117204D+01 -0.542594D+00 -0.149882D+01
      3   0.664848D-01 -0.117204D+01 -0.895752D+00  0.116093D+01  0.563221D+00
                81            82            83            84            85 
      1   0.116093D+01  0.103220D+01  0.429586D+01  0.110424D+01  0.191441D+00
      2   0.563221D+00  0.429586D+01 -0.178103D+00 -0.255672D+01  0.498616D+00
      3  -0.234364D+01  0.110424D+01 -0.255672D+01 -0.189487D+01  0.403267D+00
                86            87            88            89            90 
      1   0.498616D+00  0.403267D+00  0.930842D+00 -0.240622D+01 -0.174692D+01
      2  -0.321418D+01 -0.132735D+01 -0.240622D+01 -0.106179D+01 -0.206949D+00
      3  -0.132735D+01 -0.180415D-01 -0.174692D+01 -0.206949D+00  0.800766D+00
                91            92            93            94            95 
      1  -0.133338D+00 -0.272374D+01 -0.739917D+00 -0.865831D+00 -0.209923D+00
      2  -0.272374D+01  0.111750D+01  0.155342D+01 -0.209923D+00  0.184047D+01
      3  -0.739917D+00  0.155342D+01  0.918755D+00  0.497502D+00  0.143468D+01
                96            97            98            99           100 
      1   0.497502D+00 -0.377476D+00  0.116620D+01  0.836009D+00 -0.508854D+00
      2   0.143468D+01  0.116620D+01  0.314382D+01  0.600904D+00 -0.152977D+01
      3   0.811871D+00  0.836009D+00  0.600904D+00 -0.110481D+00 -0.255100D+00
               101           102           103           104           105 
      1  -0.152977D+01 -0.255100D+00  0.650688D+00 -0.421849D+00 -0.838554D+00
      2  -0.114776D+01  0.119275D+01 -0.421849D+00  0.139089D+01  0.721161D-01
      3   0.119275D+01  0.100715D+01 -0.838554D+00  0.721161D-01 -0.263192D+00
               106           107           108           109           110 
      1  -0.455234D+00  0.149007D+01  0.971641D+00 -0.115987D+01  0.380070D+01
      2   0.149007D+01 -0.278787D+01 -0.184307D+00  0.380070D+01 -0.252305D+01
      3   0.971641D+00 -0.184307D+00 -0.402299D+00 -0.121690D+00 -0.215317D+00
               111           112           113           114           115 
      1  -0.121690D+00  0.115570D+00 -0.133486D+01 -0.101084D+00  0.228076D+01
      2  -0.215317D+00 -0.133486D+01 -0.249440D+01  0.152522D+01 -0.273951D+01
      3  -0.522841D+00 -0.101084D+00  0.152522D+01  0.651703D+00 -0.646761D+00
               116           117           118           119           120 
      1  -0.273951D+01 -0.646761D+00  0.228889D+01 -0.257320D+01 -0.446403D+00
      2   0.418065D+01  0.280453D+00 -0.257320D+01  0.344397D+01 -0.177837D+00
      3   0.280453D+00 -0.899374D-01 -0.446403D+00 -0.177837D+00  0.102502D+00
               121           122           123           124           125 
      1  -0.648645D+00  0.210565D+01 -0.119081D+00 -0.136097D+01  0.850205D+00
      2   0.210565D+01  0.206905D+01 -0.866083D+00  0.850205D+00 -0.911079D+00
      3  -0.119081D+00 -0.866083D+00 -0.372713D+00  0.813118D+00 -0.436462D+00
               126           127           128           129           130 
      1   0.813118D+00 -0.183786D+00 -0.113832D+01  0.848032D-01  0.319844D+00
      2  -0.436462D+00 -0.113832D+01  0.964373D-01  0.302367D+00 -0.550813D-01
      3  -0.111157D+00  0.848032D-01  0.302367D+00 -0.220339D+00  0.127049D+00
               131           132           133           134           135 
      1  -0.550813D-01  0.127049D+00 -0.145644D+01  0.187463D+01 -0.329318D+00
      2  -0.226669D+00 -0.383198D+00  0.187463D+01 -0.337001D+01  0.195582D+00
      3  -0.383198D+00 -0.422173D+00 -0.329318D+00  0.195582D+00  0.244607D+00
               136           137           138           139           140 
      1   0.217347D+01 -0.288010D+00 -0.207408D+01  0.201073D+01 -0.351177D+01
      2  -0.288010D+00 -0.619105D+01 -0.971199D+00 -0.351177D+01 -0.331917D+01
      3  -0.207408D+01 -0.971199D+00  0.102203D+01 -0.189829D+01  0.409348D+00
               141           142           143           144           145 
      1  -0.189829D+01 -0.868354D+00 -0.197284D-01 -0.143087D-01 -0.124424D+01
      2   0.409348D+00 -0.197284D-01  0.225626D+01  0.181984D+01  0.918914D+00
      3   0.155254D+01 -0.143087D-01  0.181984D+01  0.165133D+01  0.904282D+00
               146           147           148           149           150 
