 Entering Gaussian System, Link 0=g16
 Input=FREE.INP
 Output=FREE.OUT
 Initial command:
 /usr/local/g16-A.03/sse4/g16/l1.exe "/scratch/zronyj/cluster_221_i/Gau-15852.inp" -scrdir="/scratch/zronyj/cluster_221_i/"
 Entering Link 1 = /usr/local/g16-A.03/sse4/g16/l1.exe PID=     15853.
  
 Copyright (c) 1988,1990,1992,1993,1995,1998,2003,2009,2016,
            Gaussian, Inc.  All Rights Reserved.
  
 This is part of the Gaussian(R) 16 program.  It is based on
 the Gaussian(R) 09 system (copyright 2009, Gaussian, Inc.),
 the Gaussian(R) 03 system (copyright 2003, Gaussian, Inc.),
 the Gaussian(R) 98 system (copyright 1998, Gaussian, Inc.),
 the Gaussian(R) 94 system (copyright 1995, Gaussian, Inc.),
 the Gaussian 92(TM) system (copyright 1992, Gaussian, Inc.),
 the Gaussian 90(TM) system (copyright 1990, Gaussian, Inc.),
 the Gaussian 88(TM) system (copyright 1988, Gaussian, Inc.),
 the Gaussian 86(TM) system (copyright 1986, Carnegie Mellon
 University), and the Gaussian 82(TM) system (copyright 1983,
 Carnegie Mellon University). Gaussian is a federally registered
 trademark of Gaussian, Inc.
  
 This software contains proprietary and confidential information,
 including trade secrets, belonging to Gaussian, Inc.
  
 This software is provided under written license and may be
 used, copied, transmitted, or stored only in accord with that
 written license.
  
 The following legend is applicable only to US Government
 contracts under FAR:
  
                    RESTRICTED RIGHTS LEGEND
  
 Use, reproduction and disclosure by the US Government is
 subject to restrictions as set forth in subparagraphs (a)
 and (c) of the Commercial Computer Software - Restricted
 Rights clause in FAR 52.227-19.
  
 Gaussian, Inc.
 340 Quinnipiac St., Bldg. 40, Wallingford CT 06492
  
  
 ---------------------------------------------------------------
 Warning -- This program may not be used in any manner that
 competes with the business of Gaussian, Inc. or will provide
 assistance to any competitor of Gaussian, Inc.  The licensee
 of this program is prohibited from giving any competitor of
 Gaussian, Inc. access to this program.  By using this program,
 the user acknowledges that Gaussian, Inc. is engaged in the
 business of creating and licensing software in the field of
 computational chemistry and represents and warrants to the
 licensee that it is not a competitor of Gaussian, Inc. and that
 it will not use this program in any manner prohibited above.
 ---------------------------------------------------------------
  

 Cite this work as:
 Gaussian 16, Revision A.03,
 M. J. Frisch, G. W. Trucks, H. B. Schlegel, G. E. Scuseria, 
 M. A. Robb, J. R. Cheeseman, G. Scalmani, V. Barone, 
 G. A. Petersson, H. Nakatsuji, X. Li, M. Caricato, A. V. Marenich, 
 J. Bloino, B. G. Janesko, R. Gomperts, B. Mennucci, H. P. Hratchian, 
 J. V. Ortiz, A. F. Izmaylov, J. L. Sonnenberg, D. Williams-Young, 
 F. Ding, F. Lipparini, F. Egidi, J. Goings, B. Peng, A. Petrone, 
 T. Henderson, D. Ranasinghe, V. G. Zakrzewski, J. Gao, N. Rega, 
 G. Zheng, W. Liang, M. Hada, M. Ehara, K. Toyota, R. Fukuda, 
 J. Hasegawa, M. Ishida, T. Nakajima, Y. Honda, O. Kitao, H. Nakai, 
 T. Vreven, K. Throssell, J. A. Montgomery, Jr., J. E. Peralta, 
 F. Ogliaro, M. J. Bearpark, J. J. Heyd, E. N. Brothers, K. N. Kudin, 
 V. N. Staroverov, T. A. Keith, R. Kobayashi, J. Normand, 
 K. Raghavachari, A. P. Rendell, J. C. Burant, S. S. Iyengar, 
 J. Tomasi, M. Cossi, J. M. Millam, M. Klene, C. Adamo, R. Cammi, 
 J. W. Ochterski, R. L. Martin, K. Morokuma, O. Farkas, 
 J. B. Foresman, and D. J. Fox, Gaussian, Inc., Wallingford CT, 2016.
 
 ******************************************
 Gaussian 16:  ES64L-G16RevA.03 25-Dec-2016
                24-Aug-2023 
 ******************************************
 %chk=cluster_221_i.chk
 %mem=8GB
 %nproc=8
 Will use up to    8 processors via shared memory.
 ----------------------------------------------------------------------
 #b3lyp/6-311++G** scrf=(cpcm,Solvent=Water) nosymm freq=roa scf=(xqc,c
 onver=8) iop(2/11=1) geom=checkpoint guess=checkpoint
 ----------------------------------------------------------------------
 1/10=4,29=2,30=1,38=1,83=21/1,3;
 2/11=1,12=2,15=1,40=1/2;
 3/5=4,6=6,7=1111,11=2,14=-4,25=1,30=1,36=2,70=2101,71=2,72=1,74=-5,116=-2,140=1/1,2,3;
 4/5=1/1;
 5/5=2,6=8,8=3,13=1,38=6,53=1,98=1/2,8;
 8/6=4,10=90,11=11/1;
 10/13=10,15=4,31=1,49=111,72=3/2;
 11/6=3,8=1,9=11,15=111,16=1,31=1/1,2,10;
 10/6=1,31=1,49=111/2;
 6/7=2,8=2,9=2,10=2,28=1/1;
 7/8=1,10=1,25=1,30=1/1,2,3,16;
 1/10=4,30=1/3;
 99//99;
 -----------------
 ROA cluster_221_i
 -----------------
 Structure from the checkpoint file:  "cluster_221_i.chk"
 Charge =  0 Multiplicity = 1
 No Z-Matrix found in chk file; cartesian coordinates used.
  O                                                 8.080372950000     14.603360700000      8.549637870000
  H                                                 8.263483800000     13.942217950000      9.235986070000
  H                                                 7.556771090000     14.118658820000      7.898568760000
  O                                                 9.170088700000      8.111126650000      7.964662960000
  H                                                 8.586623100000      8.883057260000      7.797087950000
  H                                                 8.943534860000      7.828009880000      8.864364610000
  O                                                 6.615985460000      7.999339580000      5.535131400000
  H                                                 6.005894740000      7.970258610000      4.788661000000
  H                                                 7.420504050000      8.386345830000      5.143525300000
  O                                                13.993306060000      9.042822310000      4.543767260000
  H                                                13.568681600000      8.187030750000      4.717724900000
  H                                                13.728170180000      9.592043450000      5.299125590000
  O                                                 8.796893030000      9.548893460000      4.404902020000
  H                                                 9.015968350000      9.299273180000      3.496672110000
  H                                                 8.810427480000     10.525722150000      4.395272930000
  O                                                 9.218017990000     12.726636180000      4.699012570000
  H                                                 9.447543350000     12.768704040000      5.653038580000
  H                                                 8.553016140000     13.410592730000      4.546076560000
  O                                                 7.791579520000     10.602751380000      7.342017860000
  H                                                 8.619501590000     11.053312900000      7.082133850000
  H                                                 7.396234630000     10.218980900000      6.546392680000
  O                                                12.874547430000     10.922633540000      6.945777080000
  H                                                12.188727950000     10.253613870000      6.715751160000
  H                                                13.233621330000     10.592879160000      7.785131940000
  C                                                10.371415730000     12.457104020000     10.778904730000
  C                                                11.305721980000     11.222122180000     10.798418650000
  C                                                 9.634648680000      9.231264310000     11.174868020000
  H                                                10.149150440000     10.173579520000      9.260019620000
  H                                                10.197793440000     14.261962840000     11.236824490000
  O                                                11.655465070000      8.921965200000      9.994036340000
  O                                                 9.336738330000     12.475756190000     10.140067820000
  O                                                10.859703330000     13.555675210000     11.376180190000
  C                                                10.634652670000      9.909307210000     10.202452240000
  O                                                12.374207940000     11.666659010000      9.968177020000
  H                                                11.640021280000     11.025056070000     11.820109850000
  O                                                 9.480534470000      9.620561830000     12.304681080000
  O                                                 9.014748380000      8.088093060000     10.740693770000
  H                                                 8.498419280000      7.741145490000     11.489003360000
  H                                                13.215386330000     11.392081220000     10.357718960000
  H                                                11.268274610000      8.252325730000      9.411078460000
  O                                                14.400175880000      9.061542730000      9.150986340000
  H                                                14.471257340000      8.556485120000      8.329525850000
  H                                                13.536835800000      8.810887460000      9.513883780000
  O                                                13.078821600000     14.246719980000      6.754720120000
  H                                                13.491893760000     13.457194560000      7.133635330000
  H                                                12.646645590000     13.874883770000      5.956473120000
  O                                                11.971152040000     12.983249350000      4.446473220000
  H                                                10.993611450000     12.970069700000      4.395398810000
  H                                                12.242082780000     13.520289060000      3.690575150000
  O                                                10.316143200000     12.347659300000      7.329508710000
  H                                                11.277816760000     12.162939380000      7.323637810000
  H                                                10.149572690000     13.050254720000      7.971717600000
  O                                                12.441902550000      6.423329510000      5.313917480000
  H                                                11.927570010000      7.163407490000      5.692137250000
  H                                                11.823937640000      5.993038870000      4.709201590000
  O                                                11.201806820000      8.934096290000      6.297924080000
  H                                                10.609988540000      8.614458810000      7.017195600000
  H                                                10.575123610000      9.170219710000      5.587053430000
 Recover connectivity data from disk.
 Using perturbation frequencies:    0.085645

 GradGradGradGradGradGradGradGradGradGradGradGradGradGradGradGradGradGrad
 Berny optimization.
 Initialization pass.
 Trust Radius=3.00D-01 FncErr=1.00D-07 GrdErr=1.00D-07 EigMax=2.50D+02 EigMin=1.00D-04
 Number of steps in this run=      2 maximum allowed number of steps=      2.
 GradGradGradGradGradGradGradGradGradGradGradGradGradGradGradGradGradGrad

                          Input orientation:                          
 ---------------------------------------------------------------------
 Center     Atomic      Atomic             Coordinates (Angstroms)
 Number     Number       Type             X           Y           Z
 ---------------------------------------------------------------------
      1          8           0        8.080373   14.603361    8.549638
      2          1           0        8.263484   13.942218    9.235986
      3          1           0        7.556771   14.118659    7.898569
      4          8           0        9.170089    8.111127    7.964663
      5          1           0        8.586623    8.883057    7.797088
      6          1           0        8.943535    7.828010    8.864365
      7          8           0        6.615985    7.999340    5.535131
      8          1           0        6.005895    7.970259    4.788661
      9          1           0        7.420504    8.386346    5.143525
     10          8           0       13.993306    9.042822    4.543767
     11          1           0       13.568682    8.187031    4.717725
     12          1           0       13.728170    9.592043    5.299126
     13          8           0        8.796893    9.548893    4.404902
     14          1           0        9.015968    9.299273    3.496672
     15          1           0        8.810427   10.525722    4.395273
     16          8           0        9.218018   12.726636    4.699013
     17          1           0        9.447543   12.768704    5.653039
     18          1           0        8.553016   13.410593    4.546077
     19          8           0        7.791580   10.602751    7.342018
     20          1           0        8.619502   11.053313    7.082134
     21          1           0        7.396235   10.218981    6.546393
     22          8           0       12.874547   10.922634    6.945777
     23          1           0       12.188728   10.253614    6.715751
     24          1           0       13.233621   10.592879    7.785132
     25          6           0       10.371416   12.457104   10.778905
     26          6           0       11.305722   11.222122   10.798419
     27          6           0        9.634649    9.231264   11.174868
     28          1           0       10.149150   10.173580    9.260020
     29          1           0       10.197793   14.261963   11.236824
     30          8           0       11.655465    8.921965    9.994036
     31          8           0        9.336738   12.475756   10.140068
     32          8           0       10.859703   13.555675   11.376180
     33          6           0       10.634653    9.909307   10.202452
     34          8           0       12.374208   11.666659    9.968177
     35          1           0       11.640021   11.025056   11.820110
     36          8           0        9.480534    9.620562   12.304681
     37          8           0        9.014748    8.088093   10.740694
     38          1           0        8.498419    7.741145   11.489003
     39          1           0       13.215386   11.392081   10.357719
     40          1           0       11.268275    8.252326    9.411078
     41          8           0       14.400176    9.061543    9.150986
     42          1           0       14.471257    8.556485    8.329526
     43          1           0       13.536836    8.810887    9.513884
     44          8           0       13.078822   14.246720    6.754720
     45          1           0       13.491894   13.457195    7.133635
     46          1           0       12.646646   13.874884    5.956473
     47          8           0       11.971152   12.983249    4.446473
     48          1           0       10.993611   12.970070    4.395399
     49          1           0       12.242083   13.520289    3.690575
     50          8           0       10.316143   12.347659    7.329509
     51          1           0       11.277817   12.162939    7.323638
     52          1           0       10.149573   13.050255    7.971718
     53          8           0       12.441903    6.423330    5.313917
     54          1           0       11.927570    7.163407    5.692137
     55          1           0       11.823938    5.993039    4.709202
     56          8           0       11.201807    8.934096    6.297924
     57          1           0       10.609989    8.614459    7.017196
     58          1           0       10.575124    9.170220    5.587053
 ---------------------------------------------------------------------
 Symmetry turned off by external request.
 Stoichiometry    C4H34O20
 Framework group  C1[X(C4H34O20)]
 Deg. of freedom   168
 Full point group                 C1      NOp   1
                          Input orientation:                          
 ---------------------------------------------------------------------
 Center     Atomic      Atomic             Coordinates (Angstroms)
 Number     Number       Type             X           Y           Z
 ---------------------------------------------------------------------
      1          8           0        8.080373   14.603361    8.549638
      2          1           0        8.263484   13.942218    9.235986
      3          1           0        7.556771   14.118659    7.898569
      4          8           0        9.170089    8.111127    7.964663
      5          1           0        8.586623    8.883057    7.797088
      6          1           0        8.943535    7.828010    8.864365
      7          8           0        6.615985    7.999340    5.535131
      8          1           0        6.005895    7.970259    4.788661
      9          1           0        7.420504    8.386346    5.143525
     10          8           0       13.993306    9.042822    4.543767
     11          1           0       13.568682    8.187031    4.717725
     12          1           0       13.728170    9.592043    5.299126
     13          8           0        8.796893    9.548893    4.404902
     14          1           0        9.015968    9.299273    3.496672
     15          1           0        8.810427   10.525722    4.395273
     16          8           0        9.218018   12.726636    4.699013
     17          1           0        9.447543   12.768704    5.653039
     18          1           0        8.553016   13.410593    4.546077
     19          8           0        7.791580   10.602751    7.342018
     20          1           0        8.619502   11.053313    7.082134
     21          1           0        7.396235   10.218981    6.546393
     22          8           0       12.874547   10.922634    6.945777
     23          1           0       12.188728   10.253614    6.715751
     24          1           0       13.233621   10.592879    7.785132
     25          6           0       10.371416   12.457104   10.778905
     26          6           0       11.305722   11.222122   10.798419
     27          6           0        9.634649    9.231264   11.174868
     28          1           0       10.149150   10.173580    9.260020
     29          1           0       10.197793   14.261963   11.236824
     30          8           0       11.655465    8.921965    9.994036
     31          8           0        9.336738   12.475756   10.140068
     32          8           0       10.859703   13.555675   11.376180
     33          6           0       10.634653    9.909307   10.202452
     34          8           0       12.374208   11.666659    9.968177
     35          1           0       11.640021   11.025056   11.820110
     36          8           0        9.480534    9.620562   12.304681
     37          8           0        9.014748    8.088093   10.740694
     38          1           0        8.498419    7.741145   11.489003
     39          1           0       13.215386   11.392081   10.357719
     40          1           0       11.268275    8.252326    9.411078
     41          8           0       14.400176    9.061543    9.150986
     42          1           0       14.471257    8.556485    8.329526
     43          1           0       13.536836    8.810887    9.513884
     44          8           0       13.078822   14.246720    6.754720
     45          1           0       13.491894   13.457195    7.133635
     46          1           0       12.646646   13.874884    5.956473
     47          8           0       11.971152   12.983249    4.446473
     48          1           0       10.993611   12.970070    4.395399
     49          1           0       12.242083   13.520289    3.690575
     50          8           0       10.316143   12.347659    7.329509
     51          1           0       11.277817   12.162939    7.323638
     52          1           0       10.149573   13.050255    7.971718
     53          8           0       12.441903    6.423330    5.313917
     54          1           0       11.927570    7.163407    5.692137
     55          1           0       11.823938    5.993039    4.709202
     56          8           0       11.201807    8.934096    6.297924
     57          1           0       10.609989    8.614459    7.017196
     58          1           0       10.575124    9.170220    5.587053
 ---------------------------------------------------------------------
 Rotational constants (GHZ):           0.1449212           0.1214632           0.1136733
 Standard basis: 6-311++G(d,p) (5D, 7F)
   766 basis functions,  1170 primitive gaussians,   790 cartesian basis functions
   109 alpha electrons      109 beta electrons
       nuclear repulsion energy      2793.9482806310 Hartrees.
 NAtoms=   58 NActive=   58 NUniq=   58 SFac= 1.00D+00 NAtFMM=   60 NAOKFM=F Big=F
 Integral buffers will be    131072 words long.
 Raffenetti 2 integral format.
 Two-electron integral symmetry is turned off.
 Force inversion solution in PCM.
 ------------------------------------------------------------------------------
 Polarizable Continuum Model (PCM)
 =================================
 Model                : C-PCM.
 Atomic radii         : UFF (Universal Force Field).
 Polarization charges : Total charges.
 Charge compensation  : None.
 Solution method      : Matrix inversion.
 Cavity type          : Scaled VdW (van der Waals Surface) (Alpha=1.100).
 Cavity algorithm     : GePol (No added spheres)
                        Default sphere list used, NSphG=   58.
                        Lebedev-Laikov grids with approx.  5.0 points / Ang**2.
                        Smoothing algorithm: York/Karplus (Gamma=1.0000).
                        Polarization charges: spherical gaussians, with
                                              point-specific exponents (IZeta= 3).
                        Self-potential: point-specific (ISelfS= 7).
                        Self-field    : sphere-specific E.n sum rule (ISelfD= 2).
 1st derivatives      : Analytical E(r).r(x)/FMM algorithm (CHGder, D1EAlg=3).
                        Cavity 1st derivative terms included.
 2nd derivatives      : Analytical E(r).r(xy)/FMM algorithm (CHGder, D2EAlg=3).
                        Cavity 2nd derivative terms included.
 Solvent              : Water, Eps=  78.355300 Eps(inf)=   1.777849
 ------------------------------------------------------------------------------
 One-electron integrals computed using PRISM.
 NBasis=   766 RedAO= T EigKep=  3.53D-06  NBF=   766
 NBsUse=   766 1.00D-06 EigRej= -1.00D+00 NBFU=   766
 Initial guess from the checkpoint file:  "cluster_221_i.chk"
 B after Tr=     0.000000    0.000000    0.000000
         Rot=    1.000000    0.000000    0.000000    0.000000 Ang=   0.00 deg.
 Requested convergence on RMS density matrix=1.00D-08 within  32 cycles.
 Requested convergence on MAX density matrix=1.00D-06.
 Requested convergence on             energy=1.00D-06.
 No special actions if energy rises.
 Inv3:  Mode=1 IEnd=    63950067.
 Iteration    1 A*A^-1 deviation from unit magnitude is 1.24D-14 for   4609.
 Iteration    1 A*A^-1 deviation from orthogonality  is 4.49D-15 for   2341    858.
 Iteration    1 A^-1*A deviation from unit magnitude is 1.24D-14 for   4609.
 Iteration    1 A^-1*A deviation from orthogonality  is 3.04D-15 for   4616   2993.
 Error on total polarization charges =  0.01990
 SCF Done:  E(RB3LYP) =  -1678.20598120     A.U. after   13 cycles
            NFock= 13  Conv=0.17D-08     -V/T= 2.0036
 QCSCF skips out because SCF is already converged.
 DoSCS=F DFT=T ScalE2(SS,OS)=  1.000000  1.000000
 Range of M.O.s used for correlation:     1   766
 NBasis=   766 NAE=   109 NBE=   109 NFC=     0 NFV=     0
 NROrb=    766 NOA=   109 NOB=   109 NVA=   657 NVB=   657

 **** Warning!!: The largest alpha MO coefficient is  0.99495611D+02

 NEqPCM:  Using non-equilibrium solvation (IEInf=1, Eps=  78.3553, EpsInf=   1.7778)
 Inv3:  Mode=1 IEnd=    63950067.
 Iteration    1 A*A^-1 deviation from unit magnitude is 1.24D-14 for   4609.
 Iteration    1 A*A^-1 deviation from orthogonality  is 4.49D-15 for   2341    858.
 Iteration    1 A^-1*A deviation from unit magnitude is 1.24D-14 for   4609.
 Iteration    1 A^-1*A deviation from orthogonality  is 3.04D-15 for   4616   2993.
          Differentiating once with respect to electric field.
                with respect to dipole field.
                with respect to quadrupole field.
          Differentiating once with respect to magnetic field using GIAOs.
          Electric field/nuclear overlap derivatives assumed to be zero.
 FoFJK:  IHMeth= 1 ICntrl=    6127 DoSepK=F KAlg= 0 I1Cent=           0 FoldK=F
 IRaf=         1 NMat=       1 IRICut=       1 DoRegI=T DoRafI=F ISym2E= 0 IDoP0=0 IntGTp=1.
 CalDSu exits because no D1Ps are significant.
          There are    12 degrees of freedom in the 1st order CPHF.  IDoFFX=0 NUNeed=    12.
     11 vectors produced by pass  0 Test12= 1.19D-12 8.33D-09 XBig12= 1.00D+00 1.72D-01.
 AX will form    11 AO Fock derivatives at one time.
     11 vectors produced by pass  1 Test12= 1.19D-12 8.33D-09 XBig12= 2.49D-01 8.31D-02.
     11 vectors produced by pass  2 Test12= 1.19D-12 8.33D-09 XBig12= 6.98D-02 2.57D-02.
     11 vectors produced by pass  3 Test12= 1.19D-12 8.33D-09 XBig12= 9.36D-03 1.38D-02.
     11 vectors produced by pass  4 Test12= 1.19D-12 8.33D-09 XBig12= 2.57D-03 5.07D-03.
     11 vectors produced by pass  5 Test12= 1.19D-12 8.33D-09 XBig12= 3.44D-04 1.62D-03.
     11 vectors produced by pass  6 Test12= 1.19D-12 8.33D-09 XBig12= 8.52D-05 5.82D-04.
     11 vectors produced by pass  7 Test12= 1.19D-12 8.33D-09 XBig12= 6.85D-06 2.72D-04.
     11 vectors produced by pass  8 Test12= 1.19D-12 8.33D-09 XBig12= 2.65D-07 3.66D-05.
     11 vectors produced by pass  9 Test12= 1.19D-12 8.33D-09 XBig12= 7.80D-09 6.71D-06.
     11 vectors produced by pass 10 Test12= 1.19D-12 8.33D-09 XBig12= 2.60D-10 1.08D-06.
      9 vectors produced by pass 11 Test12= 1.19D-12 8.33D-09 XBig12= 6.59D-12 1.52D-07.
      4 vectors produced by pass 12 Test12= 1.19D-12 8.33D-09 XBig12= 1.83D-13 2.29D-08.
 InvSVY:  IOpt=1 It=  1 EMax= 5.68D-13
 Solved reduced A of dimension   134 with    12 vectors.
 Isotropic polarizability for W=    0.085645      221.39 Bohr**3.
 Dipole-magnetic dipole polarizability for W=    0.085645:
                 1             2             3 
      1   0.121686D+01  0.162400D+04 -0.210314D+04
      2  -0.166051D+04  0.546699D+02  0.219066D+04
      3   0.219705D+04 -0.223234D+04 -0.577665D+02
 DQ contribution to OR G for W=    0.085645:
                 1             2             3 
      1   0.100886D+02  0.552141D+04 -0.734601D+04
      2  -0.560192D+04  0.100463D+03  0.737604D+04
      3   0.751914D+04 -0.744692D+04 -0.110551D+03
 Optical Rotation G' tensor for W=    0.085645:
                 1             2             3 
      1   0.973819D+00 -0.936294D+00 -0.183734D+01
      2  -0.936294D+00 -0.315919D+01  0.156088D+01
      3  -0.183734D+01  0.156088D+01  0.305568D+00
 OR G Eigenvalues:    -3.7707    -1.1032     2.9941  Iso=     0.6266
 Eigenvectors:
   (1)   0.055896   0.940571  -0.334966
   (2)   0.698512   0.202879   0.686237
   (3)   0.713412  -0.272336  -0.645659
 w=    0.085645 a.u., Optical Rotation Beta=      0.6266 au.
 Molar Mass =    402.3006 grams/mole, [Alpha] ( 5320.0 A) =       73.87 deg.
 End of Minotr F.D. properties on file   721 Mask=       B NFrqRd=     1 NDeriv=     1 ND12= 1 LenFil=      39:
 Frequencies=    0.085645
 Property number 1 -- Alpha(-w,w) frequency  1    0.085645:
                 1             2             3 
      1   0.221035D+03  0.389427D+01  0.563553D+00
      2   0.389427D+01  0.224611D+03  0.817535D+01
      3   0.563553D+00  0.817535D+01  0.218528D+03
 Property number 2 -- FD Optical Rotation Tensor frequency  1    0.085645:
                 1             2             3 
      1   0.121686D+01  0.162400D+04 -0.210314D+04
      2  -0.166051D+04  0.546699D+02  0.219066D+04
      3   0.219705D+04 -0.223234D+04 -0.577665D+02
 Property number 4 -- D-Q polarizability frequency  1    0.085645:
                 1             2             3 
      1   0.590614D+04 -0.302854D+04 -0.232710D+04
      2  -0.290470D+04  0.586833D+04 -0.197630D+04
      3  -0.300144D+04 -0.283979D+04  0.430339D+04
      4   0.449060D+04  0.454222D+04  0.211632D+03
      5   0.327482D+04  0.221721D+03  0.437460D+04
      6   0.111169D+03  0.354511D+04  0.450622D+04
 End of Minotr F.D. properties file   722 does not exist.
 End of Minotr F.D. properties file   788 does not exist.
 Symmetrizing basis deriv contribution to polar:
 IMax=3 JMax=2 DiffMx= 0.00D+00
 G2DrvN: will do    59 centers at a time, making    1 passes.
 PxScal for G2LodP:  IOpCl= 0 ISclPx=1 IMOff=     1 NMtTot=    25 NTT=  293761 ScalPx= 3.12D+03
 Calling FoFCou, ICntrl=  3107 FMM=F I1Cent=   0 AccDes= 0.00D+00.
 PxScal for G2LodP:  IOpCl= 0 ISclPx=0 IMOff=     1 NMtTot=    25 NTT=  293761 ScalPx= 1.00D+00
 NEqPCM:  Using non-equilibrium solvation (IEInf=1, Eps=  78.3553, EpsInf=   1.7778)
 G2PCM: DoFxE=T DoFxN=T DoGrad=T DoDP/DQ/DG/TGxP=TTTF NFrqRd=   1 IEInf=1 SqF1=F DoCFld=F IF1Alg=4.
 End of G2Drv F.D. properties on file   721 Mask=       B NFrqRd=     1 NDeriv=     1 ND12= 1 LenFil=      39:
 Frequencies=    0.085645
 Property number 1 -- Alpha(-w,w) frequency  1    0.085645:
                 1             2             3 
      1   0.221035D+03  0.389427D+01  0.563553D+00
      2   0.389427D+01  0.224611D+03  0.817535D+01
      3   0.563553D+00  0.817535D+01  0.218528D+03
 Property number 2 -- FD Optical Rotation Tensor frequency  1    0.085645:
                 1             2             3 
      1   0.121686D+01  0.162400D+04 -0.210314D+04
      2  -0.166051D+04  0.546699D+02  0.219066D+04
      3   0.219705D+04 -0.223234D+04 -0.577665D+02
 Property number 4 -- D-Q polarizability frequency  1    0.085645:
                 1             2             3 
      1   0.590614D+04 -0.302854D+04 -0.232710D+04
      2  -0.290470D+04  0.586833D+04 -0.197630D+04
      3  -0.300144D+04 -0.283979D+04  0.430339D+04
      4   0.449060D+04  0.454222D+04  0.211632D+03
      5   0.327482D+04  0.221721D+03  0.437460D+04
      6   0.111169D+03  0.354511D+04  0.450622D+04
 End of G2Drv F.D. properties on file   722 Mask=       B NFrqRd=     1 NDeriv=   174 ND12= 1 LenFil=    6267:
 Frequencies=    0.085645
 Property number 1 -- Alpha(-w,w) derivatives, frequency  1    0.085645:
                 1             2             3             4             5 
      1   0.776179D+01 -0.682476D+01 -0.134307D+01 -0.384804D+01  0.486879D+00
      2  -0.682476D+01  0.281101D+01  0.259669D+01  0.486879D+00  0.108297D+01
      3  -0.134307D+01  0.259669D+01 -0.131699D+00  0.106475D+01 -0.399447D+00
                 6             7             8             9            10 
      1   0.106475D+01 -0.323328D+01  0.292518D+01  0.161168D-01 -0.589032D+01
      2  -0.399447D+00  0.292518D+01 -0.857886D+00  0.112239D+01  0.492916D+01
      3   0.556253D+00  0.161168D-01  0.112239D+01 -0.571446D+00 -0.188069D+00
                11            12            13            14            15 
      1   0.492916D+01 -0.188069D+00  0.159358D+01  0.407249D+00 -0.107313D+01
      2  -0.254195D+01 -0.228694D+00  0.407249D+00 -0.135259D+01  0.116882D+01
      3  -0.228694D+00  0.480851D+00 -0.107313D+01  0.116882D+01 -0.989052D+00
                16            17            18            19            20 
      1   0.332553D+00 -0.168380D+01  0.715979D+00 -0.156211D+01  0.164356D+01
      2  -0.168380D+01  0.174952D+01 -0.149930D+01  0.164356D+01 -0.278020D+00
      3   0.715979D+00 -0.149930D+01  0.583066D+00  0.907169D+00 -0.208512D+01
                21            22            23            24            25 
      1   0.907169D+00  0.190402D+01 -0.237169D+00  0.426331D+00  0.309359D+01
      2  -0.208512D+01 -0.237169D+00 -0.654663D+00 -0.946019D+00 -0.139400D+01
      3   0.404316D-01  0.426331D+00 -0.946019D+00 -0.655263D-01 -0.614309D+00
                26            27            28            29            30 
      1  -0.139400D+01 -0.614309D+00  0.599931D+00  0.149721D+01  0.187311D+01
      2  -0.996372D+00 -0.245322D+00  0.149721D+01  0.666145D+01  0.150278D+01
      3  -0.245322D+00  0.349821D+00  0.187311D+01  0.150278D+01  0.756865D+00
                31            32            33            34            35 
      1   0.284186D+01  0.702244D+01  0.238317D+01  0.388521D+01  0.361994D+01
      2   0.702244D+01  0.502279D+01  0.397972D+01  0.361994D+01  0.875757D+01
      3   0.238317D+01  0.397972D+01  0.120195D+01  0.963882D+00  0.427940D+01
                36            37            38            39            40 
      1   0.963882D+00 -0.175744D+01  0.912275D+00 -0.819158D+00 -0.764859D+00
      2   0.427940D+01  0.912275D+00 -0.570405D+01 -0.796634D+00 -0.587426D+01
      3  -0.425768D+00 -0.819158D+00 -0.796634D+00 -0.835132D+00 -0.108192D+01
                41            42            43            44            45 
      1  -0.587426D+01 -0.108192D+01 -0.179706D+01 -0.114580D+01 -0.106841D+01
      2  -0.446868D+01 -0.155154D+01 -0.114580D+01 -0.213354D+01 -0.791618D+00
      3  -0.155154D+01  0.257761D+00 -0.106841D+01 -0.791618D+00 -0.497333D+00
                46            47            48            49            50 
      1  -0.939394D+00 -0.706998D+00 -0.579293D+00  0.116069D+00 -0.121132D+01
      2  -0.706998D+00 -0.210057D+00 -0.780273D+00 -0.121132D+01 -0.146627D+01
      3  -0.579293D+00 -0.780273D+00 -0.188164D+00 -0.152837D+01 -0.222919D+01
                51            52            53            54            55 
      1  -0.152837D+01 -0.166946D+01 -0.212038D+01 -0.706820D+00 -0.197124D+01
      2  -0.222919D+01 -0.212038D+01 -0.478379D+01 -0.285100D+01 -0.259120D+01
      3  -0.741637D+00 -0.706820D+00 -0.285100D+01  0.119456D+01  0.120248D+00
                56            57            58            59            60 
      1  -0.259120D+01  0.120248D+00 -0.302641D+01  0.318421D+01  0.914663D+00
      2  -0.239475D+01 -0.897570D+00  0.318421D+01  0.640696D+01  0.271399D+01
      3  -0.897570D+00 -0.374167D+00  0.914663D+00  0.271399D+01  0.880211D+00
                61            62            63            64            65 
      1  -0.392345D+00  0.162582D+01 -0.338059D+00  0.509005D+00  0.504384D+00
      2   0.162582D+01 -0.181548D+00 -0.454391D+00  0.504384D+00  0.180721D+01
      3  -0.338059D+00 -0.454391D+00 -0.522029D+00  0.423744D+00  0.104427D+01
                66            67            68            69            70 
      1   0.423744D+00  0.114936D+01 -0.118384D+01 -0.564722D+00  0.282802D+01
      2   0.104427D+01 -0.118384D+01 -0.218558D+01 -0.963574D+00  0.163327D+00
      3   0.145572D+00 -0.564722D+00 -0.963574D+00 -0.780353D+00  0.109271D+01
                71            72            73            74            75 
      1   0.163327D+00  0.109271D+01  0.115177D+01  0.196708D+01 -0.804980D+00
      2   0.551077D+00  0.671370D+00  0.196708D+01  0.735498D+00  0.154367D+00
      3   0.671370D+00  0.846382D+00 -0.804980D+00  0.154367D+00  0.339178D+00
                76            77            78            79            80 
      1   0.223961D+01 -0.236736D+01 -0.941150D-01 -0.231080D+01 -0.146880D+01
      2  -0.236736D+01 -0.441120D+01 -0.181566D+01 -0.146880D+01 -0.322060D+00
      3  -0.941150D-01 -0.181566D+01  0.522327D+00 -0.434772D+00 -0.107310D+00
                81            82            83            84            85 
      1  -0.434772D+00 -0.843809D+01  0.300461D+01  0.835107D+00  0.233301D+01
      2  -0.107310D+00  0.300461D+01  0.456049D+00 -0.169618D+00  0.915125D+00
      3  -0.293219D+00  0.835107D+00 -0.169618D+00  0.449770D+01 -0.272534D+00
                86            87            88            89            90 
      1   0.915125D+00 -0.272534D+00 -0.435514D+01  0.165582D+01  0.170027D+01
      2   0.131922D+01 -0.125410D+01  0.165582D+01 -0.143195D+01 -0.182546D+01
      3  -0.125410D+01 -0.281004D+01  0.170027D+01 -0.182546D+01  0.263465D+01
                91            92            93            94            95 
      1   0.429114D+01 -0.178312D+01 -0.380355D+00 -0.212116D+00 -0.129092D+01
      2  -0.178312D+01 -0.792392D+00 -0.518409D-01 -0.129092D+01 -0.243100D+01
      3  -0.380355D+00 -0.518409D-01 -0.301854D+01  0.614096D+00  0.430755D+00
                96            97            98            99           100 
      1   0.614096D+00  0.259217D+01 -0.360934D+00 -0.145850D+00  0.376974D+01
      2   0.430755D+00 -0.360934D+00  0.351164D+00 -0.575894D+00 -0.114984D+01
      3   0.992929D+00 -0.145850D+00 -0.575894D+00 -0.226820D+01 -0.427230D+00
               101           102           103           104           105 
      1  -0.114984D+01 -0.427230D+00 -0.164603D+01  0.780593D+00 -0.291225D+00
      2  -0.703310D-01  0.526690D-02  0.780593D+00  0.135893D+00  0.549165D+00
      3   0.526690D-02 -0.219030D+01 -0.291225D+00  0.549165D+00  0.132878D+01
               106           107           108           109           110 
      1   0.190611D+01 -0.129175D+01 -0.176667D+01  0.369406D+01  0.184509D+01
      2  -0.129175D+01  0.145575D+01  0.227889D+01  0.184509D+01  0.187296D+00
      3  -0.176667D+01  0.227889D+01 -0.128042D-01  0.485517D+01  0.771837D+00
               111           112           113           114           115 
      1   0.485517D+01  0.199045D+01  0.577114D+00  0.903315D+00 -0.221557D-01
      2   0.771837D+00  0.577114D+00 -0.280132D+01 -0.874782D+00 -0.349383D+00
      3   0.197693D+01  0.903315D+00 -0.874782D+00 -0.528449D+00  0.816774D-01
               116           117           118           119           120 
      1  -0.349383D+00  0.816774D-01 -0.139239D+01 -0.448538D+00 -0.154269D+01
      2  -0.627497D+00  0.254101D-01 -0.448538D+00 -0.129796D+00 -0.283316D+00
      3   0.254101D-01 -0.501603D-01 -0.154269D+01 -0.283316D+00 -0.119207D+01
               121           122           123           124           125 
      1   0.153417D+00 -0.128648D+00  0.105638D+00  0.516495D+00  0.182406D+00
      2  -0.128648D+00  0.238685D+00  0.355054D-02  0.182406D+00  0.502016D+00
      3   0.105638D+00  0.355054D-02  0.203952D+00  0.149985D+00  0.643193D+00
               126           127           128           129           130 
      1   0.149985D+00 -0.217261D+01 -0.919773D+00 -0.256247D+01 -0.160189D+01
      2   0.643193D+00 -0.919773D+00 -0.160510D+00 -0.930648D+00 -0.367751D+00
      3   0.218848D+01 -0.256247D+01 -0.930648D+00  0.461825D+00 -0.104063D+01
               131           132           133           134           135 
      1  -0.367751D+00 -0.104063D+01  0.206129D-01 -0.307087D+00 -0.841669D-01
      2   0.333236D+01  0.467637D+00 -0.307087D+00 -0.396549D-01 -0.764876D+00
      3   0.467637D+00 -0.471985D+00 -0.841669D-01 -0.764876D+00 -0.101855D+01
               136           137           138           139           140 
      1   0.180056D+01  0.136566D+00  0.210654D+01  0.352971D+01  0.335067D+00
      2   0.136566D+00 -0.387098D+01  0.291993D+01  0.335067D+00 -0.379190D+01
      3   0.210654D+01  0.291993D+01 -0.936582D+00  0.149213D+01  0.383340D+01
               141           142           143           144           145 
      1   0.149213D+01  0.321240D+00 -0.685803D+00 -0.134162D+01 -0.184465D+01
      2   0.383340D+01 -0.685803D+00  0.272839D+01 -0.112765D+01 -0.265036D+00
      3  -0.247180D+01 -0.134162D+01 -0.112765D+01 -0.300458D+01 -0.142572D+01
               146           147           148           149           150 
      1  -0.265036D+00 -0.142572D+01 -0.166339D+01 -0.277215D+00  0.435397D+00
