 Entering Gaussian System, Link 0=g16
 Input=FREE.INP
 Output=FREE.OUT
 Initial command:
 /usr/local/g16-A.03/sse4/g16/l1.exe "/scratch/zronyj/p2/cluster_200/Gau-23162.inp" -scrdir="/scratch/zronyj/p2/cluster_200/"
 Entering Link 1 = /usr/local/g16-A.03/sse4/g16/l1.exe PID=     23163.
  
 Copyright (c) 1988,1990,1992,1993,1995,1998,2003,2009,2016,
            Gaussian, Inc.  All Rights Reserved.
  
 This is part of the Gaussian(R) 16 program.  It is based on
 the Gaussian(R) 09 system (copyright 2009, Gaussian, Inc.),
 the Gaussian(R) 03 system (copyright 2003, Gaussian, Inc.),
 the Gaussian(R) 98 system (copyright 1998, Gaussian, Inc.),
 the Gaussian(R) 94 system (copyright 1995, Gaussian, Inc.),
 the Gaussian 92(TM) system (copyright 1992, Gaussian, Inc.),
 the Gaussian 90(TM) system (copyright 1990, Gaussian, Inc.),
 the Gaussian 88(TM) system (copyright 1988, Gaussian, Inc.),
 the Gaussian 86(TM) system (copyright 1986, Carnegie Mellon
 University), and the Gaussian 82(TM) system (copyright 1983,
 Carnegie Mellon University). Gaussian is a federally registered
 trademark of Gaussian, Inc.
  
 This software contains proprietary and confidential information,
 including trade secrets, belonging to Gaussian, Inc.
  
 This software is provided under written license and may be
 used, copied, transmitted, or stored only in accord with that
 written license.
  
 The following legend is applicable only to US Government
 contracts under FAR:
  
                    RESTRICTED RIGHTS LEGEND
  
 Use, reproduction and disclosure by the US Government is
 subject to restrictions as set forth in subparagraphs (a)
 and (c) of the Commercial Computer Software - Restricted
 Rights clause in FAR 52.227-19.
  
 Gaussian, Inc.
 340 Quinnipiac St., Bldg. 40, Wallingford CT 06492
  
  
 ---------------------------------------------------------------
 Warning -- This program may not be used in any manner that
 competes with the business of Gaussian, Inc. or will provide
 assistance to any competitor of Gaussian, Inc.  The licensee
 of this program is prohibited from giving any competitor of
 Gaussian, Inc. access to this program.  By using this program,
 the user acknowledges that Gaussian, Inc. is engaged in the
 business of creating and licensing software in the field of
 computational chemistry and represents and warrants to the
 licensee that it is not a competitor of Gaussian, Inc. and that
 it will not use this program in any manner prohibited above.
 ---------------------------------------------------------------
  

 Cite this work as:
 Gaussian 16, Revision A.03,
 M. J. Frisch, G. W. Trucks, H. B. Schlegel, G. E. Scuseria, 
 M. A. Robb, J. R. Cheeseman, G. Scalmani, V. Barone, 
 G. A. Petersson, H. Nakatsuji, X. Li, M. Caricato, A. V. Marenich, 
 J. Bloino, B. G. Janesko, R. Gomperts, B. Mennucci, H. P. Hratchian, 
 J. V. Ortiz, A. F. Izmaylov, J. L. Sonnenberg, D. Williams-Young, 
 F. Ding, F. Lipparini, F. Egidi, J. Goings, B. Peng, A. Petrone, 
 T. Henderson, D. Ranasinghe, V. G. Zakrzewski, J. Gao, N. Rega, 
 G. Zheng, W. Liang, M. Hada, M. Ehara, K. Toyota, R. Fukuda, 
 J. Hasegawa, M. Ishida, T. Nakajima, Y. Honda, O. Kitao, H. Nakai, 
 T. Vreven, K. Throssell, J. A. Montgomery, Jr., J. E. Peralta, 
 F. Ogliaro, M. J. Bearpark, J. J. Heyd, E. N. Brothers, K. N. Kudin, 
 V. N. Staroverov, T. A. Keith, R. Kobayashi, J. Normand, 
 K. Raghavachari, A. P. Rendell, J. C. Burant, S. S. Iyengar, 
 J. Tomasi, M. Cossi, J. M. Millam, M. Klene, C. Adamo, R. Cammi, 
 J. W. Ochterski, R. L. Martin, K. Morokuma, O. Farkas, 
 J. B. Foresman, and D. J. Fox, Gaussian, Inc., Wallingford CT, 2016.
 
 ******************************************
 Gaussian 16:  ES64L-G16RevA.03 25-Dec-2016
                25-Aug-2023 
 ******************************************
 %chk=cluster_200.chk
 %mem=8GB
 %nproc=8
 Will use up to    8 processors via shared memory.
 ----------------------------------------------------------------------
 #b3lyp/6-311++G** scrf=(cpcm,Solvent=Water) nosymm freq=roa scf=(xqc,c
 onver=8) iop(2/11=1) geom=checkpoint guess=checkpoint
 ----------------------------------------------------------------------
 1/10=4,29=2,30=1,38=1,83=21/1,3;
 2/11=1,12=2,15=1,40=1/2;
 3/5=4,6=6,7=1111,11=2,14=-4,25=1,30=1,36=2,70=2101,71=2,72=1,74=-5,116=-2,140=1/1,2,3;
 4/5=1/1;
 5/5=2,6=8,8=3,13=1,38=6,53=1,98=1/2,8;
 8/6=4,10=90,11=11/1;
 10/13=10,15=4,31=1,49=111,72=3/2;
 11/6=3,8=1,9=11,15=111,16=1,31=1/1,2,10;
 10/6=1,31=1,49=111/2;
 6/7=2,8=2,9=2,10=2,28=1/1;
 7/8=1,10=1,25=1,30=1/1,2,3,16;
 1/10=4,30=1/3;
 99//99;
 ---------------
 ROA cluster_200
 ---------------
 Structure from the checkpoint file:  "cluster_200.chk"
 Charge =  0 Multiplicity = 1
 No Z-Matrix found in chk file; cartesian coordinates used.
  O                                                12.163971770000      7.168856500000      1.456768490000
  H                                                11.595567200000      7.194162580000      2.241610200000
  H                                                12.638064030000      8.009903140000      1.499562120000
  O                                                10.553216480000      4.191046880000      5.459238790000
  H                                                10.475600850000      3.377473370000      4.931555610000
  H                                                10.856664390000      3.878916010000      6.328905950000
  O                                                 8.087734290000      5.205185060000      4.749028540000
  H                                                 8.277771720000      5.981458270000      4.202449660000
  H                                                 8.957077530000      4.953796480000      5.105790800000
  O                                                11.946952910000      3.131016220000      2.168220080000
  H                                                11.768364660000      2.289283900000      1.727799620000
  H                                                12.555777180000      3.592155680000      1.574869620000
  O                                                12.980745170000      2.053409010000      4.929725450000
  H                                                12.978616820000      1.152681990000      4.581264970000
  H                                                12.810695670000      2.615975330000      4.153930810000
  O                                                14.632032650000      4.085665320000      6.112356180000
  H                                                14.049752400000      4.817828660000      5.857522210000
  H                                                14.067758990000      3.579736070000      6.716862890000
  O                                                 9.652915400000      4.612781980000      2.171096280000
  H                                                 8.932004390000      4.023184440000      2.422026890000
  H                                                10.472072870000      4.080720460000      2.217733210000
  O                                                 8.926079730000      1.548170730000      4.314643160000
  H                                                 8.944572860000      1.077417200000      5.157893330000
  H                                                 8.306135740000      2.275794440000      4.479751200000
  O                                                12.415219270000      6.477801590000      5.250039370000
  H                                                12.136266080000      6.983901960000      6.022711880000
  H                                                11.772192330000      5.746554420000      5.215212490000
  O                                                12.490554500000      2.744172850000      7.517023950000
  H                                                12.577648930000      2.026735100000      8.155843700000
  H                                                12.572591280000      2.322859520000      6.634878360000
  O                                                 9.196917080000      7.218073060000      2.884410780000
  H                                                 9.405620590000      6.326598670000      2.509603150000
  H                                                 9.254225120000      7.825172450000      2.135600420000
 Recover connectivity data from disk.
 Using perturbation frequencies:    0.085645

 GradGradGradGradGradGradGradGradGradGradGradGradGradGradGradGradGradGrad
 Berny optimization.
 Initialization pass.
 Trust Radius=3.00D-01 FncErr=1.00D-07 GrdErr=1.00D-07 EigMax=2.50D+02 EigMin=1.00D-04
 Number of steps in this run=      2 maximum allowed number of steps=      2.
 GradGradGradGradGradGradGradGradGradGradGradGradGradGradGradGradGradGrad

                          Input orientation:                          
 ---------------------------------------------------------------------
 Center     Atomic      Atomic             Coordinates (Angstroms)
 Number     Number       Type             X           Y           Z
 ---------------------------------------------------------------------
      1          8           0       12.163972    7.168857    1.456768
      2          1           0       11.595567    7.194163    2.241610
      3          1           0       12.638064    8.009903    1.499562
      4          8           0       10.553216    4.191047    5.459239
      5          1           0       10.475601    3.377473    4.931556
      6          1           0       10.856664    3.878916    6.328906
      7          8           0        8.087734    5.205185    4.749029
      8          1           0        8.277772    5.981458    4.202450
      9          1           0        8.957078    4.953796    5.105791
     10          8           0       11.946953    3.131016    2.168220
     11          1           0       11.768365    2.289284    1.727800
     12          1           0       12.555777    3.592156    1.574870
     13          8           0       12.980745    2.053409    4.929725
     14          1           0       12.978617    1.152682    4.581265
     15          1           0       12.810696    2.615975    4.153931
     16          8           0       14.632033    4.085665    6.112356
     17          1           0       14.049752    4.817829    5.857522
     18          1           0       14.067759    3.579736    6.716863
     19          8           0        9.652915    4.612782    2.171096
     20          1           0        8.932004    4.023184    2.422027
     21          1           0       10.472073    4.080720    2.217733
     22          8           0        8.926080    1.548171    4.314643
     23          1           0        8.944573    1.077417    5.157893
     24          1           0        8.306136    2.275794    4.479751
     25          8           0       12.415219    6.477802    5.250039
     26          1           0       12.136266    6.983902    6.022712
     27          1           0       11.772192    5.746554    5.215212
     28          8           0       12.490555    2.744173    7.517024
     29          1           0       12.577649    2.026735    8.155844
     30          1           0       12.572591    2.322860    6.634878
     31          8           0        9.196917    7.218073    2.884411
     32          1           0        9.405621    6.326599    2.509603
     33          1           0        9.254225    7.825172    2.135600
 ---------------------------------------------------------------------
                    Distance matrix (angstroms):
                    1          2          3          4          5
     1  O    0.000000
     2  H    0.969382   0.000000
     3  H    0.966413   1.517520   0.000000
     4  O    5.242294   4.523089   5.882966   0.000000
     5  H    5.412885   4.801796   6.157453   0.972818   0.000000
     6  H    6.022498   5.314398   6.600076   0.972537   1.532724
     7  O    5.595596   4.748481   6.255476   2.758891   3.012599
     8  H    4.904205   4.040212   5.516551   3.156381   3.484650
     9  H    5.339103   4.492705   5.991188   1.803988   2.195692
    10  O    4.105778   4.078972   4.972753   3.727864   3.140325
    11  H    4.903080   4.934744   5.790851   4.360840   3.622078
    12  H    3.600034   3.786951   4.419155   4.411037   3.954815
    13  O    6.236694   5.964229   6.882098   3.277617   2.833531
    14  H    6.827919   6.624673   7.525580   3.985607   3.367119
    15  H    5.331197   5.108161   6.014144   3.046456   2.576286
    16  O    6.105071   5.819412   6.376004   4.132119   4.378556
    17  H    5.333867   4.974415   5.583370   3.574528   3.963155
    18  H    6.646411   6.261286   6.992184   3.782503   4.016445
    19  O    3.653654   3.231469   4.571925   3.435154   3.134156
    20  H    4.612222   4.145144   5.520846   3.446906   3.016184
    21  H    3.602523   3.310035   4.543761   3.244397   2.803462
    22  O    7.088265   6.580338   7.966021   3.307940   2.475469
    23  H    7.821029   7.276473   8.665139   3.517561   2.772280
    24  H    6.925560   6.326135   7.779919   3.110781   2.474753
    25  O    3.863882   3.199320   4.057471   2.956360   3.670911
    26  H    4.569772   3.825349   4.665122   3.259385   4.117616
    27  H    4.037615   3.311960   4.436050   1.991245   2.715540
    28  O    7.510738   6.959411   7.997470   3.175091   3.338526
    29  H    8.455185   7.914856   8.950309   4.006776   4.079109
    30  H    7.103765   6.632117   7.662782   2.991676   2.900153
    31  O    3.293023   2.483402   3.792927   4.199068   4.536082
    32  H    3.070238   2.370728   3.781850   3.818103   3.963338
    33  H    3.059116   2.427199   3.448048   5.093213   5.393621
                    6          7          8          9         10
     6  H    0.000000
     7  O    3.452821   0.000000
     8  H    3.948821   0.968227   0.000000
     9  H    2.501961   0.972745   1.527603   0.000000
    10  O    4.365706   5.084911   5.072080   4.570690   0.000000
    11  H    4.952606   5.583668   5.651574   5.139435   0.966632
    12  H    5.056686   5.713191   5.560061   5.222271   0.967151
    13  O    3.130799   5.823049   6.170613   4.963179   3.139407
    14  H    3.871600   6.353870   6.749706   5.558451   3.286476
    15  H    3.184929   5.418903   5.645904   4.606714   2.225840
    16  O    3.787221   6.777893   6.900609   5.828545   4.865924
    17  H    3.361483   6.076550   6.116295   5.149653   4.569251
    18  H    3.248253   6.501934   6.753850   5.531967   5.038782
    19  O    4.390325   3.073511   2.809037   3.035278   2.730979
    20  H    4.357618   2.743147   2.726309   2.840644   3.154409
    21  H    4.134051   3.654716   3.516655   3.376144   1.754896
    22  O    3.635490   3.776939   4.481844   3.496450   4.029666
    23  H    3.588281   4.235541   5.040547   3.876750   4.708471
    24  H    3.534766   2.949837   3.716133   2.826189   4.396604
    25  O    3.216715   4.538468   4.296775   3.781817   4.573604
    26  H    3.372250   4.601816   4.382491   3.881921   5.453226
    27  H    2.359360   3.753084   3.645798   2.926655   4.019421
    28  O    2.317081   5.753539   6.262105   4.814763   5.390255
    29  H    3.119305   6.470569   7.053942   5.565883   6.121181
    30  H    2.336522   5.654925   6.143902   4.725662   4.582093
    31  O    5.076345   2.959528   2.027627   3.181038   4.977917
    32  H    4.762746   2.830092   2.063224   2.970853   4.097153
    33  H    5.977003   3.880083   2.936768   4.141875   5.411742
                   11         12         13         14         15
    11  H    0.000000
    12  H    1.529994   0.000000
    13  O    3.431885   3.715292   0.000000
    14  H    3.301339   3.894642   0.965784   0.000000
    15  H    2.660694   2.769380   0.973270   1.533636   0.000000
    16  O    5.536417   5.014297   2.873227   3.698705   3.051670
    17  H    5.352838   4.698441   3.105737   4.026098   3.047235
    18  H    5.642981   5.359696   2.589427   3.411393   3.012916
    19  O    3.173371   3.134290   5.023433   5.370428   4.229710
    20  H    3.396072   3.746357   5.153724   5.410838   4.474816
    21  H    2.264874   2.234680   4.214063   4.521333   3.370978
    22  O    3.914025   4.985874   4.132058   4.080509   4.031907
    23  H    4.605211   5.674748   4.158763   4.075742   4.280421
    24  H    4.422720   5.313247   4.701479   4.806638   4.529122
    25  O    5.510742   4.674781   4.471875   5.396441   4.033802
    26  H    6.373465   5.609210   5.120305   6.065513   4.798539
    27  H    4.910680   4.302039   3.896335   4.791765   3.464871
    28  O    5.851803   6.002710   2.722417   3.374867   3.380728
    29  H    6.484105   6.764632   3.251313   3.701670   4.051768
    30  H    4.972658   5.216808   1.773905   2.398229   2.509524
    31  O    5.678297   5.113132   6.721192   7.346396   5.987519
    32  H    4.742751   4.274856   6.074427   6.620234   5.297837
    33  H    6.093707   5.397508   7.416693   8.023372   6.622528
                   16         17         18         19         20
    16  O    0.000000
    17  H    0.969564   0.000000
    18  H    0.969432   1.507204   0.000000
    19  O    6.372048   5.741425   6.420438   0.000000
    20  H    6.790637   6.214936   6.709563   0.964523   0.000000
    21  H    5.698542   5.156664   5.781186   0.977897   1.554624
    22  O    6.498350   6.270818   6.027834   3.809846   3.115722
    23  H    6.504441   6.367340   5.910924   4.682041   4.020282
    24  H    6.779233   6.430344   6.316742   3.550382   2.771157
    25  O    3.373450   2.407539   3.644344   4.537456   5.114253
    26  H    3.825789   2.894925   3.975029   5.159863   5.656684
    27  H    3.426676   2.542120   3.495666   3.878585   4.340341
    28  O    2.891128   3.079788   1.956016   6.334259   6.344931
    29  H    3.554649   3.903790   2.588997   7.145552   7.081892
    30  H    2.760763   3.001859   1.954990   5.804619   5.821778
    31  O    7.054934   6.176615   7.186813   2.739397   3.239026
    32  H    6.731790   5.920550   6.854329   1.764344   2.353232
    33  H    7.662853   6.774504   7.885544   3.237231   3.826353
                   21         22         23         24         25
    21  H    0.000000
    22  O    3.633309   0.000000
    23  H    4.471871   0.965931   0.000000
    24  H    3.614660   0.970066   1.517757   0.000000
    25  O    4.326280   6.111491   6.420127   5.927459   0.000000
    26  H    5.067136   6.539875   6.769149   6.262340   0.964871
    27  H    3.667451   5.151486   5.458897   4.959902   0.974381
    28  O    5.826072   4.938739   4.573572   5.191701   4.368624
    29  H    6.626723   5.321447   4.805013   5.641056   5.318089
    30  H    5.197444   4.390977   4.110368   4.780108   4.382475
    31  O    3.451588   5.853777   6.552866   5.269224   4.062225
    32  H    2.503293   5.130449   5.897450   4.636741   4.073148
    33  H    3.938378   6.652568   7.400158   6.098320   4.637566
                   26         27         28         29         30
    26  H    0.000000
    27  H    1.521721   0.000000
    28  O    4.509301   3.850802   0.000000
    29  H    5.414663   4.809691   0.964569   0.000000
    30  H    4.721276   3.791804   0.981028   1.549532   0.000000
    31  O    4.306221   3.772273   7.233598   8.134331   7.030242
    32  H    4.497822   3.641076   6.886571   7.773714   6.563347
    33  H    4.911571   4.488298   8.077754   8.995018   7.844138
                   31         32         33
    31  O    0.000000
    32  H    0.989325   0.000000
    33  H    0.965697   1.551941   0.000000
 Symmetry turned off by external request.
 Stoichiometry    H22O11
 Framework group  C1[X(H22O11)]
 Deg. of freedom    93
 Full point group                 C1      NOp   1
 Rotational constants (GHZ):           0.4999786           0.3462685           0.2928277
 Standard basis: 6-311++G(d,p) (5D, 7F)
   396 basis functions,   594 primitive gaussians,   407 cartesian basis functions
    55 alpha electrons       55 beta electrons
       nuclear repulsion energy       793.4801604764 Hartrees.
 NAtoms=   33 NActive=   33 NUniq=   33 SFac= 1.00D+00 NAtFMM=   60 NAOKFM=F Big=F
 Integral buffers will be    131072 words long.
 Raffenetti 2 integral format.
 Two-electron integral symmetry is turned off.
 Force inversion solution in PCM.
 ------------------------------------------------------------------------------
 Polarizable Continuum Model (PCM)
 =================================
 Model                : C-PCM.
 Atomic radii         : UFF (Universal Force Field).
 Polarization charges : Total charges.
 Charge compensation  : None.
 Solution method      : Matrix inversion.
 Cavity type          : Scaled VdW (van der Waals Surface) (Alpha=1.100).
 Cavity algorithm     : GePol (No added spheres)
                        Default sphere list used, NSphG=   33.
                        Lebedev-Laikov grids with approx.  5.0 points / Ang**2.
                        Smoothing algorithm: York/Karplus (Gamma=1.0000).
                        Polarization charges: spherical gaussians, with
                                              point-specific exponents (IZeta= 3).
                        Self-potential: point-specific (ISelfS= 7).
                        Self-field    : sphere-specific E.n sum rule (ISelfD= 2).
 1st derivatives      : Analytical E(r).r(x)/FMM algorithm (CHGder, D1EAlg=3).
                        Cavity 1st derivative terms included.
 2nd derivatives      : Analytical E(r).r(xy)/FMM algorithm (CHGder, D2EAlg=3).
                        Cavity 2nd derivative terms included.
 Solvent              : Water, Eps=  78.355300 Eps(inf)=   1.777849
 ------------------------------------------------------------------------------
 One-electron integrals computed using PRISM.
 NBasis=   396 RedAO= T EigKep=  2.84D-04  NBF=   396
 NBsUse=   396 1.00D-06 EigRej= -1.00D+00 NBFU=   396
 Initial guess from the checkpoint file:  "cluster_200.chk"
 B after Tr=     0.000000    0.000000    0.000000
         Rot=    1.000000    0.000000    0.000000    0.000000 Ang=   0.00 deg.
 Requested convergence on RMS density matrix=1.00D-08 within  32 cycles.
 Requested convergence on MAX density matrix=1.00D-06.
 Requested convergence on             energy=1.00D-06.
 No special actions if energy rises.
 Inv3:  Mode=1 IEnd=    26928048.
 Iteration    1 A*A^-1 deviation from unit magnitude is 8.88D-15 for   1122.
 Iteration    1 A*A^-1 deviation from orthogonality  is 4.48D-15 for   2798    375.
 Iteration    1 A^-1*A deviation from unit magnitude is 8.66D-15 for   1122.
 Iteration    1 A^-1*A deviation from orthogonality  is 2.32D-15 for   1795    110.
 Error on total polarization charges =  0.01670
 SCF Done:  E(RB3LYP) =  -841.174462737     A.U. after   10 cycles
            NFock= 10  Conv=0.43D-08     -V/T= 2.0034
 QCSCF skips out because SCF is already converged.
 DoSCS=F DFT=T ScalE2(SS,OS)=  1.000000  1.000000
 Range of M.O.s used for correlation:     1   396
 NBasis=   396 NAE=    55 NBE=    55 NFC=     0 NFV=     0
 NROrb=    396 NOA=    55 NOB=    55 NVA=   341 NVB=   341

 **** Warning!!: The largest alpha MO coefficient is  0.15044196D+02

 NEqPCM:  Using non-equilibrium solvation (IEInf=1, Eps=  78.3553, EpsInf=   1.7778)
 Inv3:  Mode=1 IEnd=    26928048.
 Iteration    1 A*A^-1 deviation from unit magnitude is 8.88D-15 for   1122.
 Iteration    1 A*A^-1 deviation from orthogonality  is 4.48D-15 for   2798    375.
 Iteration    1 A^-1*A deviation from unit magnitude is 8.66D-15 for   1122.
 Iteration    1 A^-1*A deviation from orthogonality  is 2.32D-15 for   1795    110.
          Differentiating once with respect to electric field.
                with respect to dipole field.
                with respect to quadrupole field.
          Differentiating once with respect to magnetic field using GIAOs.
          Electric field/nuclear overlap derivatives assumed to be zero.
 FoFJK:  IHMeth= 1 ICntrl=    6127 DoSepK=F KAlg= 0 I1Cent=           0 FoldK=F
 IRaf=         1 NMat=       1 IRICut=       1 DoRegI=T DoRafI=F ISym2E= 0 IDoP0=0 IntGTp=1.
 CalDSu exits because no D1Ps are significant.
          There are    12 degrees of freedom in the 1st order CPHF.  IDoFFX=0 NUNeed=    12.
     11 vectors produced by pass  0 Test12= 3.13D-13 8.33D-09 XBig12= 1.00D+00 1.74D-01.
 AX will form    11 AO Fock derivatives at one time.
     11 vectors produced by pass  1 Test12= 3.13D-13 8.33D-09 XBig12= 9.83D-02 3.42D-02.
     11 vectors produced by pass  2 Test12= 3.13D-13 8.33D-09 XBig12= 3.43D-02 2.63D-02.
     11 vectors produced by pass  3 Test12= 3.13D-13 8.33D-09 XBig12= 2.03D-03 6.87D-03.
     11 vectors produced by pass  4 Test12= 3.13D-13 8.33D-09 XBig12= 6.44D-05 1.10D-03.
     11 vectors produced by pass  5 Test12= 3.13D-13 8.33D-09 XBig12= 3.38D-06 2.03D-04.
     11 vectors produced by pass  6 Test12= 3.13D-13 8.33D-09 XBig12= 7.53D-08 2.57D-05.
     11 vectors produced by pass  7 Test12= 3.13D-13 8.33D-09 XBig12= 1.30D-09 3.76D-06.
     11 vectors produced by pass  8 Test12= 3.13D-13 8.33D-09 XBig12= 3.18D-11 6.30D-07.
     10 vectors produced by pass  9 Test12= 3.13D-13 8.33D-09 XBig12= 6.09D-13 6.21D-08.
      1 vectors produced by pass 10 Test12= 3.13D-13 8.33D-09 XBig12= 1.40D-14 9.58D-09.
 InvSVY:  IOpt=1 It=  1 EMax= 1.42D-13
 Solved reduced A of dimension   110 with    12 vectors.
 Isotropic polarizability for W=    0.085645      106.98 Bohr**3.
 Dipole-magnetic dipole polarizability for W=    0.085645:
                 1             2             3 
      1  -0.458723D+01  0.458801D+03 -0.446477D+03
      2  -0.426400D+03 -0.360406D+02  0.109687D+04
      3   0.465178D+03 -0.114919D+04  0.405596D+02
 DQ contribution to OR G for W=    0.085645:
                 1             2             3 
      1  -0.871874D+01  0.147953D+04 -0.145566D+04
      2  -0.141373D+04 -0.727682D+02  0.370928D+04
      3   0.149279D+04 -0.381401D+04  0.814870D+02
 Optical Rotation G' tensor for W=    0.085645:
                 1             2             3 
      1   0.798417D-01  0.125379D+00 -0.343040D-01
      2   0.125379D+00 -0.205864D+00 -0.134163D-01
      3  -0.343040D-01 -0.134163D-01  0.578460D-01
 OR G Eigenvalues:    -0.2531     0.0419     0.1430  Iso=     0.0227
 Eigenvectors:
   (1)  -0.352298   0.935887   0.001514
   (2)   0.372055   0.138568   0.917809
   (3)   0.858755   0.323906  -0.397019
 w=    0.085645 a.u., Optical Rotation Beta=      0.0227 au.
 Molar Mass =    198.1672 grams/mole, [Alpha] ( 5320.0 A) =        5.44 deg.
 End of Minotr F.D. properties on file   721 Mask=       B NFrqRd=     1 NDeriv=     1 ND12= 1 LenFil=      39:
 Frequencies=    0.085645
 Property number 1 -- Alpha(-w,w) frequency  1    0.085645:
                 1             2             3 
      1   0.107530D+03 -0.150638D+01  0.865724D+00
      2  -0.150638D+01  0.109123D+03 -0.368644D+01
      3   0.865724D+00 -0.368644D+01  0.104293D+03
 Property number 2 -- FD Optical Rotation Tensor frequency  1    0.085645:
                 1             2             3 
      1  -0.458723D+01  0.458801D+03 -0.446477D+03
      2  -0.426400D+03 -0.360406D+02  0.109687D+04
      3   0.465178D+03 -0.114919D+04  0.405596D+02
 Property number 4 -- D-Q polarizability frequency  1    0.085645:
                 1             2             3 
      1   0.302262D+04 -0.621848D+03 -0.517259D+03
      2  -0.154139D+04  0.125789D+04 -0.641772D+03
      3  -0.148123D+04 -0.636043D+03  0.115903D+04
      4   0.870943D+03  0.227263D+04 -0.782606D+02
      5   0.896467D+03 -0.869794D+02  0.222805D+04
      6  -0.549238D+01  0.837760D+03  0.819619D+03
 End of Minotr F.D. properties file   722 does not exist.
 End of Minotr F.D. properties file   788 does not exist.
 Symmetrizing basis deriv contribution to polar:
 IMax=3 JMax=2 DiffMx= 0.00D+00
 G2DrvN: will do    34 centers at a time, making    1 passes.
 PxScal for G2LodP:  IOpCl= 0 ISclPx=1 IMOff=     1 NMtTot=    25 NTT=   78606 ScalPx= 1.18D+02
 Calling FoFCou, ICntrl=  3107 FMM=F I1Cent=   0 AccDes= 0.00D+00.
 PxScal for G2LodP:  IOpCl= 0 ISclPx=0 IMOff=     1 NMtTot=    25 NTT=   78606 ScalPx= 1.00D+00
 NEqPCM:  Using non-equilibrium solvation (IEInf=1, Eps=  78.3553, EpsInf=   1.7778)
 G2PCM: DoFxE=T DoFxN=T DoGrad=T DoDP/DQ/DG/TGxP=TTTF NFrqRd=   1 IEInf=1 SqF1=F DoCFld=F IF1Alg=4.
 End of G2Drv F.D. properties on file   721 Mask=       B NFrqRd=     1 NDeriv=     1 ND12= 1 LenFil=      39:
 Frequencies=    0.085645
 Property number 1 -- Alpha(-w,w) frequency  1    0.085645:
                 1             2             3 
      1   0.107530D+03 -0.150638D+01  0.865724D+00
      2  -0.150638D+01  0.109123D+03 -0.368644D+01
      3   0.865724D+00 -0.368644D+01  0.104293D+03
 Property number 2 -- FD Optical Rotation Tensor frequency  1    0.085645:
                 1             2             3 
      1  -0.458723D+01  0.458801D+03 -0.446477D+03
      2  -0.426400D+03 -0.360406D+02  0.109687D+04
      3   0.465178D+03 -0.114919D+04  0.405596D+02
 Property number 4 -- D-Q polarizability frequency  1    0.085645:
                 1             2             3 
      1   0.302262D+04 -0.621848D+03 -0.517259D+03
      2  -0.154139D+04  0.125789D+04 -0.641772D+03
      3  -0.148123D+04 -0.636043D+03  0.115903D+04
      4   0.870943D+03  0.227263D+04 -0.782606D+02
      5   0.896467D+03 -0.869794D+02  0.222805D+04
      6  -0.549238D+01  0.837760D+03  0.819619D+03
 End of G2Drv F.D. properties on file   722 Mask=       B NFrqRd=     1 NDeriv=    99 ND12= 1 LenFil=    3567:
 Frequencies=    0.085645
 Property number 1 -- Alpha(-w,w) derivatives, frequency  1    0.085645:
                 1             2             3             4             5 
      1  -0.154547D+01 -0.966254D+00  0.496505D+00  0.216980D+01  0.251591D+00
      2  -0.966254D+00  0.132889D+01 -0.217848D+01  0.251591D+00  0.270413D+00
      3   0.496505D+00 -0.217848D+01  0.305507D+01 -0.872258D-01  0.465176D+00
                 6             7             8             9            10 
      1  -0.872258D-01 -0.139881D+01 -0.726651D+00  0.212930D+01  0.141000D+01
      2   0.465176D+00 -0.726651D+00  0.173417D+01 -0.825256D+00  0.858597D+00
      3  -0.110470D+01  0.212930D+01 -0.825256D+00 -0.362545D+00  0.461821D-01
                11            12            13            14            15 
      1   0.858597D+00  0.461821D-01 -0.541840D+00  0.696435D-01 -0.213266D+00
      2  -0.976396D+00  0.661762D+00  0.696435D-01  0.977262D-01 -0.105593D+01
      3   0.661762D+00 -0.229258D+01 -0.213266D+00 -0.105593D+01  0.105307D+01
                16            17            18            19            20 
      1   0.107283D+01  0.829379D+00 -0.212820D+01  0.257460D+00  0.322225D+00
      2   0.829379D+00 -0.578851D+00  0.585496D+00  0.322225D+00 -0.633606D+00
      3  -0.212820D+01  0.585496D+00  0.129541D+01 -0.379573D+00  0.123425D+01
                21            22            23            24            25 
      1  -0.379573D+00 -0.163021D+01 -0.343157D+00  0.276900D+00  0.384986D+00
      2   0.123425D+01 -0.343157D+00 -0.615818D+00  0.535208D+00 -0.843210D-01
      3  -0.102127D+01  0.276900D+00  0.535208D+00  0.814343D-01 -0.175727D+00
                26            27            28            29            30 
      1  -0.843210D-01 -0.175727D+00  0.208302D+01  0.241973D-01 -0.257665D+01
      2  -0.109151D+01  0.606315D+00  0.241973D-01  0.866056D+00  0.311616D+00
      3   0.606315D+00 -0.859273D+00 -0.257665D+01  0.311616D+00 -0.181396D+00
                31            32            33            34            35 
      1  -0.307003D+00  0.735061D+00  0.812830D+00 -0.314799D+00  0.612055D+00
      2   0.735061D+00 -0.105031D+00  0.564014D+00  0.612055D+00  0.496956D+00
      3   0.812830D+00  0.564014D+00  0.107878D+01 -0.628128D+00  0.932442D+00
                36            37            38            39            40 
      1  -0.628128D+00 -0.266181D+00 -0.802712D+00  0.656346D+00 -0.171053D+00
      2   0.932442D+00 -0.802712D+00 -0.340999D+00  0.330308D+00 -0.201050D+00
      3  -0.399798D+00  0.656346D+00  0.330308D+00 -0.309207D+00 -0.182338D+00
                41            42            43            44            45 
      1  -0.201050D+00 -0.182338D+00  0.719065D+00 -0.158151D+00 -0.660135D+00
      2  -0.150559D+01 -0.113953D+01 -0.158151D+00 -0.109472D+01 -0.583335D+00
      3  -0.113953D+01 -0.100726D+01 -0.660135D+00 -0.583335D+00  0.193507D+00
                46            47            48            49            50 
      1  -0.152901D+01  0.284597D+00  0.172813D+01  0.138094D+00 -0.433572D+00
      2   0.284597D+00 -0.763197D-01 -0.353995D+00 -0.433572D+00 -0.256380D+00
      3   0.172813D+01 -0.353995D+00  0.129749D+00 -0.754063D+00  0.620613D+00
                51            52            53            54            55 
      1  -0.754063D+00 -0.423321D+00 -0.432898D+00  0.135168D+01 -0.178660D+01
      2   0.620613D+00 -0.432898D+00  0.560970D+00 -0.714005D+00  0.323627D+00
      3   0.203395D+00  0.135168D+01 -0.714005D+00 -0.244932D+00 -0.144431D+01
                56            57            58            59            60 
      1   0.323627D+00 -0.144431D+01  0.763238D+00  0.202543D+01  0.349162D+01
      2   0.118333D+01  0.163696D+01  0.202543D+01 -0.180563D+01 -0.390206D+00
      3   0.163696D+01  0.662990D+00  0.349162D+01 -0.390206D+00 -0.159417D+01
                61            62            63            64            65 
      1  -0.303166D+01  0.377761D+01  0.218531D+01 -0.133923D+01  0.439112D-01
      2   0.377761D+01 -0.538717D+00 -0.208657D+01  0.439112D-01 -0.433457D+00
      3   0.218531D+01 -0.208657D+01 -0.166660D+01  0.296376D+00  0.109353D-01
                66            67            68            69            70 
      1   0.296376D+00 -0.203880D+01  0.190215D-01 -0.142912D+01  0.665094D+00
      2   0.109353D-01  0.190215D-01  0.572052D+00 -0.129195D+01 -0.126274D+01
      3  -0.473431D-01 -0.142912D+01 -0.129195D+01  0.104001D+01 -0.168584D+01
                71            72            73            74            75 
      1  -0.126274D+01 -0.168584D+01  0.249550D+01 -0.763614D-01  0.144577D+01
      2  -0.503404D+00  0.221488D+01 -0.763614D-01 -0.126113D+01 -0.160757D+01
      3   0.221488D+01  0.687468D+00  0.144577D+01 -0.160757D+01  0.234766D+00
                76            77            78            79            80 
      1   0.132385D+01 -0.254889D+01 -0.170492D+01  0.215991D+01 -0.213314D+01
      2  -0.254889D+01  0.181657D+01  0.146055D+01 -0.213314D+01  0.474841D-01
      3  -0.170492D+01  0.146055D+01  0.125310D+00 -0.812770D+00  0.103756D+00
                81            82            83            84            85 
      1  -0.812770D+00 -0.423016D+00  0.428634D+00  0.182214D+00  0.490474D+00
      2   0.103756D+00  0.428634D+00 -0.120323D+01  0.732487D-01  0.206535D-01
      3   0.123384D+01  0.182214D+00  0.732487D-01  0.176347D+01 -0.199035D+00
                86            87            88            89            90 
      1   0.206535D-01 -0.199035D+00 -0.106047D+01  0.121621D+01 -0.344263D+00
      2   0.237687D-01  0.121638D+00  0.121621D+01  0.303306D+00 -0.772470D-01
      3   0.121638D+00 -0.674983D+00 -0.344263D+00 -0.772470D-01  0.156037D+01
                91            92            93            94            95 
      1   0.510804D+00 -0.248601D+00 -0.248154D+00 -0.484929D-01 -0.280818D+00
      2  -0.248601D+00  0.417334D+00  0.441133D-01 -0.280818D+00  0.315415D+00
      3  -0.248154D+00  0.441133D-01 -0.253506D+00  0.123080D+00  0.380905D+00
                96            97            98            99           100 
      1   0.123080D+00  0.124297D+00 -0.562537D+00  0.147467D+00 -0.232766D-01
      2   0.380905D+00 -0.562537D+00  0.378386D+00  0.308640D+00 -0.134908D+00
      3   0.120289D+01  0.147467D+00  0.308640D+00 -0.371008D+00 -0.575714D-02
               101           102           103           104           105 
      1  -0.134908D+00 -0.575714D-02 -0.536700D+00  0.188961D+00  0.133726D+00
      2   0.535814D+00 -0.165609D+00  0.188961D+00  0.410680D-01 -0.200250D+00
      3  -0.165609D+00 -0.145308D+01  0.133726D+00 -0.200250D+00 -0.360790D+00
               106           107           108           109           110 
      1   0.933231D+00 -0.469540D+00 -0.263909D+00 -0.432678D+01  0.276607D+01
      2  -0.469540D+00 -0.498016D+00 -0.248479D+00  0.276607D+01  0.135604D+00
      3  -0.263909D+00 -0.248479D+00 -0.285287D-01 -0.681891D+00 -0.100763D+00
               111           112           113           114           115 
      1  -0.681891D+00 -0.904614D+00  0.972297D+00 -0.283568D+00 -0.151042D+01
      2  -0.100763D+00  0.972297D+00 -0.182565D+01  0.102741D+01 -0.433259D+00
      3   0.919067D+00 -0.283568D+00  0.102741D+01  0.114178D-01  0.851638D+00
               116           117           118           119           120 
      1  -0.433259D+00  0.851638D+00  0.202892D+01 -0.109749D+01 -0.114322D+00
      2   0.207044D+01  0.200152D-01 -0.109749D+01 -0.250331D-01  0.256165D+00
      3   0.200152D-01 -0.133473D+00 -0.114322D+00  0.256165D+00  0.551546D-01
               121           122           123           124           125 
      1   0.184396D+01 -0.429039D+00 -0.344668D+00  0.478187D+00 -0.175330D+00
      2  -0.429039D+00  0.120569D+01  0.118628D+00 -0.175330D+00  0.109334D+01
      3  -0.344668D+00  0.118628D+00  0.862564D-01 -0.214114D+00  0.279534D+00
               126           127           128           129           130 
      1  -0.214114D+00  0.228418D+01 -0.152421D+01  0.309318D+00 -0.658637D+00
      2   0.279534D+00 -0.152421D+01 -0.459181D+00  0.360936D+00 -0.528062D+00
      3   0.462240D+00  0.309318D+00  0.360936D+00 -0.334225D+00  0.575222D+00
               131           132           133           134           135 
      1  -0.528062D+00  0.575222D+00  0.942992D+00  0.746228D+00 -0.199255D-01
      2   0.288139D+00 -0.886620D+00  0.746228D+00 -0.222122D+01  0.486045D+00
      3  -0.886620D+00  0.299082D+00 -0.199255D-01  0.486045D+00 -0.133474D+01
               136           137           138           139           140 
      1  -0.533284D-01 -0.326201D+00 -0.578246D+00 -0.577595D+00  0.103443D+01
      2  -0.326201D+00  0.110558D+01 -0.128219D+01  0.103443D+01 -0.451040D+00
      3  -0.578246D+00 -0.128219D+01 -0.709868D+00 -0.366822D+01 -0.573078D+00
               141           142           143           144           145 
      1  -0.366822D+01 -0.787145D+00 -0.327164D+01 -0.255841D+01 -0.396336D+00
      2  -0.573078D+00 -0.327164D+01 -0.281038D+00 -0.463276D+00  0.964295D+00
      3  -0.319209D+00 -0.255841D+01 -0.463276D+00 -0.234338D+01 -0.522079D+00
               146           147           148           149           150 
      1   0.964295D+00 -0.522079D+00  0.300633D+00 -0.957706D+00  0.188039D+01
      2  -0.685321D+00  0.687574D+00 -0.957706D+00  0.112975D+01 -0.740901D+00
      3   0.687574D+00  0.142560D+00  0.188039D+01 -0.740901D+00 -0.407064D+00
               151           152           153           154           155 
      1  -0.167001D+00  0.116521D+01  0.217377D+01  0.946418D+00 -0.271912D+00
      2   0.116521D+01 -0.342243D+00  0.768147D+00 -0.271912D+00 -0.938299D+00
      3   0.217377D+01  0.768147D+00  0.176679D+01  0.136841D+01  0.637934D+00
               156           157           158           159           160 
      1   0.136841D+01 -0.148398D+00  0.356929D+00  0.187970D+01  0.896506D+00
      2   0.637934D+00  0.356929D+00 -0.605341D+00  0.147633D+01  0.203633D+01
      3  -0.252017D+00  0.187970D+01  0.147633D+01  0.339127D+00  0.395936D+00
               161           162           163           164           165 
      1   0.203633D+01  0.395936D+00 -0.347118D+01  0.499260D+00 -0.268381D+00
      2   0.549508D+00 -0.508650D+00  0.499260D+00 -0.818129D+00 -0.532523D+00
      3  -0.508650D+00  0.779064D+00 -0.268381D+00 -0.532523D+00  0.400259D+00
               166           167           168           169           170 
