 Entering Gaussian System, Link 0=g16
 Input=FREE.INP
 Output=FREE.OUT
 Initial command:
 /usr/local/g16-A.03/sse4/g16/l1.exe "/scratch/zronyj/cluster_224.206039/Gau-10587.inp" -scrdir="/scratch/zronyj/cluster_224.206039/"
 Entering Link 1 = /usr/local/g16-A.03/sse4/g16/l1.exe PID=     10588.
  
 Copyright (c) 1988,1990,1992,1993,1995,1998,2003,2009,2016,
            Gaussian, Inc.  All Rights Reserved.
  
 This is part of the Gaussian(R) 16 program.  It is based on
 the Gaussian(R) 09 system (copyright 2009, Gaussian, Inc.),
 the Gaussian(R) 03 system (copyright 2003, Gaussian, Inc.),
 the Gaussian(R) 98 system (copyright 1998, Gaussian, Inc.),
 the Gaussian(R) 94 system (copyright 1995, Gaussian, Inc.),
 the Gaussian 92(TM) system (copyright 1992, Gaussian, Inc.),
 the Gaussian 90(TM) system (copyright 1990, Gaussian, Inc.),
 the Gaussian 88(TM) system (copyright 1988, Gaussian, Inc.),
 the Gaussian 86(TM) system (copyright 1986, Carnegie Mellon
 University), and the Gaussian 82(TM) system (copyright 1983,
 Carnegie Mellon University). Gaussian is a federally registered
 trademark of Gaussian, Inc.
  
 This software contains proprietary and confidential information,
 including trade secrets, belonging to Gaussian, Inc.
  
 This software is provided under written license and may be
 used, copied, transmitted, or stored only in accord with that
 written license.
  
 The following legend is applicable only to US Government
 contracts under FAR:
  
                    RESTRICTED RIGHTS LEGEND
  
 Use, reproduction and disclosure by the US Government is
 subject to restrictions as set forth in subparagraphs (a)
 and (c) of the Commercial Computer Software - Restricted
 Rights clause in FAR 52.227-19.
  
 Gaussian, Inc.
 340 Quinnipiac St., Bldg. 40, Wallingford CT 06492
  
  
 ---------------------------------------------------------------
 Warning -- This program may not be used in any manner that
 competes with the business of Gaussian, Inc. or will provide
 assistance to any competitor of Gaussian, Inc.  The licensee
 of this program is prohibited from giving any competitor of
 Gaussian, Inc. access to this program.  By using this program,
 the user acknowledges that Gaussian, Inc. is engaged in the
 business of creating and licensing software in the field of
 computational chemistry and represents and warrants to the
 licensee that it is not a competitor of Gaussian, Inc. and that
 it will not use this program in any manner prohibited above.
 ---------------------------------------------------------------
  

 Cite this work as:
 Gaussian 16, Revision A.03,
 M. J. Frisch, G. W. Trucks, H. B. Schlegel, G. E. Scuseria, 
 M. A. Robb, J. R. Cheeseman, G. Scalmani, V. Barone, 
 G. A. Petersson, H. Nakatsuji, X. Li, M. Caricato, A. V. Marenich, 
 J. Bloino, B. G. Janesko, R. Gomperts, B. Mennucci, H. P. Hratchian, 
 J. V. Ortiz, A. F. Izmaylov, J. L. Sonnenberg, D. Williams-Young, 
 F. Ding, F. Lipparini, F. Egidi, J. Goings, B. Peng, A. Petrone, 
 T. Henderson, D. Ranasinghe, V. G. Zakrzewski, J. Gao, N. Rega, 
 G. Zheng, W. Liang, M. Hada, M. Ehara, K. Toyota, R. Fukuda, 
 J. Hasegawa, M. Ishida, T. Nakajima, Y. Honda, O. Kitao, H. Nakai, 
 T. Vreven, K. Throssell, J. A. Montgomery, Jr., J. E. Peralta, 
 F. Ogliaro, M. J. Bearpark, J. J. Heyd, E. N. Brothers, K. N. Kudin, 
 V. N. Staroverov, T. A. Keith, R. Kobayashi, J. Normand, 
 K. Raghavachari, A. P. Rendell, J. C. Burant, S. S. Iyengar, 
 J. Tomasi, M. Cossi, J. M. Millam, M. Klene, C. Adamo, R. Cammi, 
 J. W. Ochterski, R. L. Martin, K. Morokuma, O. Farkas, 
 J. B. Foresman, and D. J. Fox, Gaussian, Inc., Wallingford CT, 2016.
 
 ******************************************
 Gaussian 16:  ES64L-G16RevA.03 25-Dec-2016
                25-Aug-2023 
 ******************************************
 %chk=cluster_224.chk
 %mem=6GB
 %nproc=8
 Will use up to    8 processors via shared memory.
 ----------------------------------------------------------------------
 #b3lyp/6-311++G** scrf=(cpcm,Solvent=Water) nosymm freq=roa scf=(xqc,c
 onver=8) iop(2/11=1) geom=checkpoint guess=checkpoint
 ----------------------------------------------------------------------
 1/10=4,29=2,30=1,38=1,83=21/1,3;
 2/11=1,12=2,15=1,40=1/2;
 3/5=4,6=6,7=1111,11=2,14=-4,25=1,30=1,36=2,70=2101,71=2,72=1,74=-5,116=-2,140=1/1,2,3;
 4/5=1/1;
 5/5=2,6=8,8=3,13=1,38=6,53=1,98=1/2,8;
 8/6=4,10=90,11=11/1;
 10/13=10,15=4,31=1,49=111,72=3/2;
 11/6=3,8=1,9=11,15=111,16=1,31=1/1,2,10;
 10/6=1,31=1,49=111/2;
 6/7=2,8=2,9=2,10=2,28=1/1;
 7/8=1,10=1,25=1,30=1/1,2,3,16;
 1/10=4,30=1/3;
 99//99;
 ---------------
 ROA cluster_224
 ---------------
 Structure from the checkpoint file:  "cluster_224.chk"
 Charge =  0 Multiplicity = 1
 No Z-Matrix found in chk file; cartesian coordinates used.
  O                                                 8.368226710000     11.353755670000     17.765327220000
  H                                                 9.128942120000     11.094697060000     17.223143740000
  H                                                 7.870713900000     11.967849130000     17.212811870000
  O                                                 7.528561340000      9.854658870000     14.310210400000
  H                                                 6.845879010000      9.924350790000     14.991677940000
  H                                                 7.026369920000      9.800983050000     13.486924330000
  O                                                 8.236372060000      7.910064640000     16.880862410000
  H                                                 8.007337640000      7.691317220000     15.964207690000
  H                                                 7.608427140000      8.608353320000     17.127956710000
  O                                                10.801895560000     14.434842240000     14.619858530000
  H                                                10.218887250000     13.654440410000     14.553288710000
  H                                                11.629326870000     14.063927590000     14.954534130000
  O                                                12.838302690000     10.759163810000     17.578559370000
  H                                                12.223999540000     10.519554750000     16.864349260000
  H                                                12.233010670000     11.011517640000     18.287582410000
  O                                                11.862868410000      8.805472210000     13.842129940000
  H                                                11.571461400000      9.623518040000     13.424143850000
  H                                                11.496847770000      8.870283200000     14.744839430000
  O                                                 7.222697280000      7.720515420000     20.506889430000
  H                                                 7.156748680000      7.259268310000     19.658575820000
  H                                                 7.346918430000      7.005489490000     21.149303220000
  O                                                10.686651100000      9.171921250000     16.697328360000
  H                                                 9.796232970000      8.755340830000     16.724971240000
  H                                                11.113240570000      8.856909100000     17.507266640000
  O                                                12.601660240000     14.452816770000     19.799448780000
  H                                                13.110811020000     13.754188540000     19.369619580000
  H                                                12.806311750000     14.338614390000     20.735453650000
  O                                                 9.404137970000      9.820637150000     19.886417880000
  H                                                 8.879862630000     10.453181100000     19.366298380000
  H                                                 8.783428000000      9.080817350000     20.036091520000
  O                                                 8.830166510000     12.406675800000     14.360671020000
  H                                                 8.515459320000     11.479278110000     14.352542200000
  H                                                 8.160320380000     12.882354640000     13.854343490000
 Recover connectivity data from disk.
 Using perturbation frequencies:    0.085645

 GradGradGradGradGradGradGradGradGradGradGradGradGradGradGradGradGradGrad
 Berny optimization.
 Initialization pass.
 Trust Radius=3.00D-01 FncErr=1.00D-07 GrdErr=1.00D-07 EigMax=2.50D+02 EigMin=1.00D-04
 Number of steps in this run=      2 maximum allowed number of steps=      2.
 GradGradGradGradGradGradGradGradGradGradGradGradGradGradGradGradGradGrad

                          Input orientation:                          
 ---------------------------------------------------------------------
 Center     Atomic      Atomic             Coordinates (Angstroms)
 Number     Number       Type             X           Y           Z
 ---------------------------------------------------------------------
      1          8           0        8.368227   11.353756   17.765327
      2          1           0        9.128942   11.094697   17.223144
      3          1           0        7.870714   11.967849   17.212812
      4          8           0        7.528561    9.854659   14.310210
      5          1           0        6.845879    9.924351   14.991678
      6          1           0        7.026370    9.800983   13.486924
      7          8           0        8.236372    7.910065   16.880862
      8          1           0        8.007338    7.691317   15.964208
      9          1           0        7.608427    8.608353   17.127957
     10          8           0       10.801896   14.434842   14.619859
     11          1           0       10.218887   13.654440   14.553289
     12          1           0       11.629327   14.063928   14.954534
     13          8           0       12.838303   10.759164   17.578559
     14          1           0       12.224000   10.519555   16.864349
     15          1           0       12.233011   11.011518   18.287582
     16          8           0       11.862868    8.805472   13.842130
     17          1           0       11.571461    9.623518   13.424144
     18          1           0       11.496848    8.870283   14.744839
     19          8           0        7.222697    7.720515   20.506889
     20          1           0        7.156749    7.259268   19.658576
     21          1           0        7.346918    7.005489   21.149303
     22          8           0       10.686651    9.171921   16.697328
     23          1           0        9.796233    8.755341   16.724971
     24          1           0       11.113241    8.856909   17.507267
     25          8           0       12.601660   14.452817   19.799449
     26          1           0       13.110811   13.754189   19.369620
     27          1           0       12.806312   14.338614   20.735454
     28          8           0        9.404138    9.820637   19.886418
     29          1           0        8.879863   10.453181   19.366298
     30          1           0        8.783428    9.080817   20.036092
     31          8           0        8.830167   12.406676   14.360671
     32          1           0        8.515459   11.479278   14.352542
     33          1           0        8.160320   12.882355   13.854343
 ---------------------------------------------------------------------
                    Distance matrix (angstroms):
                    1          2          3          4          5
     1  O    0.000000
     2  H    0.969413   0.000000
     3  H    0.964315   1.531548   0.000000
     4  O    3.858777   3.547407   3.606624   0.000000
     5  H    3.471869   3.400225   3.187414   0.967114   0.000000
     6  H    4.745146   4.478152   4.392091   0.965856   1.520553
     7  O    3.557903   3.325015   4.087727   3.300105   3.091899
     8  H    4.097283   3.798146   4.457174   2.764956   2.698377
     9  H    2.919036   2.915979   3.370787   3.082102   2.622407
    10  O    5.030886   4.553289   4.626153   5.638145   6.011061
    11  H    4.362945   3.855955   3.928304   4.662111   5.048063
    12  H    5.087275   4.496092   4.860096   5.911800   6.326045
    13  O    4.513314   3.741425   5.125586   6.300285   6.580122
    14  H    4.046559   3.168423   4.601095   5.386358   5.725849
    15  H    3.914899   3.282558   4.593401   6.268146   6.408284
    16  O    5.839328   4.913874   6.107325   4.483984   5.267213
    17  H    5.665713   4.750018   5.791841   4.145308   4.987865
    18  H    5.007919   4.086195   5.369790   4.111593   4.775301
    19  O    4.693489   5.079553   5.413937   6.561018   5.951171
    20  H    4.670856   4.952917   5.353713   5.956451   5.383237
    21  H    5.603729   5.942386   6.355733   7.411069   6.832799
    22  O    3.357993   2.529823   4.001554   4.017212   4.269300
    23  H    3.142181   2.483151   3.777012   3.490259   3.616003
    24  H    3.719669   3.004307   4.503180   4.905772   5.067346
    25  O    5.627059   5.474860   5.936970   8.775598   8.760747
    26  H    5.552291   5.247431   5.941502   8.483246   8.548883
    27  H    6.117813   6.031780   6.510734   9.446918   9.381015
    28  O    2.814710   2.965129   3.756338   5.883284   5.523941
    29  H    1.906807   2.250932   2.819593   5.267663   4.853252
    30  H    3.239600   3.476747   4.139916   5.912634   5.469164
    31  O    3.593566   3.162958   3.041024   2.865225   3.239985
    32  H    3.418265   2.960510   2.972464   1.901354   2.369344
    33  H    4.204240   3.934814   3.492779   3.126320   3.430900
                    6          7          8          9         10
     6  H    0.000000
     7  O    4.069213   0.000000
     8  H    3.398517   0.969826   0.000000
     9  H    3.875342   0.971070   1.534404   0.000000
    10  O    6.083649   7.366598   7.422396   7.101885   0.000000
    11  H    5.116486   6.507367   6.514636   6.237500   0.976400
    12  H    6.443119   7.286488   7.399217   7.117211   0.966555
    13  O    7.172039   5.457281   5.946094   5.672797   5.139210
    14  H    6.240088   4.765594   5.156493   5.002568   4.731764
    15  H    7.184763   5.250809   5.854751   5.339167   5.217225
    16  O    4.950650   4.815301   4.539788   5.379199   5.781032
    17  H    4.548988   5.099769   4.784172   5.518553   5.017051
    18  H    4.736425   4.014389   3.879884   4.568115   5.609180
    19  O    7.324398   3.769819   4.610040   3.514858   9.620290
    20  H    6.675822   3.050379   3.815563   2.903115   9.495506
    21  H    8.162695   4.452973   5.271786   4.336910  10.476917
    22  O    4.909182   2.762215   3.147757   3.158878   5.659284
    23  H    4.387534   1.781000   2.216090   2.229461   6.139999
    24  H    5.810072   3.092777   3.658725   3.534031   6.288672
    25  O    9.621402   8.389368   9.029659   8.137997   5.483396
    26  H    9.341004   8.006738   8.625583   7.860083   5.324905
    27  H   10.321773   8.778865   9.485858   8.536271   6.436416
    28  O    6.826982   3.747977   4.676408   3.507609   7.140116
    29  H    6.199019   3.613712   4.468044   3.167035   6.486642
    30  H    6.818906   3.409604   4.371872   3.171923   7.878793
    31  O    3.287362   5.188783   5.048067   4.855695   2.840485
    32  H    2.404861   4.382873   4.147807   4.094856   3.746279
    33  H    3.303890   5.821449   5.605515   5.411859   3.158188
                   11         12         13         14         15
    11  H    0.000000
    12  H    1.522504   0.000000
    13  O    4.939254   4.389601   0.000000
    14  H    4.380523   4.069841   0.972048   0.000000
    15  H    4.998668   4.559699   0.965803   1.505889   0.000000
    16  O    5.169228   5.379901   4.327735   3.493180   4.976514
    17  H    4.399177   4.697093   4.489292   3.614374   5.100708
    18  H    4.955606   5.199564   3.660238   2.782296   4.204503
    19  O    8.923787   9.512408   7.024495   6.790857   6.392125
    20  H    8.737212   9.404007   6.989692   6.641852   6.459678
    21  H    9.796130  10.321615   7.549542   7.382100   6.936253
    22  O    4.990860   5.278039   2.815229   2.051208   2.881710
    23  H    5.375502   5.888614   3.741404   3.004318   3.670146
    24  H    5.704574   5.822013   2.568948   2.100362   2.550513
    25  O    5.816976   4.956800   4.316413   4.922193   3.776795
    26  H    5.618738   4.667303   3.500333   4.186367   3.076293
    27  H    6.736618   5.905910   4.772784   5.468981   4.170170
    28  O    6.618469   6.876079   4.242703   4.192017   3.460779
    29  H    5.933474   6.329353   4.354180   4.177009   3.566366
    30  H    7.282836   7.665034   5.029744   4.895656   4.322558
    31  O    1.876849   3.306729   5.397616   4.620361   5.380190
    32  H    2.770072   4.091330   5.441758   4.580777   5.433556
    33  H    2.307019   3.826296   6.345175   5.581796   6.304002
                   16         17         18         19         20
    16  O    0.000000
    17  H    0.963758   0.000000
    18  H    0.976246   1.522224   0.000000
    19  O    8.193128   8.526339   7.265779   0.000000
    20  H    7.639984   7.996719   6.751047   0.967850   0.000000
    21  H    8.776590   9.185800   7.855987   0.969221   1.524085
    22  O    3.109651   3.420609   2.135326   5.349608   4.988731
    23  H    3.547431   3.847159   2.612704   4.690080   4.220325
    24  H    3.741365   4.179659   2.788967   5.042366   4.778537
    25  O    8.241842   8.063991   7.611463   8.646248   9.022973
    26  H    7.523317   7.401400   6.917080   8.506966   8.815801
    27  H    8.889525   8.787050   8.216131   8.661884   9.121095
    28  O    6.603736   6.818881   5.631912   3.090984   3.415155
    29  H    6.490740   6.575884   5.541846   3.393318   3.640828
    30  H    6.922711   7.196215   5.950153   2.123194   2.471163
    31  O    4.736542   4.017182   4.445767   7.894305   7.573898
    32  H    4.314500   3.693903   3.981134   7.326358   6.914374
    33  H    5.507266   4.737190   5.293592   8.472313   8.143425
                   21         22         23         24         25
    21  H    0.000000
    22  O    5.972212   0.000000
    23  H    5.351246   0.983437   0.000000
    24  H    5.556741   0.968097   1.535191   0.000000
    25  O    9.213962   6.417030   7.055782   6.227654   0.000000
    26  H    9.051777   5.832226   6.555080   5.607316   0.965437
    27  H    9.151555   6.891599   7.504498   6.583067   0.964899
    28  O    3.708381   3.497994   3.359068   3.083855   5.629281
    29  H    4.173200   3.468359   3.270933   3.315428   5.480555
    30  H    2.758584   3.844203   3.477819   3.445739   6.594943
    31  O    8.801043   4.401152   4.455945   5.264441   6.927565
    32  H    8.220476   3.941572   3.832576   4.855674   7.430193
    33  H    9.402957   5.313401   5.286677   6.186097   7.585257
                   26         27         28         29         30
    26  H    0.000000
    27  H    1.516501   0.000000
    28  O    5.429487   5.719070   0.000000
    29  H    5.366338   5.691061   0.972369   0.000000
    30  H    6.403970   6.657111   0.977249   1.530132   0.000000
    31  O    6.725271   7.757575   6.127880   5.373539   6.578291
    32  H    7.173809   8.205411   5.845051   5.130635   6.174719
    33  H    7.462287   8.429449   6.878017   6.066323   7.283815
                   31         32         33
    31  O    0.000000
    32  H    0.979374   0.000000
    33  H    0.965055   1.530670   0.000000
 Symmetry turned off by external request.
 Stoichiometry    H22O11
 Framework group  C1[X(H22O11)]
 Deg. of freedom    93
 Full point group                 C1      NOp   1
 Rotational constants (GHZ):           0.3404007           0.2849629           0.2154784
 Standard basis: 6-311++G(d,p) (5D, 7F)
   396 basis functions,   594 primitive gaussians,   407 cartesian basis functions
    55 alpha electrons       55 beta electrons
       nuclear repulsion energy       718.8204101484 Hartrees.
 NAtoms=   33 NActive=   33 NUniq=   33 SFac= 1.00D+00 NAtFMM=   60 NAOKFM=F Big=F
 Integral buffers will be    131072 words long.
 Raffenetti 2 integral format.
 Two-electron integral symmetry is turned off.
 Force inversion solution in PCM.
 ------------------------------------------------------------------------------
 Polarizable Continuum Model (PCM)
 =================================
 Model                : C-PCM.
 Atomic radii         : UFF (Universal Force Field).
 Polarization charges : Total charges.
 Charge compensation  : None.
 Solution method      : Matrix inversion.
 Cavity type          : Scaled VdW (van der Waals Surface) (Alpha=1.100).
 Cavity algorithm     : GePol (No added spheres)
                        Default sphere list used, NSphG=   33.
                        Lebedev-Laikov grids with approx.  5.0 points / Ang**2.
                        Smoothing algorithm: York/Karplus (Gamma=1.0000).
                        Polarization charges: spherical gaussians, with
                                              point-specific exponents (IZeta= 3).
                        Self-potential: point-specific (ISelfS= 7).
                        Self-field    : sphere-specific E.n sum rule (ISelfD= 2).
 1st derivatives      : Analytical E(r).r(x)/FMM algorithm (CHGder, D1EAlg=3).
                        Cavity 1st derivative terms included.
 2nd derivatives      : Analytical E(r).r(xy)/FMM algorithm (CHGder, D2EAlg=3).
                        Cavity 2nd derivative terms included.
 Solvent              : Water, Eps=  78.355300 Eps(inf)=   1.777849
 ------------------------------------------------------------------------------
 One-electron integrals computed using PRISM.
 NBasis=   396 RedAO= T EigKep=  3.05D-04  NBF=   396
 NBsUse=   396 1.00D-06 EigRej= -1.00D+00 NBFU=   396
 Initial guess from the checkpoint file:  "cluster_224.chk"
 B after Tr=     0.000000    0.000000    0.000000
         Rot=    1.000000    0.000000    0.000000    0.000000 Ang=   0.00 deg.
 Requested convergence on RMS density matrix=1.00D-08 within  32 cycles.
 Requested convergence on MAX density matrix=1.00D-06.
 Requested convergence on             energy=1.00D-06.
 No special actions if energy rises.
 Inv3:  Mode=1 IEnd=    35007168.
 Iteration    1 A*A^-1 deviation from unit magnitude is 9.99D-15 for    417.
 Iteration    1 A*A^-1 deviation from orthogonality  is 3.52D-15 for   3396    819.
 Iteration    1 A^-1*A deviation from unit magnitude is 9.33D-15 for    417.
 Iteration    1 A^-1*A deviation from orthogonality  is 3.22D-15 for   3308    831.
 Error on total polarization charges =  0.01826
 SCF Done:  E(RB3LYP) =  -841.166714771     A.U. after   10 cycles
            NFock= 10  Conv=0.25D-08     -V/T= 2.0035
 QCSCF skips out because SCF is already converged.
 DoSCS=F DFT=T ScalE2(SS,OS)=  1.000000  1.000000
 Range of M.O.s used for correlation:     1   396
 NBasis=   396 NAE=    55 NBE=    55 NFC=     0 NFV=     0
 NROrb=    396 NOA=    55 NOB=    55 NVA=   341 NVB=   341

 **** Warning!!: The largest alpha MO coefficient is  0.17702705D+02

 NEqPCM:  Using non-equilibrium solvation (IEInf=1, Eps=  78.3553, EpsInf=   1.7778)
 Inv3:  Mode=1 IEnd=    35007168.
 Iteration    1 A*A^-1 deviation from unit magnitude is 9.99D-15 for    417.
 Iteration    1 A*A^-1 deviation from orthogonality  is 3.52D-15 for   3396    819.
 Iteration    1 A^-1*A deviation from unit magnitude is 9.33D-15 for    417.
 Iteration    1 A^-1*A deviation from orthogonality  is 3.22D-15 for   3308    831.
          Differentiating once with respect to electric field.
                with respect to dipole field.
                with respect to quadrupole field.
          Differentiating once with respect to magnetic field using GIAOs.
          Electric field/nuclear overlap derivatives assumed to be zero.
 FoFJK:  IHMeth= 1 ICntrl=    6127 DoSepK=F KAlg= 0 I1Cent=           0 FoldK=F
 IRaf=         1 NMat=       1 IRICut=       1 DoRegI=T DoRafI=F ISym2E= 0 IDoP0=0 IntGTp=1.
 CalDSu exits because no D1Ps are significant.
          There are    12 degrees of freedom in the 1st order CPHF.  IDoFFX=0 NUNeed=    12.
     11 vectors produced by pass  0 Test12= 3.13D-13 8.33D-09 XBig12= 1.00D+00 1.73D-01.
 AX will form    11 AO Fock derivatives at one time.
     11 vectors produced by pass  1 Test12= 3.13D-13 8.33D-09 XBig12= 1.06D-01 4.36D-02.
     11 vectors produced by pass  2 Test12= 3.13D-13 8.33D-09 XBig12= 3.47D-02 3.20D-02.
     11 vectors produced by pass  3 Test12= 3.13D-13 8.33D-09 XBig12= 1.90D-03 8.28D-03.
     11 vectors produced by pass  4 Test12= 3.13D-13 8.33D-09 XBig12= 6.39D-05 1.18D-03.
     11 vectors produced by pass  5 Test12= 3.13D-13 8.33D-09 XBig12= 3.37D-06 2.48D-04.
     11 vectors produced by pass  6 Test12= 3.13D-13 8.33D-09 XBig12= 6.95D-08 2.89D-05.
     11 vectors produced by pass  7 Test12= 3.13D-13 8.33D-09 XBig12= 8.98D-10 2.86D-06.
     11 vectors produced by pass  8 Test12= 3.13D-13 8.33D-09 XBig12= 2.22D-11 3.13D-07.
      9 vectors produced by pass  9 Test12= 3.13D-13 8.33D-09 XBig12= 4.19D-13 6.06D-08.
 InvSVY:  IOpt=1 It=  1 EMax= 2.84D-13
 Solved reduced A of dimension   108 with    12 vectors.
 Isotropic polarizability for W=    0.085645      103.17 Bohr**3.
 Dipole-magnetic dipole polarizability for W=    0.085645:
                 1             2             3 
      1   0.102765D+03  0.165550D+04 -0.105048D+04
      2  -0.163950D+04 -0.999890D+02  0.980631D+03
      3   0.960762D+03 -0.890090D+03 -0.285266D+01
 DQ contribution to OR G for W=    0.085645:
                 1             2             3 
      1   0.206705D+03  0.551069D+04 -0.352418D+04
      2  -0.547796D+04 -0.202743D+03  0.327806D+04
      3   0.334722D+04 -0.309471D+04 -0.396146D+01
 Optical Rotation G' tensor for W=    0.085645:
                 1             2             3 
      1   0.255305D+00  0.925673D-01  0.309988D+00
      2   0.925673D-01 -0.729663D+00  0.283443D+00
      3   0.309988D+00  0.283443D+00  0.397571D+00
 OR G Eigenvalues:    -0.7973     0.0208     0.6997  Iso=     0.0256
 Eigenvectors:
   (1)  -0.019066   0.973920  -0.226088
   (2)   0.808560  -0.117993  -0.576462
   (3)   0.588105   0.193797   0.785223
 w=    0.085645 a.u., Optical Rotation Beta=      0.0256 au.
 Molar Mass =    198.1672 grams/mole, [Alpha] ( 5320.0 A) =        6.13 deg.
 End of Minotr F.D. properties on file   721 Mask=       B NFrqRd=     1 NDeriv=     1 ND12= 1 LenFil=      39:
 Frequencies=    0.085645
 Property number 1 -- Alpha(-w,w) frequency  1    0.085645:
                 1             2             3 
      1   0.102293D+03  0.633747D+01 -0.845329D+00
      2   0.633747D+01  0.103272D+03 -0.104124D+01
      3  -0.845329D+00 -0.104124D+01  0.103949D+03
 Property number 2 -- FD Optical Rotation Tensor frequency  1    0.085645:
                 1             2             3 
      1   0.102765D+03  0.165550D+04 -0.105048D+04
      2  -0.163950D+04 -0.999890D+02  0.980631D+03
      3   0.960762D+03 -0.890090D+03 -0.285266D+01
 Property number 4 -- D-Q polarizability frequency  1    0.085645:
                 1             2             3 
      1   0.246948D+04 -0.120122D+04 -0.223166D+04
      2  -0.107579D+04  0.270186D+04 -0.222872D+04
      3  -0.139369D+04 -0.150065D+04  0.446038D+04
      4   0.214600D+04  0.201892D+04 -0.115032D+02
      5   0.324630D+04  0.195201D+03  0.188437D+04
      6   0.191240D+03  0.328197D+04  0.202353D+04
 End of Minotr F.D. properties file   722 does not exist.
 End of Minotr F.D. properties file   788 does not exist.
 Symmetrizing basis deriv contribution to polar:
 IMax=3 JMax=2 DiffMx= 0.00D+00
 G2DrvN: will do    34 centers at a time, making    1 passes.
 PxScal for G2LodP:  IOpCl= 0 ISclPx=1 IMOff=     1 NMtTot=    25 NTT=   78606 ScalPx= 1.67D+02
 Calling FoFCou, ICntrl=  3107 FMM=F I1Cent=   0 AccDes= 0.00D+00.
 PxScal for G2LodP:  IOpCl= 0 ISclPx=0 IMOff=     1 NMtTot=    25 NTT=   78606 ScalPx= 1.00D+00
 NEqPCM:  Using non-equilibrium solvation (IEInf=1, Eps=  78.3553, EpsInf=   1.7778)
 G2PCM: DoFxE=T DoFxN=T DoGrad=T DoDP/DQ/DG/TGxP=TTTF NFrqRd=   1 IEInf=1 SqF1=F DoCFld=F IF1Alg=4.
 End of G2Drv F.D. properties on file   721 Mask=       B NFrqRd=     1 NDeriv=     1 ND12= 1 LenFil=      39:
 Frequencies=    0.085645
 Property number 1 -- Alpha(-w,w) frequency  1    0.085645:
                 1             2             3 
      1   0.102293D+03  0.633747D+01 -0.845329D+00
      2   0.633747D+01  0.103272D+03 -0.104124D+01
      3  -0.845329D+00 -0.104124D+01  0.103949D+03
 Property number 2 -- FD Optical Rotation Tensor frequency  1    0.085645:
                 1             2             3 
      1   0.102765D+03  0.165550D+04 -0.105048D+04
      2  -0.163950D+04 -0.999890D+02  0.980631D+03
      3   0.960762D+03 -0.890090D+03 -0.285266D+01
 Property number 4 -- D-Q polarizability frequency  1    0.085645:
                 1             2             3 
      1   0.246948D+04 -0.120122D+04 -0.223166D+04
      2  -0.107579D+04  0.270186D+04 -0.222872D+04
      3  -0.139369D+04 -0.150065D+04  0.446038D+04
      4   0.214600D+04  0.201892D+04 -0.115032D+02
      5   0.324630D+04  0.195201D+03  0.188437D+04
      6   0.191240D+03  0.328197D+04  0.202353D+04
 End of G2Drv F.D. properties on file   722 Mask=       B NFrqRd=     1 NDeriv=    99 ND12= 1 LenFil=    3567:
 Frequencies=    0.085645
 Property number 1 -- Alpha(-w,w) derivatives, frequency  1    0.085645:
                 1             2             3             4             5 
      1  -0.742570D+00  0.150798D+01  0.108736D+01  0.132091D+01  0.389838D+00
      2   0.150798D+01 -0.132166D+01 -0.145697D+01  0.389838D+00 -0.258367D+01
      3   0.108736D+01 -0.145697D+01 -0.860290D+00 -0.466456D+00 -0.903360D+00
                 6             7             8             9            10 
      1  -0.466456D+00  0.123197D+01 -0.112377D+01 -0.249459D+00  0.930344D+00
      2  -0.903360D+00 -0.112377D+01 -0.152336D+01 -0.883939D+00 -0.139482D+01
      3  -0.131393D+00 -0.249459D+00 -0.883939D+00 -0.193729D+01 -0.102458D+01
                11            12            13            14            15 
      1  -0.139482D+01 -0.102458D+01 -0.438686D+00 -0.186055D+00  0.126504D+00
      2   0.131496D+00  0.674384D+00 -0.186055D+00  0.226784D+01  0.711078D+00
      3   0.674384D+00  0.681261D+00  0.126504D+00  0.711078D+00  0.545455D+00
                16            17            18            19            20 
      1  -0.134579D+01  0.977483D+00  0.660822D+00  0.131092D+00 -0.270213D+00
      2   0.977483D+00  0.890356D+00  0.463075D+00 -0.270213D+00  0.123669D+01
      3   0.660822D+00  0.463075D+00  0.212799D+00  0.528017D-01  0.512596D+00
                21            22            23            24            25 
      1   0.528017D-01 -0.113302D+01  0.269108D-01  0.216338D-01  0.529865D+00
      2   0.512596D+00  0.269108D-01 -0.184546D+00  0.326052D+00 -0.403949D+00
      3   0.243633D+00  0.216338D-01  0.326052D+00 -0.212093D-01 -0.274850D+00
                26            27            28            29            30 
      1  -0.403949D+00 -0.274850D+00 -0.787197D+00 -0.575597D+00 -0.501296D-01
      2   0.129274D+01  0.759300D+00 -0.575597D+00 -0.147950D+01 -0.118459D+00
      3   0.759300D+00  0.758386D+00 -0.501296D-01 -0.118459D+00  0.984388D+00
                31            32            33            34            35 
      1  -0.135493D+01  0.693156D+00 -0.929636D+00  0.475953D+00 -0.162803D+00
      2   0.693156D+00  0.267689D+01  0.171503D+01 -0.162803D+00 -0.442717D+00
      3  -0.929636D+00  0.171503D+01 -0.847840D+00  0.192883D+00 -0.813950D+00
                36            37            38            39            40 
      1   0.192883D+00  0.561237D+00  0.686911D-01 -0.166262D+00  0.426766D+00
      2  -0.813950D+00  0.686911D-01  0.810937D+00 -0.228762D+00 -0.488752D+00
      3  -0.117989D+01 -0.166262D+00 -0.228762D+00 -0.132589D+01  0.331875D+00
                41            42            43            44            45 
      1  -0.488752D+00  0.331875D+00 -0.952269D+00  0.256639D+00 -0.369393D+00
      2  -0.943452D+00 -0.614849D+00  0.256639D+00 -0.423651D+00  0.364109D+00
      3  -0.614849D+00  0.182692D+00 -0.369393D+00  0.364109D+00  0.608044D+00
                46            47            48            49            50 
      1   0.391864D+00  0.640181D-01  0.453743D+00  0.462133D+00 -0.429325D+00
      2   0.640181D-01  0.744320D+00  0.397693D+00 -0.429325D+00 -0.887693D+00
      3   0.453743D+00  0.397693D+00  0.445671D+00  0.431635D+00 -0.555790D+00
                51            52            53            54            55 
      1   0.431635D+00  0.440687D+00 -0.122731D+00  0.270759D+00 -0.695681D+00
      2  -0.555790D+00 -0.122731D+00  0.916274D+00  0.269498D+00  0.525397D+00
      3   0.425264D+00  0.270759D+00  0.269498D+00  0.633059D+00 -0.203991D+00
                56            57            58            59            60 
      1   0.525397D+00 -0.203991D+00  0.120597D+01  0.185527D+01 -0.507039D+00
      2   0.143389D+01  0.167148D+00  0.185527D+01  0.330833D+01 -0.170529D+01
      3   0.167148D+00 -0.101953D+00 -0.507039D+00 -0.170529D+01  0.538055D+00
                61            62            63            64            65 
      1  -0.146471D+00 -0.688575D+00 -0.129430D-01  0.803616D-02 -0.895722D-01
      2  -0.688575D+00 -0.409647D+01 -0.675789D-01 -0.895722D-01  0.135607D-01
      3  -0.129430D-01 -0.675789D-01  0.286634D+00  0.431773D+00  0.267144D+00
                66            67            68            69            70 
      1   0.431773D+00 -0.150024D+00 -0.740867D+00  0.249022D+00  0.227035D+00
      2   0.267144D+00 -0.740867D+00 -0.168840D+01  0.331678D+00  0.729701D+00
      3  -0.894103D-01  0.249022D+00  0.331678D+00 -0.303063D-01  0.251406D+00
                71            72            73            74            75 
      1   0.729701D+00  0.251406D+00  0.590548D+00 -0.158073D+00 -0.134507D-01
      2   0.261045D+01  0.424357D+00 -0.158073D+00 -0.143974D+01 -0.635856D+00
      3   0.424357D+00 -0.109926D-01 -0.134507D-01 -0.635856D+00  0.964247D-01
                76            77            78            79            80 
      1  -0.107393D+01 -0.120811D+01  0.410785D+00  0.144873D+00  0.154206D+00
      2  -0.120811D+01 -0.994679D+00  0.993936D+00  0.154206D+00  0.107097D+01
      3   0.410785D+00  0.993936D+00 -0.378064D+00 -0.253186D+00 -0.218823D+00
                81            82            83            84            85 
      1  -0.253186D+00 -0.106174D-02  0.321784D+00  0.327629D+00  0.390228D+00
      2  -0.218823D+00  0.321784D+00  0.845966D+00  0.174247D+01  0.109020D+01
      3  -0.117542D+00  0.327629D+00  0.174247D+01 -0.362548D+00  0.612440D+00
                86            87            88            89            90 
      1   0.109020D+01  0.612440D+00  0.979091D+00  0.133485D+01 -0.191754D+01
      2   0.330497D+01 -0.143866D+01  0.133485D+01 -0.139617D+01 -0.301094D+01
      3  -0.143866D+01 -0.753402D+00 -0.191754D+01 -0.301094D+01  0.296039D+01
                91            92            93            94            95 
      1   0.932114D+00  0.865676D+00 -0.742755D+00 -0.448324D+00 -0.127964D+01
      2   0.865676D+00 -0.170846D+01 -0.638266D+00 -0.127964D+01 -0.339731D+01
      3  -0.742755D+00 -0.638266D+00  0.972769D+00 -0.452332D+00  0.689674D+00
                96            97            98            99           100 
      1  -0.452332D+00 -0.333702D+00 -0.593652D+00  0.907249D+00 -0.285875D+00
      2   0.689674D+00 -0.593652D+00  0.646649D+00  0.220103D+01 -0.636014D+00
      3   0.515551D+00  0.907249D+00  0.220103D+01 -0.184920D+01  0.422101D+00
               101           102           103           104           105 
      1  -0.636014D+00  0.422101D+00  0.494958D+00  0.410259D+00 -0.253440D+00
      2   0.474868D+00 -0.121282D+01  0.410259D+00 -0.208384D+00  0.677275D+00
      3  -0.121282D+01 -0.552732D+00 -0.253440D+00  0.677275D+00  0.791441D-01
               106           107           108           109           110 
      1  -0.624888D+00 -0.779042D+00  0.109459D+01  0.591916D+00 -0.819966D-01
      2  -0.779042D+00  0.847000D+00  0.103037D+01 -0.819966D-01 -0.156735D+01
      3   0.109459D+01  0.103037D+01 -0.137989D+01  0.309741D+00  0.104951D+01
               111           112           113           114           115 
      1   0.309741D+00 -0.481919D+00 -0.380634D+01  0.136044D+01  0.833547D-01
      2   0.104951D+01 -0.380634D+01 -0.812762D+00 -0.449412D+00  0.129178D+01
      3   0.362087D-01  0.136044D+01 -0.449412D+00  0.478932D+00  0.155662D+01
               116           117           118           119           120 
      1   0.129178D+01  0.155662D+01 -0.200294D+00  0.748563D-01 -0.150378D+01
      2   0.447172D+00  0.449953D+00  0.748563D-01  0.101622D+01 -0.843581D+00
      3   0.449953D+00  0.602576D+00 -0.150378D+01 -0.843581D+00 -0.724323D+00
               121           122           123           124           125 
      1   0.311705D+00  0.249016D+01 -0.228986D+00 -0.147651D+01 -0.590665D+00
      2   0.249016D+01  0.993044D+00  0.481194D-01 -0.590665D+00  0.597787D+00
      3  -0.228986D+00  0.481194D-01 -0.289712D+00 -0.121952D+01 -0.656984D+00
               126           127           128           129           130 
      1  -0.121952D+01 -0.401261D+00 -0.626392D-01  0.101884D+01 -0.270438D+00
      2  -0.656984D+00 -0.626392D-01  0.774718D+00 -0.141515D+00  0.158518D+01
      3  -0.504896D+00  0.101884D+01 -0.141515D+00  0.328778D+00 -0.103700D+01
               131           132           133           134           135 
      1   0.158518D+01 -0.103700D+01  0.101553D+01 -0.715521D+00 -0.608835D+00
      2   0.194521D+00  0.605742D+00 -0.715521D+00 -0.916534D+00  0.407393D+00
      3   0.605742D+00 -0.204019D+00 -0.608835D+00  0.407393D+00 -0.212312D+00
               136           137           138           139           140 
      1  -0.380945D+01 -0.162614D+00  0.111203D+01 -0.935091D+00  0.113964D+01
      2  -0.162614D+00  0.150649D+01  0.162846D+01  0.113964D+01  0.263690D+00
      3   0.111203D+01  0.162846D+01  0.235980D+01  0.121012D+01  0.104219D+01
               141           142           143           144           145 
      1   0.121012D+01 -0.110447D+01  0.287141D+00  0.165774D+01  0.184149D+01
      2   0.104219D+01  0.287141D+00  0.975696D+00  0.660292D+00  0.167925D+00
      3   0.128498D+01  0.165774D+01  0.660292D+00 -0.167110D+01 -0.854819D+00
               146           147           148           149           150 
      1   0.167925D+00 -0.854819D+00  0.832972D-01 -0.118701D+01 -0.446903D+00
      2  -0.774281D+00 -0.712266D+00 -0.118701D+01  0.420023D+00 -0.281400D+00
      3  -0.712266D+00 -0.276962D+00 -0.446903D+00 -0.281400D+00 -0.152974D+01
               151           152           153           154           155 
      1   0.816558D+00  0.452815D+00 -0.143493D+00  0.207899D+01  0.264594D-01
      2   0.452815D+00 -0.638541D+00 -0.238059D+00  0.264594D-01 -0.749661D+00
      3  -0.143493D+00 -0.238059D+00 -0.119917D+00 -0.420380D+00 -0.821721D+00
               156           157           158           159           160 
      1  -0.420380D+00  0.799141D+00  0.159840D+00 -0.789599D+00  0.157900D+00
      2  -0.821721D+00  0.159840D+00 -0.824219D+00 -0.883515D+00 -0.904340D+00
      3  -0.200594D+01 -0.789599D+00 -0.883515D+00  0.208873D+00 -0.114618D+01
               161           162           163           164           165 
      1  -0.904340D+00 -0.114618D+01  0.320133D+01  0.968226D+00 -0.261920D+01
      2  -0.155140D+00 -0.768240D+00  0.968226D+00 -0.150893D+00 -0.188508D+00
      3  -0.768240D+00  0.143530D+01 -0.261920D+01 -0.188508D+00  0.117294D+01
               166           167           168           169           170 
      1  -0.206179D+01 -0.227726D+00  0.460229D+00 -0.117490D+01 -0.164349D+00
