 Entering Gaussian System, Link 0=g16
 Input=FREE.INP
 Output=FREE.OUT
 Initial command:
 /usr/local/g16-A.03/sse4/g16/l1.exe "/scratch/zronyj/p2/cluster_202/Gau-15160.inp" -scrdir="/scratch/zronyj/p2/cluster_202/"
 Entering Link 1 = /usr/local/g16-A.03/sse4/g16/l1.exe PID=     15161.
  
 Copyright (c) 1988,1990,1992,1993,1995,1998,2003,2009,2016,
            Gaussian, Inc.  All Rights Reserved.
  
 This is part of the Gaussian(R) 16 program.  It is based on
 the Gaussian(R) 09 system (copyright 2009, Gaussian, Inc.),
 the Gaussian(R) 03 system (copyright 2003, Gaussian, Inc.),
 the Gaussian(R) 98 system (copyright 1998, Gaussian, Inc.),
 the Gaussian(R) 94 system (copyright 1995, Gaussian, Inc.),
 the Gaussian 92(TM) system (copyright 1992, Gaussian, Inc.),
 the Gaussian 90(TM) system (copyright 1990, Gaussian, Inc.),
 the Gaussian 88(TM) system (copyright 1988, Gaussian, Inc.),
 the Gaussian 86(TM) system (copyright 1986, Carnegie Mellon
 University), and the Gaussian 82(TM) system (copyright 1983,
 Carnegie Mellon University). Gaussian is a federally registered
 trademark of Gaussian, Inc.
  
 This software contains proprietary and confidential information,
 including trade secrets, belonging to Gaussian, Inc.
  
 This software is provided under written license and may be
 used, copied, transmitted, or stored only in accord with that
 written license.
  
 The following legend is applicable only to US Government
 contracts under FAR:
  
                    RESTRICTED RIGHTS LEGEND
  
 Use, reproduction and disclosure by the US Government is
 subject to restrictions as set forth in subparagraphs (a)
 and (c) of the Commercial Computer Software - Restricted
 Rights clause in FAR 52.227-19.
  
 Gaussian, Inc.
 340 Quinnipiac St., Bldg. 40, Wallingford CT 06492
  
  
 ---------------------------------------------------------------
 Warning -- This program may not be used in any manner that
 competes with the business of Gaussian, Inc. or will provide
 assistance to any competitor of Gaussian, Inc.  The licensee
 of this program is prohibited from giving any competitor of
 Gaussian, Inc. access to this program.  By using this program,
 the user acknowledges that Gaussian, Inc. is engaged in the
 business of creating and licensing software in the field of
 computational chemistry and represents and warrants to the
 licensee that it is not a competitor of Gaussian, Inc. and that
 it will not use this program in any manner prohibited above.
 ---------------------------------------------------------------
  

 Cite this work as:
 Gaussian 16, Revision A.03,
 M. J. Frisch, G. W. Trucks, H. B. Schlegel, G. E. Scuseria, 
 M. A. Robb, J. R. Cheeseman, G. Scalmani, V. Barone, 
 G. A. Petersson, H. Nakatsuji, X. Li, M. Caricato, A. V. Marenich, 
 J. Bloino, B. G. Janesko, R. Gomperts, B. Mennucci, H. P. Hratchian, 
 J. V. Ortiz, A. F. Izmaylov, J. L. Sonnenberg, D. Williams-Young, 
 F. Ding, F. Lipparini, F. Egidi, J. Goings, B. Peng, A. Petrone, 
 T. Henderson, D. Ranasinghe, V. G. Zakrzewski, J. Gao, N. Rega, 
 G. Zheng, W. Liang, M. Hada, M. Ehara, K. Toyota, R. Fukuda, 
 J. Hasegawa, M. Ishida, T. Nakajima, Y. Honda, O. Kitao, H. Nakai, 
 T. Vreven, K. Throssell, J. A. Montgomery, Jr., J. E. Peralta, 
 F. Ogliaro, M. J. Bearpark, J. J. Heyd, E. N. Brothers, K. N. Kudin, 
 V. N. Staroverov, T. A. Keith, R. Kobayashi, J. Normand, 
 K. Raghavachari, A. P. Rendell, J. C. Burant, S. S. Iyengar, 
 J. Tomasi, M. Cossi, J. M. Millam, M. Klene, C. Adamo, R. Cammi, 
 J. W. Ochterski, R. L. Martin, K. Morokuma, O. Farkas, 
 J. B. Foresman, and D. J. Fox, Gaussian, Inc., Wallingford CT, 2016.
 
 ******************************************
 Gaussian 16:  ES64L-G16RevA.03 25-Dec-2016
                25-Aug-2023 
 ******************************************
 %chk=cluster_202.chk
 %mem=8GB
 %nproc=8
 Will use up to    8 processors via shared memory.
 ----------------------------------------------------------------------
 #b3lyp/6-311++G** scrf=(cpcm,Solvent=Water) nosymm freq=roa scf=(xqc,c
 onver=8) iop(2/11=1) geom=checkpoint guess=checkpoint
 ----------------------------------------------------------------------
 1/10=4,29=2,30=1,38=1,83=21/1,3;
 2/11=1,12=2,15=1,40=1/2;
 3/5=4,6=6,7=1111,11=2,14=-4,25=1,30=1,36=2,70=2101,71=2,72=1,74=-5,116=-2,140=1/1,2,3;
 4/5=1/1;
 5/5=2,6=8,8=3,13=1,38=6,53=1,98=1/2,8;
 8/6=4,10=90,11=11/1;
 10/13=10,15=4,31=1,49=111,72=3/2;
 11/6=3,8=1,9=11,15=111,16=1,31=1/1,2,10;
 10/6=1,31=1,49=111/2;
 6/7=2,8=2,9=2,10=2,28=1/1;
 7/8=1,10=1,25=1,30=1/1,2,3,16;
 1/10=4,30=1/3;
 99//99;
 ---------------
 ROA cluster_202
 ---------------
 Structure from the checkpoint file:  "cluster_202.chk"
 Charge =  0 Multiplicity = 1
 No Z-Matrix found in chk file; cartesian coordinates used.
  O                                                12.707163900000      6.550296460000     11.359667530000
  H                                                13.207191970000      7.354952180000     11.555964750000
  H                                                13.217195560000      5.854712500000     11.796700280000
  O                                                 8.970399500000      5.194882720000     12.262665130000
  H                                                 9.289713400000      4.913615800000     13.130952550000
  H                                                 9.261959650000      4.482539800000     11.672976110000
  O                                                13.100105090000      6.138359060000      8.360131710000
  H                                                12.954241730000      6.249724610000      9.320274560000
  H                                                13.038148100000      5.183091040000      8.236845680000
  O                                                 8.234648160000      0.797339370000     11.672497630000
  H                                                 9.002700970000      1.398814130000     11.748632700000
  H                                                 8.596993750000     -0.059114050000     11.937302010000
  O                                                 8.657857030000      7.293379330000     14.113577240000
  H                                                 9.012324870000      8.181003040000     13.956465890000
  H                                                 8.612587650000      6.903869280000     13.224311590000
  O                                                10.498806210000      2.433463360000     11.492544570000
  H                                                11.019504000000      1.918862990000     10.858009930000
  H                                                11.154704260000      2.662501780000     12.174726330000
  O                                                10.212917440000      3.860148930000      8.532186870000
  H                                                10.274291830000      3.518282470000      9.436460110000
  H                                                10.970609360000      3.442267330000      8.067107180000
  O                                                12.666647900000      2.459878560000     13.746170610000
  H                                                13.276887970000      2.483490400000     14.499309930000
  H                                                13.226340320000      2.393052850000     12.957200110000
  O                                                 7.704390290000      3.024690130000      7.275918750000
  H                                                 7.228764700000      3.863469980000      7.228061830000
  H                                                 8.550114450000      3.272428140000      7.704359580000
  O                                                13.263031910000      2.613326060000     10.826174310000
  H                                                13.685162460000      1.797817150000     10.501926000000
  H                                                13.973925910000      3.268074830000     10.772788880000
  O                                                12.498173560000      2.738212250000      7.471690980000
  H                                                12.861275620000      2.362887280000      8.286807550000
  H                                                12.366081260000      1.983079710000      6.881808530000
 Recover connectivity data from disk.
 Using perturbation frequencies:    0.085645

 GradGradGradGradGradGradGradGradGradGradGradGradGradGradGradGradGradGrad
 Berny optimization.
 Initialization pass.
 Trust Radius=3.00D-01 FncErr=1.00D-07 GrdErr=1.00D-07 EigMax=2.50D+02 EigMin=1.00D-04
 Number of steps in this run=      2 maximum allowed number of steps=      2.
 GradGradGradGradGradGradGradGradGradGradGradGradGradGradGradGradGradGrad

                          Input orientation:                          
 ---------------------------------------------------------------------
 Center     Atomic      Atomic             Coordinates (Angstroms)
 Number     Number       Type             X           Y           Z
 ---------------------------------------------------------------------
      1          8           0       12.707164    6.550296   11.359668
      2          1           0       13.207192    7.354952   11.555965
      3          1           0       13.217196    5.854713   11.796700
      4          8           0        8.970400    5.194883   12.262665
      5          1           0        9.289713    4.913616   13.130953
      6          1           0        9.261960    4.482540   11.672976
      7          8           0       13.100105    6.138359    8.360132
      8          1           0       12.954242    6.249725    9.320275
      9          1           0       13.038148    5.183091    8.236846
     10          8           0        8.234648    0.797339   11.672498
     11          1           0        9.002701    1.398814   11.748633
     12          1           0        8.596994   -0.059114   11.937302
     13          8           0        8.657857    7.293379   14.113577
     14          1           0        9.012325    8.181003   13.956466
     15          1           0        8.612588    6.903869   13.224312
     16          8           0       10.498806    2.433463   11.492545
     17          1           0       11.019504    1.918863   10.858010
     18          1           0       11.154704    2.662502   12.174726
     19          8           0       10.212917    3.860149    8.532187
     20          1           0       10.274292    3.518282    9.436460
     21          1           0       10.970609    3.442267    8.067107
     22          8           0       12.666648    2.459879   13.746171
     23          1           0       13.276888    2.483490   14.499310
     24          1           0       13.226340    2.393053   12.957200
     25          8           0        7.704390    3.024690    7.275919
     26          1           0        7.228765    3.863470    7.228062
     27          1           0        8.550114    3.272428    7.704360
     28          8           0       13.263032    2.613326   10.826174
     29          1           0       13.685162    1.797817   10.501926
     30          1           0       13.973926    3.268075   10.772789
     31          8           0       12.498174    2.738212    7.471691
     32          1           0       12.861276    2.362887    8.286808
     33          1           0       12.366081    1.983080    6.881809
 ---------------------------------------------------------------------
                    Distance matrix (angstroms):
                    1          2          3          4          5
     1  O    0.000000
     2  H    0.967487   0.000000
     3  H    0.966937   1.519465   0.000000
     4  O    4.076268   4.807883   4.322936   0.000000
     5  H    4.182719   4.877228   4.253353   0.966952   0.000000
     6  H    4.030287   4.881527   4.188324   0.969625   1.520622
     7  O    3.053082   3.421245   3.450242   5.759721   6.227344
     8  H    2.076178   2.506755   2.521480   5.063729   5.453001
     9  H    3.425028   3.970152   3.627078   5.723106   6.170548
    10  O    7.293680   8.230556   7.100579   4.497557   4.492659
    11  H    6.357052   7.293178   6.133458   3.830850   3.787745
    12  H    7.804580   8.738863   7.505956   5.277289   5.160688
    13  O    4.953088   5.219351   5.312744   2.815537   2.651050
    14  H    4.801500   4.903231   5.268506   3.433312   3.381455
    15  H    4.513033   4.908895   4.933682   1.993346   2.104358
    16  O    4.673630   5.617867   4.380308   3.248777   3.208963
    17  H    4.954799   5.901202   4.604552   4.111471   4.138477
    18  H    4.264903   5.158940   3.819291   3.345426   3.075723
    19  O    4.631717   5.506593   4.864259   4.152329   4.807364
    20  H    4.337131   5.273921   4.437378   3.535330   4.070089
    21  H    4.849373   5.699433   4.977641   4.967414   5.534691
    22  O    4.735880   5.389892   3.953282   4.831489   4.219361
    23  H    5.169222   5.692036   4.321204   5.558783   4.865745
    24  H    4.483785   5.155994   3.651018   5.142535   4.677655
    25  O    7.357625   8.206753   7.670562   5.583919   6.353165
    26  H    7.368993   8.164728   7.790944   5.491191   6.339908
    27  H    6.433254   7.293164   6.722878   4.964939   5.717378
    28  O    4.011651   4.797784   3.383875   5.211011   5.137178
    29  H    4.927298   5.676372   4.284137   6.072005   5.994994
    30  H    3.566804   4.231290   2.883007   5.564854   5.496416
    31  O    5.449039   6.204699   5.379152   6.436913   6.859580
    32  H    5.196212   5.977270   4.963756   6.242320   6.536667
    33  H    6.405234   7.170231   6.314277   7.127408   7.556711
                    6          7          8          9         10
     6  H    0.000000
     7  O    5.333670   0.000000
     8  H    4.721344   0.977524   0.000000
     9  H    5.153384   0.965181   1.522684   0.000000
    10  O    3.825712   7.948014   7.585250   7.356095   0.000000
    11  H    3.095530   7.122777   6.711403   6.552727   0.978506
    12  H    4.597681   8.454752   8.101598   7.803713   0.966917
    13  O    3.771246   7.360012   6.521034   7.627335   6.952446
    14  H    4.353765   7.225047   6.384576   7.609782   7.767869
    15  H    2.948078   6.662137   5.875319   6.886326   6.311947
    16  O    2.400221   5.504999   5.031080   4.960674   2.799231
    17  H    3.213343   5.326579   4.986402   4.647646   3.110728
    18  H    2.673345   5.515188   4.924875   5.040599   3.501113
    19  O    3.340097   3.681806   3.721023   3.133581   4.812058
    20  H    2.637539   4.001063   3.828369   3.442320   4.069833
    21  H    4.123584   3.448119   3.658831   2.708135   5.242134
    22  O    4.470033   6.536706   5.833884   6.156830   5.167860
    23  H    5.301322   7.146945   6.411788   6.823731   6.021475
    24  H    4.661706   5.930960   5.308030   5.486481   5.395716
    25  O    4.887275   6.323305   6.491624   5.833614   4.957032
    26  H    4.926905   6.397604   6.546194   6.042183   5.492355
    27  H    4.209633   5.417196   5.556241   4.906793   4.687398
    28  O    4.496622   4.305086   3.947972   3.654981   5.412829
    29  H    5.305075   4.875436   4.663692   4.124233   5.663859
    30  H    4.948524   3.850066   3.469840   3.312699   6.312948
    31  O    5.582701   3.565480   3.994494   2.618104   6.292171
    32  H    5.377187   3.783729   4.022959   2.826186   5.943023
    33  H    6.232027   4.471082   4.949375   3.539473   6.436258
                   11         12         13         14         15
    11  H    0.000000
    12  H    1.525041   0.000000
    13  O    6.360643   7.668053   0.000000
    14  H    7.132511   8.494060   0.968611   0.000000
    15  H    5.712744   7.080944   0.971885   1.525421   0.000000
    16  O    1.836957   3.166645   5.820454   6.427655   5.151831
    17  H    2.265205   3.308447   6.712788   7.269360   6.020209
    18  H    2.531715   3.742385   5.606997   6.182090   5.055016
    19  O    4.227093   5.437522   6.734776   7.038040   5.817330
    20  H    3.384558   4.676035   6.224118   6.615435   5.345211
    21  H    4.647795   5.733422   7.532575   7.808652   6.643772
    22  O    4.305871   5.116582   6.290320   6.791875   6.037946
    23  H    5.197251   5.910172   6.679766   7.137424   6.551417
    24  H    4.504251   5.337056   6.798636   7.228888   6.457982
    25  O    4.932976   5.659954   8.116919   8.539787   7.159346
    26  H    5.445819   6.279782   7.824123   8.191068   6.863964
    27  H    4.480113   5.386945   7.566884   7.962197   6.607658
    28  O    4.525084   5.490761   7.342857   7.672435   6.766569
    29  H    4.861988   5.603388   8.277622   8.632168   7.695074
    30  H    5.399952   6.429438   7.458186   7.673992   6.926248
    31  O    5.683709   6.556365   8.922569   9.155731   8.095871
    32  H    5.272786   6.113616   8.713766   8.989434   7.940454
    33  H    5.944718   6.628317   9.708176   9.985625   8.861728
                   16         17         18         19         20
    16  O    0.000000
    17  H    0.968800   0.000000
    18  H    0.973670   1.518229   0.000000
    19  O    3.298618   3.135064   3.948343   0.000000
    20  H    2.335535   2.265897   3.000931   0.968684   0.000000
    21  H    3.601931   3.179983   4.185028   0.982355   1.538104
    22  O    3.127150   3.368568   2.190084   5.930192   5.041546
    23  H    4.094005   4.321302   3.152681   6.847603   5.976523
    24  H    3.096174   3.082464   2.230817   5.551021   4.730364
    25  O    5.092960   5.004419   6.002846   2.927270   3.393518
    26  H    5.560926   5.597117   6.428438   3.256673   3.777752
    27  H    4.341844   4.227947   5.209614   1.948237   2.456299
    28  O    2.849095   2.348768   2.503209   4.014990   3.418014
    29  H    3.396798   2.692059   3.154229   4.493281   3.966013
    30  H    3.645694   3.249037   3.206269   4.417696   3.941532
    31  O    4.500845   3.784832   4.891746   2.757859   3.068302
    32  H    3.982837   3.193801   4.256532   3.052180   3.057634
    33  H    4.994842   4.198520   5.472114   3.298977   3.641246
                   21         22         23         24         25
    21  H    0.000000
    22  O    6.007778   0.000000
    23  H    6.900102   0.969623   0.000000
    24  H    5.486546   0.969637   1.545586   0.000000
    25  O    3.386523   8.173565   9.139092   7.947821   0.000000
    26  H    3.857825   8.603859   9.557991   8.423542   0.965433
    27  H    2.453411   7.355920   8.314816   7.087505   0.979890
    28  O    3.681684   2.984225   3.675456   2.142694   6.608482
    29  H    4.000170   3.464220   4.076262   2.567722   6.905214
    30  H    4.046105   3.347112   3.871485   2.469048   7.182925
    31  O    1.784283   6.282909   7.075218   5.544382   4.806324
    32  H    2.188138   5.463692   6.227557   4.684736   5.296541
    33  H    2.341261   6.887463   7.688063   6.149675   4.792874
                   26         27         28         29         30
    26  H    0.000000
    27  H    1.523862   0.000000
    28  O    7.135941   5.691374   0.000000
    29  H    7.527960   6.030719   0.973851   0.000000
    30  H    7.643087   6.231614   0.967944   1.522632   0.000000
    31  O    5.393721   3.990826   3.442842   3.387567   3.654565
    32  H    5.924346   4.444392   2.583120   2.429988   2.870097
    33  H    5.481586   4.111035   4.093868   3.857402   4.401830
                   31         32         33
    31  O    0.000000
    32  H    0.968053   0.000000
    33  H    0.967282   1.537366   0.000000
 Symmetry turned off by external request.
 Stoichiometry    H22O11
 Framework group  C1[X(H22O11)]
 Deg. of freedom    93
 Full point group                 C1      NOp   1
 Rotational constants (GHZ):           0.3292971           0.2846655           0.2552292
 Standard basis: 6-311++G(d,p) (5D, 7F)
   396 basis functions,   594 primitive gaussians,   407 cartesian basis functions
    55 alpha electrons       55 beta electrons
       nuclear repulsion energy       726.0430454834 Hartrees.
 NAtoms=   33 NActive=   33 NUniq=   33 SFac= 1.00D+00 NAtFMM=   60 NAOKFM=F Big=F
 Integral buffers will be    131072 words long.
 Raffenetti 2 integral format.
 Two-electron integral symmetry is turned off.
 Force inversion solution in PCM.
 ------------------------------------------------------------------------------
 Polarizable Continuum Model (PCM)
 =================================
 Model                : C-PCM.
 Atomic radii         : UFF (Universal Force Field).
 Polarization charges : Total charges.
 Charge compensation  : None.
 Solution method      : Matrix inversion.
 Cavity type          : Scaled VdW (van der Waals Surface) (Alpha=1.100).
 Cavity algorithm     : GePol (No added spheres)
                        Default sphere list used, NSphG=   33.
                        Lebedev-Laikov grids with approx.  5.0 points / Ang**2.
                        Smoothing algorithm: York/Karplus (Gamma=1.0000).
                        Polarization charges: spherical gaussians, with
                                              point-specific exponents (IZeta= 3).
                        Self-potential: point-specific (ISelfS= 7).
                        Self-field    : sphere-specific E.n sum rule (ISelfD= 2).
 1st derivatives      : Analytical E(r).r(x)/FMM algorithm (CHGder, D1EAlg=3).
                        Cavity 1st derivative terms included.
 2nd derivatives      : Analytical E(r).r(xy)/FMM algorithm (CHGder, D2EAlg=3).
                        Cavity 2nd derivative terms included.
 Solvent              : Water, Eps=  78.355300 Eps(inf)=   1.777849
 ------------------------------------------------------------------------------
 One-electron integrals computed using PRISM.
 NBasis=   396 RedAO= T EigKep=  3.53D-04  NBF=   396
 NBsUse=   396 1.00D-06 EigRej= -1.00D+00 NBFU=   396
 Initial guess from the checkpoint file:  "cluster_202.chk"
 B after Tr=     0.000000    0.000000    0.000000
         Rot=    1.000000    0.000000    0.000000    0.000000 Ang=   0.00 deg.
 Requested convergence on RMS density matrix=1.00D-08 within  32 cycles.
 Requested convergence on MAX density matrix=1.00D-06.
 Requested convergence on             energy=1.00D-06.
 No special actions if energy rises.
 Inv3:  Mode=1 IEnd=    32709612.
 Iteration    1 A*A^-1 deviation from unit magnitude is 9.21D-15 for   1227.
 Iteration    1 A*A^-1 deviation from orthogonality  is 3.09D-15 for   1542   1227.
 Iteration    1 A^-1*A deviation from unit magnitude is 8.10D-15 for   1227.
 Iteration    1 A^-1*A deviation from orthogonality  is 2.05D-15 for   1503   1261.
 Error on total polarization charges =  0.01797
 SCF Done:  E(RB3LYP) =  -841.168823260     A.U. after   10 cycles
            NFock= 10  Conv=0.30D-08     -V/T= 2.0036
 QCSCF skips out because SCF is already converged.
 DoSCS=F DFT=T ScalE2(SS,OS)=  1.000000  1.000000
 Range of M.O.s used for correlation:     1   396
 NBasis=   396 NAE=    55 NBE=    55 NFC=     0 NFV=     0
 NROrb=    396 NOA=    55 NOB=    55 NVA=   341 NVB=   341

 **** Warning!!: The largest alpha MO coefficient is  0.11995164D+02

 NEqPCM:  Using non-equilibrium solvation (IEInf=1, Eps=  78.3553, EpsInf=   1.7778)
 Inv3:  Mode=1 IEnd=    32709612.
 Iteration    1 A*A^-1 deviation from unit magnitude is 9.21D-15 for   1227.
 Iteration    1 A*A^-1 deviation from orthogonality  is 3.09D-15 for   1542   1227.
 Iteration    1 A^-1*A deviation from unit magnitude is 8.10D-15 for   1227.
 Iteration    1 A^-1*A deviation from orthogonality  is 2.05D-15 for   1503   1261.
          Differentiating once with respect to electric field.
                with respect to dipole field.
                with respect to quadrupole field.
          Differentiating once with respect to magnetic field using GIAOs.
          Electric field/nuclear overlap derivatives assumed to be zero.
 FoFJK:  IHMeth= 1 ICntrl=    6127 DoSepK=F KAlg= 0 I1Cent=           0 FoldK=F
 IRaf=         1 NMat=       1 IRICut=       1 DoRegI=T DoRafI=F ISym2E= 0 IDoP0=0 IntGTp=1.
 CalDSu exits because no D1Ps are significant.
          There are    12 degrees of freedom in the 1st order CPHF.  IDoFFX=0 NUNeed=    12.
     11 vectors produced by pass  0 Test12= 3.13D-13 8.33D-09 XBig12= 1.00D+00 1.82D-01.
 AX will form    11 AO Fock derivatives at one time.
     11 vectors produced by pass  1 Test12= 3.13D-13 8.33D-09 XBig12= 8.64D-02 3.84D-02.
     11 vectors produced by pass  2 Test12= 3.13D-13 8.33D-09 XBig12= 2.91D-02 2.57D-02.
     11 vectors produced by pass  3 Test12= 3.13D-13 8.33D-09 XBig12= 1.72D-03 8.01D-03.
     11 vectors produced by pass  4 Test12= 3.13D-13 8.33D-09 XBig12= 5.47D-05 1.11D-03.
     11 vectors produced by pass  5 Test12= 3.13D-13 8.33D-09 XBig12= 2.29D-06 1.61D-04.
     11 vectors produced by pass  6 Test12= 3.13D-13 8.33D-09 XBig12= 6.66D-08 2.81D-05.
     11 vectors produced by pass  7 Test12= 3.13D-13 8.33D-09 XBig12= 1.46D-09 3.42D-06.
     11 vectors produced by pass  8 Test12= 3.13D-13 8.33D-09 XBig12= 3.77D-11 5.25D-07.
      9 vectors produced by pass  9 Test12= 3.13D-13 8.33D-09 XBig12= 5.68D-13 6.96D-08.
 InvSVY:  IOpt=1 It=  1 EMax= 3.41D-13
 Solved reduced A of dimension   108 with    12 vectors.
 Isotropic polarizability for W=    0.085645      103.75 Bohr**3.
 Dipole-magnetic dipole polarizability for W=    0.085645:
                 1             2             3 
      1   0.930722D+01  0.100748D+04 -0.358653D+03
      2  -0.102002D+04  0.196890D+02  0.110083D+04
      3   0.362711D+03 -0.103432D+04 -0.289542D+02
 DQ contribution to OR G for W=    0.085645:
                 1             2             3 
      1   0.166472D+02  0.348508D+04 -0.126332D+04
      2  -0.350701D+04  0.426825D+02  0.361313D+04
      3   0.127333D+04 -0.348295D+04 -0.593297D+02
 Optical Rotation G' tensor for W=    0.085645:
                 1             2             3 
      1  -0.470798D+00  0.394964D+00  0.237224D+00
      2   0.394964D+00  0.847116D+00 -0.354209D+00
      3   0.237224D+00 -0.354209D+00 -0.334291D+00
 OR G Eigenvalues:    -0.8175    -0.1570     1.0166  Iso=    -0.0140
 Eigenvectors:
   (1)   0.748633  -0.303090  -0.589648
   (2)   0.625684   0.028879   0.779542
   (3)   0.219243   0.952524  -0.211258
 w=    0.085645 a.u., Optical Rotation Beta=     -0.0140 au.
 Molar Mass =    198.1672 grams/mole, [Alpha] ( 5320.0 A) =       -3.35 deg.
 End of Minotr F.D. properties on file   721 Mask=       B NFrqRd=     1 NDeriv=     1 ND12= 1 LenFil=      39:
 Frequencies=    0.085645
 Property number 1 -- Alpha(-w,w) frequency  1    0.085645:
                 1             2             3 
      1   0.102983D+03  0.788410D+00  0.464266D+00
      2   0.788410D+00  0.101409D+03  0.297933D+01
      3   0.464266D+00  0.297933D+01  0.106846D+03
 Property number 2 -- FD Optical Rotation Tensor frequency  1    0.085645:
                 1             2             3 
      1   0.930722D+01  0.100748D+04 -0.358653D+03
      2  -0.102002D+04  0.196890D+02  0.110083D+04
      3   0.362711D+03 -0.103432D+04 -0.289542D+02
 Property number 4 -- D-Q polarizability frequency  1    0.085645:
                 1             2             3 
      1   0.279460D+04 -0.518997D+03 -0.144704D+04
      2  -0.140712D+04  0.952796D+03 -0.139655D+04
      3  -0.138748D+04 -0.433799D+03  0.284359D+04
      4   0.754333D+03  0.207583D+04  0.600162D+02
      5   0.205997D+04  0.766634D+02  0.222565D+04
      6   0.173337D+02  0.208853D+04  0.829516D+03
 End of Minotr F.D. properties file   722 does not exist.
 End of Minotr F.D. properties file   788 does not exist.
 Symmetrizing basis deriv contribution to polar:
 IMax=3 JMax=2 DiffMx= 0.00D+00
 G2DrvN: will do    34 centers at a time, making    1 passes.
 PxScal for G2LodP:  IOpCl= 0 ISclPx=1 IMOff=     1 NMtTot=    25 NTT=   78606 ScalPx= 1.63D+02
 Calling FoFCou, ICntrl=  3107 FMM=F I1Cent=   0 AccDes= 0.00D+00.
 PxScal for G2LodP:  IOpCl= 0 ISclPx=0 IMOff=     1 NMtTot=    25 NTT=   78606 ScalPx= 1.00D+00
 NEqPCM:  Using non-equilibrium solvation (IEInf=1, Eps=  78.3553, EpsInf=   1.7778)
 G2PCM: DoFxE=T DoFxN=T DoGrad=T DoDP/DQ/DG/TGxP=TTTF NFrqRd=   1 IEInf=1 SqF1=F DoCFld=F IF1Alg=4.
 End of G2Drv F.D. properties on file   721 Mask=       B NFrqRd=     1 NDeriv=     1 ND12= 1 LenFil=      39:
 Frequencies=    0.085645
 Property number 1 -- Alpha(-w,w) frequency  1    0.085645:
                 1             2             3 
      1   0.102983D+03  0.788410D+00  0.464266D+00
      2   0.788410D+00  0.101409D+03  0.297933D+01
      3   0.464266D+00  0.297933D+01  0.106846D+03
 Property number 2 -- FD Optical Rotation Tensor frequency  1    0.085645:
                 1             2             3 
      1   0.930722D+01  0.100748D+04 -0.358653D+03
      2  -0.102002D+04  0.196890D+02  0.110083D+04
      3   0.362711D+03 -0.103432D+04 -0.289542D+02
 Property number 4 -- D-Q polarizability frequency  1    0.085645:
                 1             2             3 
      1   0.279460D+04 -0.518997D+03 -0.144704D+04
      2  -0.140712D+04  0.952796D+03 -0.139655D+04
      3  -0.138748D+04 -0.433799D+03  0.284359D+04
      4   0.754333D+03  0.207583D+04  0.600162D+02
      5   0.205997D+04  0.766634D+02  0.222565D+04
      6   0.173337D+02  0.208853D+04  0.829516D+03
 End of G2Drv F.D. properties on file   722 Mask=       B NFrqRd=     1 NDeriv=    99 ND12= 1 LenFil=    3567:
 Frequencies=    0.085645
 Property number 1 -- Alpha(-w,w) derivatives, frequency  1    0.085645:
                 1             2             3             4             5 
      1   0.112276D+00 -0.982328D+00 -0.420249D+00  0.431206D+00 -0.229286D+00
      2  -0.982328D+00  0.609835D-01  0.157789D+01 -0.229286D+00  0.132323D+01
      3  -0.420249D+00  0.157789D+01  0.196216D+01 -0.115890D+00 -0.251138D+00
                 6             7             8             9            10 
      1  -0.115890D+00  0.154717D+01  0.144365D+01  0.378913D+00 -0.177057D+00
      2  -0.251138D+00  0.144365D+01 -0.103365D+01 -0.747548D+00  0.335575D+00
      3  -0.112397D+00  0.378913D+00 -0.747548D+00 -0.688039D-01  0.238200D+00
                11            12            13            14            15 
      1   0.335575D+00  0.238200D+00 -0.906224D+00 -0.105142D+00  0.350957D+00
      2  -0.898597D+00 -0.881614D+00 -0.105142D+00 -0.704771D+00 -0.167200D+00
      3  -0.881614D+00 -0.793404D+00  0.350957D+00 -0.167200D+00 -0.434277D-01
                16            17            18            19            20 
      1  -0.779971D+00 -0.729337D+00 -0.178649D+00 -0.117696D+00  0.475154D+00
      2  -0.729337D+00 -0.113072D+00  0.163198D+00  0.475154D+00  0.857514D+00
      3  -0.178649D+00  0.163198D+00  0.127157D+00  0.189308D+00 -0.662087D+00
                21            22            23            24            25 
      1   0.189308D+00  0.509252D+00  0.253751D+00 -0.284574D+00 -0.109131D+01
      2  -0.662087D+00  0.253751D+00 -0.620793D+00  0.353156D+00 -0.682911D+00
      3  -0.109296D+01 -0.284574D+00  0.353156D+00  0.242671D+00 -0.142650D+00
                26            27            28            29            30 
      1  -0.682911D+00 -0.142650D+00  0.279599D+01  0.361526D+00 -0.112930D+01
      2   0.104972D+01  0.265784D+00  0.361526D+00 -0.731499D+00 -0.369593D+00
      3   0.265784D+00  0.655722D-01 -0.112930D+01 -0.369593D+00  0.147177D-01
                31            32            33            34            35 
      1   0.843265D+00 -0.408678D+00 -0.494213D+00  0.211318D+00  0.137717D+00
      2  -0.408678D+00 -0.140803D+01  0.392191D+00  0.137717D+00  0.152794D+00
      3  -0.494213D+00  0.392191D+00  0.109631D+01 -0.839130D+00  0.727950D+00
                36            37            38            39            40 
      1  -0.839130D+00 -0.188381D+01 -0.208299D+00  0.837693D+00 -0.414695D+00
      2   0.727950D+00 -0.208299D+00  0.441218D+00 -0.419233D-01  0.427647D+00
      3   0.812468D+00  0.837693D+00 -0.419233D-01 -0.446159D+00 -0.242065D+00
                41            42            43            44            45 
      1   0.427647D+00 -0.242065D+00 -0.426727D+00 -0.774647D+00  0.538923D+00
      2   0.320302D+00  0.281483D+00 -0.774647D+00  0.764460D-01 -0.733986D-01
      3   0.281483D+00  0.689395D-01  0.538923D+00 -0.733986D-01 -0.204992D+00
                46            47            48            49            50 
      1  -0.727544D+00 -0.237331D+00  0.634095D-01  0.835838D-02 -0.217194D-01
      2  -0.237331D+00  0.502482D+00  0.458962D+00 -0.217194D-01  0.980523D+00
      3   0.634095D-01  0.458962D+00  0.556581D+00  0.823187D+00 -0.869443D+00
                51            52            53            54            55 
      1   0.823187D+00  0.283555D+00  0.805422D+00  0.635890D-01 -0.439936D+01
      2  -0.869443D+00  0.805422D+00 -0.417696D+00 -0.693406D+00 -0.262453D+01
      3  -0.971951D+00  0.635890D-01 -0.693406D+00  0.365855D+00  0.217663D+01
                56            57            58            59            60 
      1  -0.262453D+01  0.217663D+01 -0.824132D+00  0.106948D+01 -0.802094D+00
      2   0.898820D+00 -0.117886D+01  0.106948D+01  0.240484D+01 -0.518581D+00
      3  -0.117886D+01  0.225982D+01 -0.802094D+00 -0.518581D+00 -0.284518D+00
                61            62            63            64            65 
      1  -0.517129D+00 -0.132612D+01  0.143163D+01  0.249104D+01  0.146334D+01
      2  -0.132612D+01  0.269406D+00 -0.428426D+00  0.146334D+01 -0.505836D+00
      3   0.143163D+01 -0.428426D+00 -0.253739D+01 -0.794237D+00  0.747381D+00
                66            67            68            69            70 
      1  -0.794237D+00 -0.475124D+00  0.257017D-01  0.363833D+00  0.162472D+00
      2   0.747381D+00  0.257017D-01  0.115992D+00 -0.100583D-01  0.822182D+00
      3  -0.144407D+01  0.363833D+00 -0.100583D-01 -0.343888D-01 -0.134754D+01
                71            72            73            74            75 
      1   0.822182D+00 -0.134754D+01  0.217322D+01  0.143965D+01 -0.132761D+01
      2  -0.147147D+00  0.742960D+00  0.143965D+01 -0.491600D+00  0.364490D+00
      3   0.742960D+00  0.253259D+01 -0.132761D+01  0.364490D+00 -0.902330D+00
                76            77            78            79            80 
      1   0.124492D+01 -0.104939D+01  0.505704D+00  0.707641D+00  0.500974D+00
      2  -0.104939D+01 -0.266253D+01  0.453820D+00  0.500974D+00 -0.274198D-01
      3   0.505704D+00  0.453820D+00  0.350140D+00 -0.109084D+00 -0.283308D-01
                81            82            83            84            85 
      1  -0.109084D+00 -0.110826D+01 -0.990391D+00 -0.169981D+01 -0.835032D+00
      2  -0.283308D-01 -0.990391D+00 -0.757355D+00 -0.949952D+00 -0.120996D+01
      3  -0.170795D+00 -0.169981D+01 -0.949952D+00  0.215366D+01  0.420850D+00
                86            87            88            89            90 
      1  -0.120996D+01  0.420850D+00 -0.271301D+01 -0.999420D+00  0.294940D+01
      2  -0.779033D+00  0.151984D+00 -0.999420D+00  0.427904D+00  0.256277D+01
      3   0.151984D+00 -0.819634D+00  0.294940D+01  0.256277D+01 -0.438642D+00
                91            92            93            94            95 
      1   0.957218D+00  0.932789D+00  0.163735D+01  0.109483D+01  0.314469D+00
      2   0.932789D+00  0.177510D+01  0.760898D+00  0.314469D+00 -0.238171D+00
      3   0.163735D+01  0.760898D+00 -0.136537D+01  0.785626D+00 -0.948102D-02
                96            97            98            99           100 
      1   0.785626D+00  0.233772D+01  0.159847D+01 -0.188747D+01 -0.938908D-01
      2  -0.948102D-02  0.159847D+01  0.649740D+00 -0.160230D+01 -0.253741D+00
      3  -0.709533D+00 -0.188747D+01 -0.160230D+01  0.123390D+00  0.504695D+00
               101           102           103           104           105 
      1  -0.253741D+00  0.504695D+00 -0.337058D+00  0.711484D+00 -0.859591D+00
      2  -0.987072D+00  0.504170D+00  0.711484D+00  0.652562D+00 -0.389317D-02
      3   0.504170D+00 -0.780163D+00 -0.859591D+00 -0.389317D-02  0.142795D+01
               106           107           108           109           110 
      1   0.752123D+00 -0.195717D+00 -0.120100D+01  0.242300D+01 -0.264980D+01
      2  -0.195717D+00 -0.842114D+00 -0.112065D+01 -0.264980D+01  0.237569D+01
      3  -0.120100D+01 -0.112065D+01  0.108203D+00 -0.197989D+01  0.123203D+01
               111           112           113           114           115 
      1  -0.197989D+01 -0.391909D+00  0.746492D+00  0.154745D+01 -0.123952D+01
      2   0.123203D+01  0.746492D+00 -0.784600D+00  0.120235D-01  0.810420D+00
      3   0.348082D-01  0.154745D+01  0.120235D-01  0.719837D-01 -0.893354D+00
               116           117           118           119           120 
      1   0.810420D+00 -0.893354D+00 -0.116879D+01  0.136278D+01  0.682921D+00
      2  -0.854936D+00  0.145332D+01  0.136278D+01 -0.138681D+01 -0.744370D+00
      3   0.145332D+01  0.248969D+01  0.682921D+00 -0.744370D+00  0.234434D+00
               121           122           123           124           125 
      1  -0.389042D+00  0.256756D+00 -0.937217D+00  0.189672D-01 -0.367431D-01
      2   0.256756D+00 -0.316482D+00 -0.513355D+00 -0.367431D-01  0.725405D+00
      3  -0.937217D+00 -0.513355D+00  0.179834D+00  0.228157D+00 -0.495392D-02
               126           127           128           129           130 
      1   0.228157D+00 -0.147605D+01  0.156387D+01  0.156708D+01  0.565119D+00
      2  -0.495392D-02  0.156387D+01 -0.129804D+01 -0.517843D+00 -0.111123D+01
      3   0.100623D+00  0.156708D+01 -0.517843D+00 -0.340779D+00 -0.589144D+00
               131           132           133           134           135 
      1  -0.111123D+01 -0.589144D+00  0.118632D+01 -0.875144D+00  0.764571D+00
      2   0.148664D+01  0.571514D+00 -0.875144D+00  0.362470D+00 -0.144700D+01
      3   0.571514D+00 -0.652796D+00  0.764571D+00 -0.144700D+01 -0.315441D+01
               136           137           138           139           140 
      1  -0.340641D+00  0.597405D-02 -0.637592D+00 -0.639380D+00  0.347317D+00
      2   0.597405D-02  0.376616D+00 -0.718056D+00  0.347317D+00  0.125377D+01
      3  -0.637592D+00 -0.718056D+00 -0.592644D+00 -0.128913D+01 -0.507289D+00
               141           142           143           144           145 
      1  -0.128913D+01 -0.609325D+00 -0.772060D+00 -0.822893D+00  0.115910D+00
      2  -0.507289D+00 -0.772060D+00 -0.167540D+01  0.104106D+01  0.658314D-01
      3   0.502496D+00 -0.822893D+00  0.104106D+01 -0.172947D+00 -0.343417D+00
               146           147           148           149           150 
      1   0.658314D-01 -0.343417D+00  0.304823D+00 -0.172737D+00  0.276842D+00
      2  -0.346814D+00 -0.958896D-01 -0.172737D+00  0.221217D+00  0.340722D+00
      3  -0.958896D-01  0.368123D+00  0.276842D+00  0.340722D+00 -0.163270D+00
               151           152           153           154           155 
      1  -0.344894D+00 -0.676196D-01  0.441464D+00  0.388709D+00  0.361497D+00
      2  -0.676196D-01  0.147529D+01 -0.593794D+00  0.361497D+00  0.174325D+00
      3   0.441464D+00 -0.593794D+00 -0.208234D+00  0.100223D+01  0.784394D+00
               156           157           158           159           160 
      1   0.100223D+01  0.383469D+00 -0.315702D+00  0.766202D+00  0.711296D+00
      2   0.784394D+00 -0.315702D+00 -0.130355D+01  0.316534D+00  0.561441D+00
      3   0.316870D+00  0.766202D+00  0.316534D+00  0.234462D+00  0.835811D+00
               161           162           163           164           165 
      1   0.561441D+00  0.835811D+00 -0.291566D+00  0.140981D+01  0.173772D+01
      2   0.243276D-01 -0.240526D+00  0.140981D+01 -0.554830D+00 -0.414643D+00
      3  -0.240526D+00  0.104765D+01  0.173772D+01 -0.414643D+00 -0.315862D-01
               166           167           168           169           170 
      1   0.144580D+01  0.566672D+00  0.398563D+00  0.132465D+01 -0.397675D+00
