 Entering Gaussian System, Link 0=g16
 Input=FREE.INP
 Output=FREE.OUT
 Initial command:
 /usr/local/g16-A.03/sse4/g16/l1.exe "/scratch/zronyj/p2/cluster_424/Gau-20498.inp" -scrdir="/scratch/zronyj/p2/cluster_424/"
 Entering Link 1 = /usr/local/g16-A.03/sse4/g16/l1.exe PID=     20499.
  
 Copyright (c) 1988,1990,1992,1993,1995,1998,2003,2009,2016,
            Gaussian, Inc.  All Rights Reserved.
  
 This is part of the Gaussian(R) 16 program.  It is based on
 the Gaussian(R) 09 system (copyright 2009, Gaussian, Inc.),
 the Gaussian(R) 03 system (copyright 2003, Gaussian, Inc.),
 the Gaussian(R) 98 system (copyright 1998, Gaussian, Inc.),
 the Gaussian(R) 94 system (copyright 1995, Gaussian, Inc.),
 the Gaussian 92(TM) system (copyright 1992, Gaussian, Inc.),
 the Gaussian 90(TM) system (copyright 1990, Gaussian, Inc.),
 the Gaussian 88(TM) system (copyright 1988, Gaussian, Inc.),
 the Gaussian 86(TM) system (copyright 1986, Carnegie Mellon
 University), and the Gaussian 82(TM) system (copyright 1983,
 Carnegie Mellon University). Gaussian is a federally registered
 trademark of Gaussian, Inc.
  
 This software contains proprietary and confidential information,
 including trade secrets, belonging to Gaussian, Inc.
  
 This software is provided under written license and may be
 used, copied, transmitted, or stored only in accord with that
 written license.
  
 The following legend is applicable only to US Government
 contracts under FAR:
  
                    RESTRICTED RIGHTS LEGEND
  
 Use, reproduction and disclosure by the US Government is
 subject to restrictions as set forth in subparagraphs (a)
 and (c) of the Commercial Computer Software - Restricted
 Rights clause in FAR 52.227-19.
  
 Gaussian, Inc.
 340 Quinnipiac St., Bldg. 40, Wallingford CT 06492
  
  
 ---------------------------------------------------------------
 Warning -- This program may not be used in any manner that
 competes with the business of Gaussian, Inc. or will provide
 assistance to any competitor of Gaussian, Inc.  The licensee
 of this program is prohibited from giving any competitor of
 Gaussian, Inc. access to this program.  By using this program,
 the user acknowledges that Gaussian, Inc. is engaged in the
 business of creating and licensing software in the field of
 computational chemistry and represents and warrants to the
 licensee that it is not a competitor of Gaussian, Inc. and that
 it will not use this program in any manner prohibited above.
 ---------------------------------------------------------------
  

 Cite this work as:
 Gaussian 16, Revision A.03,
 M. J. Frisch, G. W. Trucks, H. B. Schlegel, G. E. Scuseria, 
 M. A. Robb, J. R. Cheeseman, G. Scalmani, V. Barone, 
 G. A. Petersson, H. Nakatsuji, X. Li, M. Caricato, A. V. Marenich, 
 J. Bloino, B. G. Janesko, R. Gomperts, B. Mennucci, H. P. Hratchian, 
 J. V. Ortiz, A. F. Izmaylov, J. L. Sonnenberg, D. Williams-Young, 
 F. Ding, F. Lipparini, F. Egidi, J. Goings, B. Peng, A. Petrone, 
 T. Henderson, D. Ranasinghe, V. G. Zakrzewski, J. Gao, N. Rega, 
 G. Zheng, W. Liang, M. Hada, M. Ehara, K. Toyota, R. Fukuda, 
 J. Hasegawa, M. Ishida, T. Nakajima, Y. Honda, O. Kitao, H. Nakai, 
 T. Vreven, K. Throssell, J. A. Montgomery, Jr., J. E. Peralta, 
 F. Ogliaro, M. J. Bearpark, J. J. Heyd, E. N. Brothers, K. N. Kudin, 
 V. N. Staroverov, T. A. Keith, R. Kobayashi, J. Normand, 
 K. Raghavachari, A. P. Rendell, J. C. Burant, S. S. Iyengar, 
 J. Tomasi, M. Cossi, J. M. Millam, M. Klene, C. Adamo, R. Cammi, 
 J. W. Ochterski, R. L. Martin, K. Morokuma, O. Farkas, 
 J. B. Foresman, and D. J. Fox, Gaussian, Inc., Wallingford CT, 2016.
 
 ******************************************
 Gaussian 16:  ES64L-G16RevA.03 25-Dec-2016
                28-Aug-2023 
 ******************************************
 %chk=cluster_424.chk
 %mem=8GB
 %nproc=4
 Will use up to    4 processors via shared memory.
 ----------------------------------------------------------------------
 #b3lyp/6-311++G** scrf=(cpcm,Solvent=Water) nosymm freq=roa scf=(xqc,c
 onver=8) iop(2/11=1) geom=checkpoint guess=checkpoint
 ----------------------------------------------------------------------
 1/10=4,29=2,30=1,38=1,83=21/1,3;
 2/11=1,12=2,15=1,40=1/2;
 3/5=4,6=6,7=1111,11=2,14=-4,25=1,30=1,36=2,70=2101,71=2,72=1,74=-5,116=-2,140=1/1,2,3;
 4/5=1/1;
 5/5=2,6=8,8=3,13=1,38=6,53=1,98=1/2,8;
 8/6=4,10=90,11=11/1;
 10/13=10,15=4,31=1,49=111,72=3/2;
 11/6=3,8=1,9=11,15=111,16=1,31=1/1,2,10;
 10/6=1,31=1,49=111/2;
 6/7=2,8=2,9=2,10=2,28=1/1;
 7/8=1,10=1,25=1,30=1/1,2,3,16;
 1/10=4,30=1/3;
 99//99;
 ---------------
 ROA cluster_424
 ---------------
 Structure from the checkpoint file:  "cluster_424.chk"
 Charge =  0 Multiplicity = 1
 No Z-Matrix found in chk file; cartesian coordinates used.
  O                                                17.021125220000     13.897387240000     14.349508980000
  H                                                17.354276280000     14.677914920000     14.815710570000
  H                                                16.304208130000     13.537204400000     14.914105060000
  O                                                18.540580950000      6.902963050000     13.790511460000
  H                                                17.974589980000      7.238104580000     14.497467700000
  H                                                19.434768150000      7.057144180000     14.129576820000
  O                                                18.653542450000     11.732906970000     14.616418610000
  H                                                18.061808120000     11.050927750000     14.273938150000
  H                                                18.140772870000     12.560392000000     14.489459120000
  O                                                18.182535090000     10.415306050000     18.554257090000
  H                                                18.056456760000     11.251831350000     19.053818320000
  H                                                18.251588570000     10.723997760000     17.638400990000
  O                                                15.222899080000      8.852173890000     18.325429390000
  H                                                14.381074300000      8.714013650000     18.777980510000
  H                                                15.512499820000      9.751091690000     18.550445720000
  O                                                17.595075970000     13.322627740000     19.488217890000
  H                                                16.651721200000     13.167322060000     19.679806730000
  H                                                17.994212430000     13.526671940000     20.344921420000
  O                                                14.887919850000     12.443039480000     15.734384640000
  H                                                15.004111360000     11.492221810000     15.578610630000
  H                                                14.040436770000     12.656328140000     15.317538120000
  O                                                15.397459880000      8.588676900000     15.506206700000
  H                                                15.330036330000      8.624745820000     16.481431970000
  H                                                14.541910080000      8.246753450000     15.221296830000
  O                                                14.869145660000     12.275245260000     18.784175590000
  H                                                13.918143320000     12.393925280000     18.643727940000
  H                                                15.234613960000     12.559906780000     17.929459320000
  O                                                17.589463850000      7.643474960000     17.909796030000
  H                                                17.976678280000      8.471623640000     18.241246420000
  H                                                16.655130760000      7.775567620000     18.141833130000
 Recover connectivity data from disk.
 Using perturbation frequencies:    0.085645

 GradGradGradGradGradGradGradGradGradGradGradGradGradGradGradGradGradGrad
 Berny optimization.
 Initialization pass.
 Trust Radius=3.00D-01 FncErr=1.00D-07 GrdErr=1.00D-07 EigMax=2.50D+02 EigMin=1.00D-04
 Number of steps in this run=      2 maximum allowed number of steps=      2.
 GradGradGradGradGradGradGradGradGradGradGradGradGradGradGradGradGradGrad

                          Input orientation:                          
 ---------------------------------------------------------------------
 Center     Atomic      Atomic             Coordinates (Angstroms)
 Number     Number       Type             X           Y           Z
 ---------------------------------------------------------------------
      1          8           0       17.021125   13.897387   14.349509
      2          1           0       17.354276   14.677915   14.815711
      3          1           0       16.304208   13.537204   14.914105
      4          8           0       18.540581    6.902963   13.790511
      5          1           0       17.974590    7.238105   14.497468
      6          1           0       19.434768    7.057144   14.129577
      7          8           0       18.653542   11.732907   14.616419
      8          1           0       18.061808   11.050928   14.273938
      9          1           0       18.140773   12.560392   14.489459
     10          8           0       18.182535   10.415306   18.554257
     11          1           0       18.056457   11.251831   19.053818
     12          1           0       18.251589   10.723998   17.638401
     13          8           0       15.222899    8.852174   18.325429
     14          1           0       14.381074    8.714014   18.777981
     15          1           0       15.512500    9.751092   18.550446
     16          8           0       17.595076   13.322628   19.488218
     17          1           0       16.651721   13.167322   19.679807
     18          1           0       17.994212   13.526672   20.344921
     19          8           0       14.887920   12.443039   15.734385
     20          1           0       15.004111   11.492222   15.578611
     21          1           0       14.040437   12.656328   15.317538
     22          8           0       15.397460    8.588677   15.506207
     23          1           0       15.330036    8.624746   16.481432
     24          1           0       14.541910    8.246753   15.221297
     25          8           0       14.869146   12.275245   18.784176
     26          1           0       13.918143   12.393925   18.643728
     27          1           0       15.234614   12.559907   17.929459
     28          8           0       17.589464    7.643475   17.909796
     29          1           0       17.976678    8.471624   18.241246
     30          1           0       16.655131    7.775568   18.141833
 ---------------------------------------------------------------------
                    Distance matrix (angstroms):
                    1          2          3          4          5
     1  O    0.000000
     2  H    0.968275   0.000000
     3  H    0.981056   1.553559   0.000000
     4  O    7.179359   7.931471   7.090627   0.000000
     5  H    6.728821   7.472406   6.530116   0.965636   0.000000
     6  H    7.256925   7.929399   7.239273   0.968663   1.516645
     7  O    2.724152   3.225040   2.977159   4.901351   4.547348
     8  H    3.031677   3.734857   3.111357   4.203396   3.820366
     9  H    1.749501   2.282306   2.123077   5.714445   5.324887
    10  O    5.581547   5.729972   5.150249   5.929420   5.157072
    11  H    5.495580   5.494785   5.042869   6.844664   6.072647
    12  H    4.732996   4.940264   4.373581   5.430477   4.700387
    13  O    6.670513   7.127423   5.895411   5.947429   4.983002
    14  H    7.310854   7.752911   6.472337   6.742125   5.780524
    15  H    6.092256   6.450889   5.308901   6.319659   5.366901
    16  O    5.202509   4.871048   4.757614   8.635388   7.878645
    17  H    5.392729   5.141489   4.792650   8.803055   7.985126
    18  H    6.085170   5.683929   5.687705   9.334470   8.587152
    19  O    2.929774   3.452759   1.968738   6.914696   6.176475
    20  H    3.371032   4.031617   2.512722   6.063432   5.300012
    21  H    3.370729   3.914100   2.462389   7.462193   6.745904
    22  O    5.670683   6.433097   5.065639   3.957834   3.079480
    23  H    5.933433   6.596441   5.247645   4.529148   3.585046
    24  H    6.231868   7.030913   5.584705   4.454468   3.650287
    25  O    5.189280   5.262833   4.316178   8.202288   7.307013
    26  H    5.507196   5.628262   4.572798   8.664370   7.760716
    27  H    4.218592   4.321384   3.345370   7.749924   6.899827
    28  O    7.218731   7.688434   6.735139   4.292026   3.457836
    29  H    6.745192   7.116160   6.287061   4.752654   3.941758
    30  H    7.210572   7.693783   6.613459   4.821863   3.912958
                    6          7          8          9         10
     6  H    0.000000
     7  O    4.765510   0.000000
     8  H    4.225656   0.965680   0.000000
     9  H    5.664775   0.981724   1.526816   0.000000
    10  O    5.694132   4.179054   4.328940   4.596272   0.000000
    11  H    6.613872   4.503161   4.784103   4.748980   0.982462
    12  H    5.211293   3.211206   3.385633   3.646979   0.968943
    13  O    6.210246   5.815900   5.413733   6.081080   3.354875
    14  H    7.063476   6.684781   6.268602   6.879053   4.170798
    15  H    6.495046   5.410204   5.145587   5.593889   2.751415
    16  O    8.447235   5.232780   5.706766   5.085900   3.109648
    17  H    8.711181   5.630518   5.974185   5.433723   3.344226
    18  H    9.086281   6.038878   6.556731   5.936465   3.594794
    19  O    7.228908   3.991748   3.760910   3.484920   4.787262
    20  H    6.434309   3.781810   3.353568   3.487963   4.485153
    21  H    7.865172   4.756576   4.453969   4.184217   5.714500
    22  O    4.532169   4.613023   3.831438   4.932957   4.514845
    23  H    4.983716   4.917787   4.268719   5.230440   3.954676
    24  H    5.152386   5.424451   4.598974   5.665234   5.391233
    25  O    8.350975   5.655616   5.659884   5.406426   3.806676
    26  H    8.904602   6.251413   6.169981   5.925897   4.701912
    27  H    7.896885   4.832105   4.861366   4.503261   3.698638
    28  O    4.247233   5.357430   5.005328   6.014875   2.906907
    29  H    4.586132   4.922752   4.732821   5.551654   1.979458
    30  H    4.933631   5.664162   5.259975   6.200122   3.077544
                   11         12         13         14         15
    11  H    0.000000
    12  H    1.523184   0.000000
    13  O    3.783907   3.626113   0.000000
    14  H    4.474935   4.507722   0.965691   0.000000
    15  H    2.996218   3.046470   0.970852   1.551588   0.000000
    16  O    2.165588   3.256641   5.192712   5.663353   4.239388
    17  H    2.456471   3.563249   4.743034   5.079477   3.774111
    18  H    2.616433   3.904674   5.797366   6.218661   4.861486
    19  O    4.741017   4.230207   4.440725   4.840042   3.945489
    20  H    4.631595   3.921608   3.816115   4.282824   3.481637
    21  H    5.662227   5.182095   4.991715   5.256666   4.589015
    22  O    5.171867   4.153540   2.836885   3.428302   3.260649
    23  H    4.577348   3.779008   1.861056   2.486490   2.362788
    24  H    6.005893   5.073544   3.235107   3.590849   3.779988
    25  O    3.358428   3.893596   3.471744   3.594527   2.615317
    26  H    4.312562   4.751641   3.787836   3.711345   3.087919
    27  H    3.307271   3.543644   3.728835   4.029815   2.890032
    28  O    3.814067   3.162544   2.689672   3.491928   3.027583
    29  H    2.897618   2.347805   2.781224   3.643515   2.793710
    30  H    3.857440   3.390481   1.801132   2.541003   2.318462
                   16         17         18         19         20
    16  O    0.000000
    17  H    0.975061   0.000000
    18  H    0.966894   1.540712   0.000000
    19  O    4.711012   4.382001   5.663953   0.000000
    20  H    5.034731   4.726562   5.983094   0.970474   0.000000
    21  H    5.520325   5.109727   6.454798   0.968236   1.533614
    22  O    6.564771   6.321084   7.385126   3.894587   2.930962
    23  H    6.020071   5.710644   6.786256   3.915726   3.023860
    24  H    7.300201   6.967181   8.126959   4.241674   3.297631
    25  O    3.003894   2.185299   3.710531   3.054461   3.302573
    26  H    3.885291   3.023913   4.559771   3.067109   3.374513
    27  H    2.929719   2.332566   3.792687   2.225356   2.592214
    28  O    5.894423   5.875814   6.380099   5.921704   5.189540
    29  H    5.023226   5.086703   5.475333   5.621115   5.004977
    30  H    5.784991   5.606816   6.302534   5.541131   4.807233
                   21         22         23         24         25
    21  H    0.000000
    22  O    4.292190   0.000000
    23  H    4.389917   0.978218   0.000000
    24  H    4.439041   0.964391   1.533611   0.000000
    25  O    3.584628   4.961349   4.340644   5.387943   0.000000
    26  H    3.338765   5.149013   4.568991   5.413054   0.968615
    27  H    2.873585   4.655034   4.194208   5.139774   0.972183
    28  O    6.666640   3.387555   2.847478   4.108474   5.442239
    29  H    6.446225   3.761185   3.181997   4.579115   4.941565
    30  H    6.215713   3.031404   2.287774   3.635554   4.883589
                   26         27         28         29         30
    26  H    0.000000
    27  H    1.506926   0.000000
    28  O    6.048473   5.451331   0.000000
    29  H    5.658458   4.932564   0.972432   0.000000
    30  H    5.391867   4.995285   0.971735   1.496952   0.000000
 Symmetry turned off by external request.
 Stoichiometry    H20O10
 Framework group  C1[X(H20O10)]
 Deg. of freedom    84
 Full point group                 C1      NOp   1
 Rotational constants (GHZ):           0.4734883           0.3593232           0.2866090
 Standard basis: 6-311++G(d,p) (5D, 7F)
   360 basis functions,   540 primitive gaussians,   370 cartesian basis functions
    50 alpha electrons       50 beta electrons
       nuclear repulsion energy       627.9860659207 Hartrees.
 NAtoms=   30 NActive=   30 NUniq=   30 SFac= 1.00D+00 NAtFMM=   60 NAOKFM=F Big=F
 Integral buffers will be    131072 words long.
 Raffenetti 2 integral format.
 Two-electron integral symmetry is turned off.
 Force inversion solution in PCM.
 ------------------------------------------------------------------------------
 Polarizable Continuum Model (PCM)
 =================================
 Model                : C-PCM.
 Atomic radii         : UFF (Universal Force Field).
 Polarization charges : Total charges.
 Charge compensation  : None.
 Solution method      : Matrix inversion.
 Cavity type          : Scaled VdW (van der Waals Surface) (Alpha=1.100).
 Cavity algorithm     : GePol (No added spheres)
                        Default sphere list used, NSphG=   30.
                        Lebedev-Laikov grids with approx.  5.0 points / Ang**2.
                        Smoothing algorithm: York/Karplus (Gamma=1.0000).
                        Polarization charges: spherical gaussians, with
                                              point-specific exponents (IZeta= 3).
                        Self-potential: point-specific (ISelfS= 7).
                        Self-field    : sphere-specific E.n sum rule (ISelfD= 2).
 1st derivatives      : Analytical E(r).r(x)/FMM algorithm (CHGder, D1EAlg=3).
                        Cavity 1st derivative terms included.
 2nd derivatives      : Analytical E(r).r(xy)/FMM algorithm (CHGder, D2EAlg=3).
                        Cavity 2nd derivative terms included.
 Solvent              : Water, Eps=  78.355300 Eps(inf)=   1.777849
 ------------------------------------------------------------------------------
 One-electron integrals computed using PRISM.
 NBasis=   360 RedAO= T EigKep=  4.57D-04  NBF=   360
 NBsUse=   360 1.00D-06 EigRej= -1.00D+00 NBFU=   360
 Initial guess from the checkpoint file:  "cluster_424.chk"
 B after Tr=     0.000000    0.000000    0.000000
         Rot=    1.000000    0.000000    0.000000    0.000000 Ang=   0.00 deg.
 Requested convergence on RMS density matrix=1.00D-08 within  32 cycles.
 Requested convergence on MAX density matrix=1.00D-06.
 Requested convergence on             energy=1.00D-06.
 No special actions if energy rises.
 Inv3:  Mode=1 IEnd=    27488187.
 Iteration    1 A*A^-1 deviation from unit magnitude is 9.10D-15 for    756.
 Iteration    1 A*A^-1 deviation from orthogonality  is 2.59D-15 for   3010    388.
 Iteration    1 A^-1*A deviation from unit magnitude is 9.33D-15 for    756.
 Iteration    1 A^-1*A deviation from orthogonality  is 1.93D-15 for   3009   2996.
 Error on total polarization charges =  0.01700
 SCF Done:  E(RB3LYP) =  -764.703897397     A.U. after   10 cycles
            NFock= 10  Conv=0.31D-08     -V/T= 2.0036
 QCSCF skips out because SCF is already converged.
 DoSCS=F DFT=T ScalE2(SS,OS)=  1.000000  1.000000
 Range of M.O.s used for correlation:     1   360
 NBasis=   360 NAE=    50 NBE=    50 NFC=     0 NFV=     0
 NROrb=    360 NOA=    50 NOB=    50 NVA=   310 NVB=   310

 **** Warning!!: The largest alpha MO coefficient is  0.11544278D+02

 NEqPCM:  Using non-equilibrium solvation (IEInf=1, Eps=  78.3553, EpsInf=   1.7778)
 Inv3:  Mode=1 IEnd=    27488187.
 Iteration    1 A*A^-1 deviation from unit magnitude is 9.10D-15 for    756.
 Iteration    1 A*A^-1 deviation from orthogonality  is 2.59D-15 for   3010    388.
 Iteration    1 A^-1*A deviation from unit magnitude is 9.33D-15 for    756.
 Iteration    1 A^-1*A deviation from orthogonality  is 1.93D-15 for   3009   2996.
          Differentiating once with respect to electric field.
                with respect to dipole field.
                with respect to quadrupole field.
          Differentiating once with respect to magnetic field using GIAOs.
          Electric field/nuclear overlap derivatives assumed to be zero.
 FoFJK:  IHMeth= 1 ICntrl=    6127 DoSepK=F KAlg= 0 I1Cent=           0 FoldK=F
 IRaf=         1 NMat=       1 IRICut=       1 DoRegI=T DoRafI=F ISym2E= 0 IDoP0=0 IntGTp=1.
 CalDSu exits because no D1Ps are significant.
          There are    12 degrees of freedom in the 1st order CPHF.  IDoFFX=0 NUNeed=    12.
     11 vectors produced by pass  0 Test12= 2.58D-13 8.33D-09 XBig12= 1.00D+00 1.99D-01.
 AX will form    11 AO Fock derivatives at one time.
     11 vectors produced by pass  1 Test12= 2.58D-13 8.33D-09 XBig12= 9.43D-02 4.99D-02.
     11 vectors produced by pass  2 Test12= 2.58D-13 8.33D-09 XBig12= 3.82D-02 3.59D-02.
     11 vectors produced by pass  3 Test12= 2.58D-13 8.33D-09 XBig12= 1.75D-03 8.89D-03.
     11 vectors produced by pass  4 Test12= 2.58D-13 8.33D-09 XBig12= 4.57D-05 1.25D-03.
     11 vectors produced by pass  5 Test12= 2.58D-13 8.33D-09 XBig12= 2.02D-06 1.55D-04.
     11 vectors produced by pass  6 Test12= 2.58D-13 8.33D-09 XBig12= 5.13D-08 3.00D-05.
     11 vectors produced by pass  7 Test12= 2.58D-13 8.33D-09 XBig12= 8.74D-10 3.30D-06.
     11 vectors produced by pass  8 Test12= 2.58D-13 8.33D-09 XBig12= 3.45D-11 5.08D-07.
      9 vectors produced by pass  9 Test12= 2.58D-13 8.33D-09 XBig12= 4.93D-13 6.27D-08.
 InvSVY:  IOpt=1 It=  1 EMax= 3.98D-13
 Solved reduced A of dimension   108 with    12 vectors.
 Isotropic polarizability for W=    0.085645       95.52 Bohr**3.
 Dipole-magnetic dipole polarizability for W=    0.085645:
                 1             2             3 
      1  -0.130435D+02  0.156196D+04 -0.889908D+03
      2  -0.150698D+04  0.507136D+02  0.147288D+04
      3   0.970314D+03 -0.159049D+04 -0.378753D+02
 DQ contribution to OR G for W=    0.085645:
                 1             2             3 
      1  -0.258259D+02  0.508617D+04 -0.315071D+04
      2  -0.497795D+04  0.101788D+03  0.489777D+04
      3   0.330716D+04 -0.513178D+04 -0.759625D+02
 Optical Rotation G' tensor for W=    0.085645:
                 1             2             3 
      1  -0.373434D-01 -0.218135D+00 -0.545048D+00
      2  -0.218135D+00 -0.123430D-01  0.149353D+00
      3  -0.545048D+00  0.149353D+00 -0.155610D+00
 OR G Eigenvalues:    -0.6468    -0.1284     0.5699  Iso=     0.0684
 Eigenvectors:
   (1)   0.677302   0.060260   0.733233
   (2)   0.265199   0.909639  -0.319728
   (3)   0.686244  -0.411005  -0.600120
 w=    0.085645 a.u., Optical Rotation Beta=      0.0684 au.
 Molar Mass =    180.1520 grams/mole, [Alpha] ( 5320.0 A) =       18.02 deg.
 End of Minotr F.D. properties on file   721 Mask=       B NFrqRd=     1 NDeriv=     1 ND12= 1 LenFil=      39:
 Frequencies=    0.085645
 Property number 1 -- Alpha(-w,w) frequency  1    0.085645:
                 1             2             3 
      1   0.942408D+02 -0.133197D+01 -0.853297D+00
      2  -0.133197D+01  0.996290D+02  0.197215D+01
      3  -0.853297D+00  0.197215D+01  0.926808D+02
 Property number 2 -- FD Optical Rotation Tensor frequency  1    0.085645:
                 1             2             3 
      1  -0.130435D+02  0.156196D+04 -0.889908D+03
      2  -0.150698D+04  0.507136D+02  0.147288D+04
      3   0.970314D+03 -0.159049D+04 -0.378753D+02
 Property number 4 -- D-Q polarizability frequency  1    0.085645:
                 1             2             3 
      1   0.398044D+04 -0.145529D+04 -0.201768D+04
      2  -0.199228D+04  0.266792D+04 -0.188918D+04
      3  -0.198816D+04 -0.121262D+04  0.390686D+04
      4   0.185186D+04  0.313950D+04  0.531775D+02
      5   0.296027D+04  0.273516D+02  0.290960D+04
      6  -0.486109D+02  0.319699D+04  0.193809D+04
 End of Minotr F.D. properties file   722 does not exist.
 End of Minotr F.D. properties file   788 does not exist.
 Symmetrizing basis deriv contribution to polar:
 IMax=3 JMax=2 DiffMx= 0.00D+00
 G2DrvN: will do    31 centers at a time, making    1 passes.
 PxScal for G2LodP:  IOpCl= 0 ISclPx=1 IMOff=     1 NMtTot=    25 NTT=   64980 ScalPx= 1.83D+02
 Calling FoFCou, ICntrl=  3107 FMM=F I1Cent=   0 AccDes= 0.00D+00.
 PxScal for G2LodP:  IOpCl= 0 ISclPx=0 IMOff=     1 NMtTot=    25 NTT=   64980 ScalPx= 1.00D+00
 NEqPCM:  Using non-equilibrium solvation (IEInf=1, Eps=  78.3553, EpsInf=   1.7778)
 G2PCM: DoFxE=T DoFxN=T DoGrad=T DoDP/DQ/DG/TGxP=TTTF NFrqRd=   1 IEInf=1 SqF1=F DoCFld=F IF1Alg=4.
 End of G2Drv F.D. properties on file   721 Mask=       B NFrqRd=     1 NDeriv=     1 ND12= 1 LenFil=      39:
 Frequencies=    0.085645
 Property number 1 -- Alpha(-w,w) frequency  1    0.085645:
                 1             2             3 
      1   0.942408D+02 -0.133197D+01 -0.853297D+00
      2  -0.133197D+01  0.996290D+02  0.197215D+01
      3  -0.853297D+00  0.197215D+01  0.926808D+02
 Property number 2 -- FD Optical Rotation Tensor frequency  1    0.085645:
                 1             2             3 
      1  -0.130435D+02  0.156196D+04 -0.889908D+03
      2  -0.150698D+04  0.507136D+02  0.147288D+04
      3   0.970314D+03 -0.159049D+04 -0.378753D+02
 Property number 4 -- D-Q polarizability frequency  1    0.085645:
                 1             2             3 
      1   0.398044D+04 -0.145529D+04 -0.201768D+04
      2  -0.199228D+04  0.266792D+04 -0.188918D+04
      3  -0.198816D+04 -0.121262D+04  0.390686D+04
      4   0.185186D+04  0.313950D+04  0.531775D+02
      5   0.296027D+04  0.273516D+02  0.290960D+04
      6  -0.486109D+02  0.319699D+04  0.193809D+04
 End of G2Drv F.D. properties on file   722 Mask=       B NFrqRd=     1 NDeriv=    90 ND12= 1 LenFil=    3243:
 Frequencies=    0.085645
 Property number 1 -- Alpha(-w,w) derivatives, frequency  1    0.085645:
                 1             2             3             4             5 
      1   0.305422D+00  0.376792D+00 -0.791685D+00  0.913027D+00  0.180619D+00
      2   0.376792D+00  0.130299D+01 -0.311687D+01  0.180619D+00 -0.324182D-02
      3  -0.791685D+00 -0.311687D+01  0.315565D+01 -0.894095D+00  0.124636D+01
                 6             7             8             9            10 
      1  -0.894095D+00 -0.593359D+00 -0.248241D+01  0.193021D+01 -0.919078D-01
      2   0.124636D+01 -0.248241D+01  0.296149D+01 -0.259701D+01  0.160966D+00
      3  -0.168574D+01  0.193021D+01 -0.259701D+01  0.295697D+01 -0.263204D+00
                11            12            13            14            15 
      1   0.160966D+00 -0.263204D+00 -0.374408D+00 -0.331961D+00 -0.135821D+00
      2  -0.447720D+00  0.111104D+01 -0.331961D+00 -0.533943D+00  0.355969D-01
      3   0.111104D+01 -0.812314D+00 -0.135821D+00  0.355969D-01  0.386368D+00
                16            17            18            19            20 
      1  -0.901246D-01  0.389953D+00 -0.299519D+00 -0.755410D+00  0.324076D+00
      2   0.389953D+00 -0.209614D+01  0.135777D+01  0.324076D+00 -0.441009D+00
      3  -0.299519D+00  0.135777D+01 -0.121816D+01  0.133677D+01  0.120040D+01
                21            22            23            24            25 
      1   0.133677D+01 -0.276798D+00  0.209162D+00  0.686352D+00  0.826572D+00
      2   0.120040D+01  0.209162D+00  0.588591D+00 -0.125130D+01  0.158838D+01
      3  -0.202528D+01  0.686352D+00 -0.125130D+01  0.589960D+00 -0.184258D+01
                26            27            28            29            30 
      1   0.158838D+01 -0.184258D+01  0.362076D+00 -0.729998D+00 -0.958601D+00
      2  -0.967277D+00  0.998398D+00 -0.729998D+00  0.520564D+00  0.611873D-01
      3   0.998398D+00 -0.111705D+01 -0.958601D+00  0.611873D-01  0.701533D+00
                31            32            33            34            35 
      1  -0.175291D+00 -0.797932D+00  0.641460D+00 -0.557702D+00  0.756528D+00
      2  -0.797932D+00  0.381785D+01  0.314485D+00  0.756528D+00 -0.105727D+01
      3   0.641460D+00  0.314485D+00 -0.195682D+01  0.497638D+00 -0.165264D+01
                36            37            38            39            40 
      1   0.497638D+00 -0.182322D+00  0.105540D+00  0.273110D+00  0.365414D+00
      2  -0.165264D+01  0.105540D+00  0.253499D+00 -0.697934D+00  0.177039D+00
      3   0.153055D+00  0.273110D+00 -0.697934D+00 -0.734444D+00 -0.570364D+00
                41            42            43            44            45 
      1   0.177039D+00 -0.570364D+00  0.873104D+00 -0.853815D+00 -0.837252D+00
      2  -0.211108D+01 -0.450175D-01 -0.853815D+00  0.577381D+00  0.116774D+01
      3  -0.450175D-01  0.127809D+01 -0.837252D+00  0.116774D+01  0.391697D+00
                46            47            48            49            50 
      1  -0.138600D+00  0.543803D+00  0.619536D+00 -0.223041D+00  0.685985D+00
      2   0.543803D+00 -0.722167D+00  0.650121D+00  0.685985D+00 -0.182984D+01
      3   0.619536D+00  0.650121D+00  0.722802D-01 -0.934410D-01 -0.317752D+00
                51            52            53            54            55 
      1  -0.934410D-01 -0.317923D+00  0.112120D+00  0.356820D+00 -0.732576D+00
      2  -0.317752D+00  0.112120D+00  0.415415D+00  0.405793D+00 -0.233344D-01
      3   0.704126D+00  0.356820D+00  0.405793D+00 -0.588517D+00  0.229073D+01
                56            57            58            59            60 
      1  -0.233344D-01  0.229073D+01  0.367870D+00  0.205514D+01 -0.219169D+00
      2   0.148643D+01 -0.359155D+00  0.205514D+01 -0.149978D+01  0.656206D-01
      3  -0.359155D+00 -0.332800D+01 -0.219169D+00  0.656206D-01 -0.284156D+00
                61            62            63            64            65 
      1   0.295896D+01 -0.169855D+00 -0.344891D+01  0.744151D-02 -0.609984D+00
      2  -0.169855D+00  0.464577D+00 -0.116460D+00 -0.609984D+00 -0.163995D+00
      3  -0.344891D+01 -0.116460D+00  0.302605D+01 -0.943993D+00  0.394412D+00
                66            67            68            69            70 
      1  -0.943993D+00 -0.631097D+00 -0.597808D+00 -0.718489D+00 -0.147821D+01
      2   0.394412D+00 -0.597808D+00 -0.222849D+00 -0.373789D-01 -0.419264D+00
      3   0.194590D+01 -0.718489D+00 -0.373789D-01  0.119707D+01  0.138908D+01
                71            72            73            74            75 
      1  -0.419264D+00  0.138908D+01  0.992519D+00  0.300470D+00 -0.152633D+01
      2  -0.110790D+00  0.196781D+00  0.300470D+00 -0.155269D+01  0.600948D+00
      3   0.196781D+00 -0.108294D+01 -0.152633D+01  0.600948D+00  0.768576D+00
                76            77            78            79            80 
      1   0.212633D-01 -0.118840D+01  0.139184D+01 -0.143264D+01  0.913999D+00
      2  -0.118840D+01  0.199143D+01 -0.529445D+00  0.913999D+00 -0.545307D+00
      3   0.139184D+01 -0.529445D+00 -0.415759D+00  0.197701D+01  0.339131D+00
                81            82            83            84            85 
      1   0.197701D+01 -0.454378D+01  0.577940D+00 -0.189131D+01  0.806738D+00
      2   0.339131D+00  0.577940D+00  0.513015D-01  0.141490D+00 -0.290421D+00
      3  -0.257158D+01 -0.189131D+01  0.141490D+00 -0.509427D+00  0.103716D+01
                86            87            88            89            90 
      1  -0.290421D+00  0.103716D+01 -0.171303D+01  0.779053D+00  0.929157D+00
      2   0.181983D+00 -0.225014D+01  0.779053D+00 -0.950386D+00 -0.109998D+01
      3  -0.225014D+01 -0.549571D+00  0.929157D+00 -0.109998D+01  0.242721D+01
                91            92            93            94            95 
      1   0.181355D+01 -0.333054D+00  0.668722D+00 -0.909675D+00  0.505920D+00
      2  -0.333054D+00 -0.189783D+00 -0.215652D+00  0.505920D+00  0.851119D+00
      3   0.668722D+00 -0.215652D+00 -0.209225D+00 -0.166285D+01  0.182467D+01
                96            97            98            99           100 
      1  -0.166285D+01 -0.497917D+00 -0.889859D+00 -0.631112D+00  0.239033D+01
      2   0.182467D+01 -0.889859D+00  0.658068D+00  0.668369D+00 -0.292125D+00
      3  -0.206180D-01 -0.631112D+00  0.668369D+00  0.459211D-01  0.968936D+00
               101           102           103           104           105 
      1  -0.292125D+00  0.968936D+00 -0.747620D+00  0.893182D-02  0.180706D+00
      2   0.984651D-02 -0.188640D+00  0.893182D-02 -0.751613D-01 -0.803057D-02
      3  -0.188640D+00  0.556575D+00  0.180706D+00 -0.803057D-02  0.933418D+00
               106           107           108           109           110 
      1   0.209806D+01 -0.236735D+00 -0.714093D-02  0.182869D+01  0.533626D+00
      2  -0.236735D+00  0.445226D-01  0.556814D+00  0.533626D+00 -0.127187D+01
      3  -0.714093D-02  0.556814D+00 -0.196884D+01 -0.127056D+00  0.961899D+00
               111           112           113           114           115 
      1  -0.127056D+00 -0.140277D+01 -0.168838D+01  0.628811D-01  0.215580D+01
      2   0.961899D+00 -0.168838D+01 -0.872190D+00 -0.641983D+00 -0.332392D+00
      3  -0.221132D+01  0.628811D-01 -0.641983D+00  0.235487D+01  0.321599D+00
               116           117           118           119           120 
      1  -0.332392D+00  0.321599D+00  0.510751D+00  0.101727D+00 -0.292952D-01
      2  -0.122204D+01  0.194105D+01  0.101727D+00  0.628557D+00 -0.816687D+00
      3   0.194105D+01 -0.628315D+00 -0.292952D-01 -0.816687D+00  0.157875D+01
               121           122           123           124           125 
      1   0.149835D+00  0.140812D+00  0.320388D+00 -0.175926D+01 -0.430209D+00
      2   0.140812D+00 -0.173880D+00  0.268895D+00 -0.430209D+00 -0.111329D-01
      3   0.320388D+00  0.268895D+00 -0.327198D+00  0.122679D+00 -0.288787D+00
               126           127           128           129           130 
      1   0.122679D+00 -0.123235D+01  0.593520D-01 -0.944515D-01  0.868676D+00
      2  -0.288787D+00  0.593520D-01  0.289303D+00 -0.417538D+00  0.794605D+00
      3   0.254142D+00 -0.944515D-01 -0.417538D+00  0.677446D+00 -0.258274D+00
               131           132           133           134           135 
      1   0.794605D+00 -0.258274D+00 -0.662561D+00  0.521715D+00 -0.126244D+00
      2   0.157510D+01  0.122319D+01  0.521715D+00  0.143648D+01 -0.860280D+00
      3   0.122319D+01 -0.178782D+01 -0.126244D+00 -0.860280D+00  0.323492D+00
               136           137           138           139           140 
      1   0.243110D+01  0.137907D+01  0.531409D+00  0.269489D+00 -0.130028D+01
      2   0.137907D+01 -0.367626D+00 -0.148849D+00 -0.130028D+01 -0.447976D+01
      3   0.531409D+00 -0.148849D+00 -0.106052D+01  0.129290D+00 -0.145486D+01
               141           142           143           144           145 
      1   0.129290D+00 -0.382165D-01  0.449133D+00 -0.440169D+00 -0.266818D+01
      2  -0.145486D+01  0.449133D+00  0.283506D+01  0.563967D-01 -0.746250D+00
      3   0.462454D-01 -0.440169D+00  0.563967D-01  0.282065D+00 -0.660382D-01
               146           147           148           149           150 
      1  -0.746250D+00 -0.660382D-01 -0.150375D-01  0.762146D+00  0.776090D-01
      2   0.866135D+00  0.179450D+00  0.762146D+00  0.276880D+01  0.720419D+00
      3   0.179450D+00  0.127816D+01  0.776090D-01  0.720419D+00 -0.402402D+00
               151           152           153           154           155 
      1   0.484848D+00  0.561581D+00  0.924557D+00 -0.296661D+00 -0.251586D+00
      2   0.561581D+00 -0.105711D+01  0.834152D-01 -0.251586D+00 -0.405864D+00
      3   0.924557D+00  0.834152D-01  0.739696D-01 -0.108717D+00  0.146980D+00
               156           157           158           159           160 
      1  -0.108717D+00 -0.321551D-02  0.452372D+00 -0.542257D-01 -0.387789D+00
      2   0.146980D+00  0.452372D+00  0.161548D+01  0.432993D+00 -0.730685D+00
      3   0.113860D+00 -0.542257D-01  0.432993D+00 -0.405736D+00 -0.300913D+00
               161           162           163           164           165 
      1  -0.730685D+00 -0.300913D+00  0.470957D+00 -0.759407D+00 -0.816347D+00
      2  -0.186797D+01 -0.429927D+00 -0.759407D+00 -0.656766D+00  0.233130D+00
      3  -0.429927D+00 -0.809004D+00 -0.816347D+00  0.233130D+00 -0.994939D+00
               166           167           168           169           170 
      1   0.110985D+00 -0.120678D+01 -0.157377D+00 -0.180547D+01  0.394094D+00
      2  -0.120678D+01  0.230032D+01  0.470272D+00  0.394094D+00  0.466602D+00
      3  -0.157377D+00  0.470272D+00 -0.700751D+00  0.121715D+01 -0.150952D+01
               171           172           173           174           175 
      1   0.121715D+01 -0.604469D+00  0.476545D+00  0.247257D+00 -0.386556D+00
      2  -0.150952D+01  0.476545D+00  0.139177D+00  0.844701D-01  0.620325D+00
      3   0.103370D+01  0.247257D+00  0.844701D-01  0.168669D+00  0.159172D-01
               176           177           178           179           180 
      1   0.620325D+00  0.159172D-01  0.595347D+00  0.316984D+00 -0.561396D+00
      2  -0.247107D+01 -0.308965D+00  0.316984D+00 -0.572685D+00  0.625296D+00
      3  -0.308965D+00  0.856179D+00 -0.561396D+00  0.625296D+00 -0.674987D+00
               181           182           183           184           185 
      1   0.539099D+00 -0.247049D+00  0.296495D+00  0.159856D+00  0.118563D+00
      2  -0.247049D+00  0.365814D+00 -0.131640D+00  0.118563D+00 -0.119617D+00
      3   0.296495D+00 -0.131640D+00  0.111172D+01  0.169642D+00 -0.495330D-01
               186           187           188           189           190 
      1   0.169642D+00  0.955998D+00 -0.440909D+00 -0.563369D+00  0.120655D+00
      2  -0.495330D-01 -0.440909D+00  0.309550D+00  0.434224D+00  0.938645D-01
      3  -0.148865D+00 -0.563369D+00  0.434224D+00 -0.266418D+00  0.316781D+00
               191           192           193           194           195 
      1   0.938645D-01  0.316781D+00 -0.166637D+01  0.107264D+00 -0.110665D+01
      2  -0.364112D+01 -0.801216D+00  0.107264D+00  0.376234D+01  0.223056D+01
      3  -0.801216D+00  0.423511D-01 -0.110665D+01  0.223056D+01  0.582992D-01
               196           197           198           199           200 
      1   0.142497D+00  0.326848D-01  0.217545D+00 -0.812022D+00 -0.293288D+00
