 Entering Gaussian System, Link 0=g16
 Input=FREE.INP
 Output=FREE.OUT
 Initial command:
 /usr/local/g16-A.03/sse4/g16/l1.exe "/scratch/zronyj/cluster_442/Gau-9055.inp" -scrdir="/scratch/zronyj/cluster_442/"
 Entering Link 1 = /usr/local/g16-A.03/sse4/g16/l1.exe PID=      9056.
  
 Copyright (c) 1988,1990,1992,1993,1995,1998,2003,2009,2016,
            Gaussian, Inc.  All Rights Reserved.
  
 This is part of the Gaussian(R) 16 program.  It is based on
 the Gaussian(R) 09 system (copyright 2009, Gaussian, Inc.),
 the Gaussian(R) 03 system (copyright 2003, Gaussian, Inc.),
 the Gaussian(R) 98 system (copyright 1998, Gaussian, Inc.),
 the Gaussian(R) 94 system (copyright 1995, Gaussian, Inc.),
 the Gaussian 92(TM) system (copyright 1992, Gaussian, Inc.),
 the Gaussian 90(TM) system (copyright 1990, Gaussian, Inc.),
 the Gaussian 88(TM) system (copyright 1988, Gaussian, Inc.),
 the Gaussian 86(TM) system (copyright 1986, Carnegie Mellon
 University), and the Gaussian 82(TM) system (copyright 1983,
 Carnegie Mellon University). Gaussian is a federally registered
 trademark of Gaussian, Inc.
  
 This software contains proprietary and confidential information,
 including trade secrets, belonging to Gaussian, Inc.
  
 This software is provided under written license and may be
 used, copied, transmitted, or stored only in accord with that
 written license.
  
 The following legend is applicable only to US Government
 contracts under FAR:
  
                    RESTRICTED RIGHTS LEGEND
  
 Use, reproduction and disclosure by the US Government is
 subject to restrictions as set forth in subparagraphs (a)
 and (c) of the Commercial Computer Software - Restricted
 Rights clause in FAR 52.227-19.
  
 Gaussian, Inc.
 340 Quinnipiac St., Bldg. 40, Wallingford CT 06492
  
  
 ---------------------------------------------------------------
 Warning -- This program may not be used in any manner that
 competes with the business of Gaussian, Inc. or will provide
 assistance to any competitor of Gaussian, Inc.  The licensee
 of this program is prohibited from giving any competitor of
 Gaussian, Inc. access to this program.  By using this program,
 the user acknowledges that Gaussian, Inc. is engaged in the
 business of creating and licensing software in the field of
 computational chemistry and represents and warrants to the
 licensee that it is not a competitor of Gaussian, Inc. and that
 it will not use this program in any manner prohibited above.
 ---------------------------------------------------------------
  

 Cite this work as:
 Gaussian 16, Revision A.03,
 M. J. Frisch, G. W. Trucks, H. B. Schlegel, G. E. Scuseria, 
 M. A. Robb, J. R. Cheeseman, G. Scalmani, V. Barone, 
 G. A. Petersson, H. Nakatsuji, X. Li, M. Caricato, A. V. Marenich, 
 J. Bloino, B. G. Janesko, R. Gomperts, B. Mennucci, H. P. Hratchian, 
 J. V. Ortiz, A. F. Izmaylov, J. L. Sonnenberg, D. Williams-Young, 
 F. Ding, F. Lipparini, F. Egidi, J. Goings, B. Peng, A. Petrone, 
 T. Henderson, D. Ranasinghe, V. G. Zakrzewski, J. Gao, N. Rega, 
 G. Zheng, W. Liang, M. Hada, M. Ehara, K. Toyota, R. Fukuda, 
 J. Hasegawa, M. Ishida, T. Nakajima, Y. Honda, O. Kitao, H. Nakai, 
 T. Vreven, K. Throssell, J. A. Montgomery, Jr., J. E. Peralta, 
 F. Ogliaro, M. J. Bearpark, J. J. Heyd, E. N. Brothers, K. N. Kudin, 
 V. N. Staroverov, T. A. Keith, R. Kobayashi, J. Normand, 
 K. Raghavachari, A. P. Rendell, J. C. Burant, S. S. Iyengar, 
 J. Tomasi, M. Cossi, J. M. Millam, M. Klene, C. Adamo, R. Cammi, 
 J. W. Ochterski, R. L. Martin, K. Morokuma, O. Farkas, 
 J. B. Foresman, and D. J. Fox, Gaussian, Inc., Wallingford CT, 2016.
 
 ******************************************
 Gaussian 16:  ES64L-G16RevA.03 25-Dec-2016
                24-Aug-2023 
 ******************************************
 %chk=cluster_442.chk
 %mem=6GB
 %nproc=8
 Will use up to    8 processors via shared memory.
 ----------------------------------------------------------------------
 #b3lyp/6-311++G** scrf=(cpcm,Solvent=Water) nosymm freq=roa scf=(xqc,c
 onver=8) iop(2/11=1) geom=checkpoint guess=checkpoint
 ----------------------------------------------------------------------
 1/10=4,29=2,30=1,38=1,83=21/1,3;
 2/11=1,12=2,15=1,40=1/2;
 3/5=4,6=6,7=1111,11=2,14=-4,25=1,30=1,36=2,70=2101,71=2,72=1,74=-5,116=-2,140=1/1,2,3;
 4/5=1/1;
 5/5=2,6=8,8=3,13=1,38=6,53=1,98=1/2,8;
 8/6=4,10=90,11=11/1;
 10/13=10,15=4,31=1,49=111,72=3/2;
 11/6=3,8=1,9=11,15=111,16=1,31=1/1,2,10;
 10/6=1,31=1,49=111/2;
 6/7=2,8=2,9=2,10=2,28=1/1;
 7/8=1,10=1,25=1,30=1/1,2,3,16;
 1/10=4,30=1/3;
 99//99;
 ---------------
 ROA cluster_442
 ---------------
 Structure from the checkpoint file:  "cluster_442.chk"
 Charge =  0 Multiplicity = 1
 No Z-Matrix found in chk file; cartesian coordinates used.
  O                                                16.978793780000     13.814937080000     14.417975570000
  H                                                16.782151810000     14.703144980000     14.064820380000
  H                                                17.517390340000     14.011546200000     15.196051450000
  O                                                19.510536220000     15.124422970000     14.264918410000
  H                                                20.281506230000     14.656017940000     14.617312580000
  H                                                19.001034210000     14.440993220000     13.795723910000
  O                                                16.469495790000     19.448743370000     13.085400880000
  H                                                16.314985580000     20.140203240000     12.428701360000
  H                                                15.587944580000     19.133543440000     13.341793210000
  O                                                19.881569050000     19.907635960000      8.473104780000
  H                                                19.234612690000     19.296629090000      8.077599670000
  H                                                19.767368080000     20.716529120000      7.956851990000
  O                                                14.082937760000     20.346886380000      9.566307730000
  H                                                13.988486640000     19.922660710000      8.703610790000
  H                                                14.918258660000     19.986437170000      9.892122130000
  O                                                14.079917120000     16.593661010000      8.471179450000
  H                                                13.949171650000     15.709263050000      8.109543970000
  H                                                15.032361700000     16.630556120000      8.624136340000
  O                                                18.003418910000     17.905039490000      7.344015670000
  H                                                18.123352310000     17.000383600000      7.672036240000
  H                                                17.238146070000     17.856421790000      6.757348380000
  O                                                16.200105060000     16.665175480000     13.130183640000
  H                                                15.592994830000     16.461862000000     12.406693700000
  H                                                16.720775660000     17.416080300000     12.792740270000
  O                                                19.170640160000     18.281321320000     12.412089620000
  H                                                19.341942310000     17.500634780000     12.966504910000
  H                                                18.463966080000     18.760668320000     12.879871940000
  O                                                18.621415740000     14.807833970000      8.623804490000
  H                                                19.228437740000     14.183153350000      8.205113890000
  H                                                18.717724500000     14.628684580000      9.569901580000
 Recover connectivity data from disk.
 Using perturbation frequencies:    0.085645

 GradGradGradGradGradGradGradGradGradGradGradGradGradGradGradGradGradGrad
 Berny optimization.
 Initialization pass.
 Trust Radius=3.00D-01 FncErr=1.00D-07 GrdErr=1.00D-07 EigMax=2.50D+02 EigMin=1.00D-04
 Number of steps in this run=      2 maximum allowed number of steps=      2.
 GradGradGradGradGradGradGradGradGradGradGradGradGradGradGradGradGradGrad

                          Input orientation:                          
 ---------------------------------------------------------------------
 Center     Atomic      Atomic             Coordinates (Angstroms)
 Number     Number       Type             X           Y           Z
 ---------------------------------------------------------------------
      1          8           0       16.978794   13.814937   14.417976
      2          1           0       16.782152   14.703145   14.064820
      3          1           0       17.517390   14.011546   15.196051
      4          8           0       19.510536   15.124423   14.264918
      5          1           0       20.281506   14.656018   14.617313
      6          1           0       19.001034   14.440993   13.795724
      7          8           0       16.469496   19.448743   13.085401
      8          1           0       16.314986   20.140203   12.428701
      9          1           0       15.587945   19.133543   13.341793
     10          8           0       19.881569   19.907636    8.473105
     11          1           0       19.234613   19.296629    8.077600
     12          1           0       19.767368   20.716529    7.956852
     13          8           0       14.082938   20.346886    9.566308
     14          1           0       13.988487   19.922661    8.703611
     15          1           0       14.918259   19.986437    9.892122
     16          8           0       14.079917   16.593661    8.471179
     17          1           0       13.949172   15.709263    8.109544
     18          1           0       15.032362   16.630556    8.624136
     19          8           0       18.003419   17.905039    7.344016
     20          1           0       18.123352   17.000384    7.672036
     21          1           0       17.238146   17.856422    6.757348
     22          8           0       16.200105   16.665175   13.130184
     23          1           0       15.592995   16.461862   12.406694
     24          1           0       16.720776   17.416080   12.792740
     25          8           0       19.170640   18.281321   12.412090
     26          1           0       19.341942   17.500635   12.966505
     27          1           0       18.463966   18.760668   12.879872
     28          8           0       18.621416   14.807834    8.623804
     29          1           0       19.228438   14.183153    8.205114
     30          1           0       18.717725   14.628685    9.569902
 ---------------------------------------------------------------------
                    Distance matrix (angstroms):
                    1          2          3          4          5
     1  O    0.000000
     2  H    0.975859   0.000000
     3  H    0.966511   1.516103   0.000000
     4  O    2.854453   2.767959   2.465387   0.000000
     5  H    3.413951   3.543014   2.896657   0.968494   0.000000
     6  H    2.206490   2.250461   2.084836   0.973043   1.536506
     7  O    5.811619   4.855689   5.925879   5.416543   6.312558
     8  H    6.663846   5.697081   6.831138   6.224250   7.113339
     9  H    5.601804   4.645140   5.778918   5.684359   6.610953
    10  O    8.993807   8.243810   9.249391   7.520764   8.092634
    11  H    8.679748   7.934827   9.030687   7.467687   8.086971
    12  H    9.856685   9.076320  10.120534   8.433820   9.019749
    13  O    8.636610   7.705465   9.144726   8.877494   9.814320
    14  H    8.882578   7.986894   9.462887   9.189356  10.114914
    15  H    7.925690   6.985606   8.401576   7.990591   8.916570
    16  O    7.175596   6.493454   7.981694   8.075747   8.943664
    17  H    7.250061   6.671084   8.113755   8.316216   9.141052
    18  H    6.729404   6.031395   7.498310   7.358050   8.207952
    19  O    8.235272   7.544060   8.777812   7.609345   8.285329
    20  H    7.547502   6.924147   8.118568   6.993540   7.641370
    21  H    8.665222   7.971840   9.277540   8.306093   9.015745
    22  O    3.223139   2.249864   3.611758   3.823676   4.786032
    23  H    3.601653   2.693801   4.181849   4.537496   5.489084
    24  H    3.959318   2.996994   4.242800   3.898944   4.860639
    25  O    5.364360   4.608659   5.358606   3.676209   4.386326
    26  H    4.612549   3.947755   4.524777   2.713058   3.420496
    27  H    5.388113   4.549296   5.367947   4.029385   4.813554
    28  O    6.103808   5.744433   6.711734   5.719522   6.221020
    29  H    6.617865   6.371096   7.199329   6.138957   6.515278
    30  H    5.214392   4.894515   5.785778   4.787222   5.284176
                    6          7          8          9         10
     6  H    0.000000
     7  O    5.656042   0.000000
     8  H    6.447062   0.966046   0.000000
     9  H    5.820246   0.970680   1.541327   0.000000
    10  O    7.680482   5.755528   5.331168   6.537473   0.000000
    11  H    7.505245   5.722507   5.307346   6.405975   0.973810
    12  H    8.605931   6.227781   5.678779   6.997929   0.966368
    13  O    8.772412   4.345841   3.635664   4.241643   5.917107
    14  H    9.005772   5.057676   4.397297   4.969276   5.897608
    15  H    7.915751   3.590610   2.899780   3.616094   5.162777
    16  O    7.563210   5.928965   5.765021   5.696317   6.681437
    17  H    7.711191   6.715274   6.624608   6.464341   7.276802
    18  H    6.876763   5.469042   5.332679   5.369349   5.854646
    19  O    7.390493   6.139987   5.805238   6.581571   2.968616
    20  H    6.694801   6.167189   5.979508   6.566948   3.490724
    21  H    8.019455   6.570431   6.183213   6.907179   3.760184
    22  O    3.638012   2.796932   3.546984   2.551932   6.764252
    23  H    4.198577   3.185963   3.748593   2.830604   6.763013
    24  H    3.880296   2.068940   2.778135   2.129424   5.904042
    25  O    4.085502   3.018676   3.407416   3.798202   4.320407
    26  H    3.188296   3.472782   4.052039   4.110928   5.125963
    27  H    4.448238   2.119812   2.593220   2.936649   4.769144
    28  O    5.198791   6.787830   6.944856   7.083299   5.255347
    29  H    5.601171   7.691255   7.862146   8.009059   5.767851
    30  H    4.239465   6.375440   6.657532   6.657060   5.515870
                   11         12         13         14         15
    11  H    0.000000
    12  H    1.521356   0.000000
    13  O    5.464343   5.919437   0.000000
    14  H    5.320305   5.880761   0.965989   0.000000
    15  H    4.732783   5.271828   0.966354   1.510332   0.000000
    16  O    5.833680   7.043413   3.909733   3.338356   3.772642
    17  H    6.387965   7.677723   4.862880   4.255253   4.734019
    18  H    5.006552   6.289732   3.949709   3.454554   3.589254
    19  O    1.997625   3.375138   5.125561   4.694569   4.510352
    20  H    2.583046   4.073530   5.577840   5.167298   4.911000
    21  H    2.793410   4.001998   4.903877   4.314808   4.443608
    22  O    6.454563   7.476777   5.544241   5.924273   4.812375
    23  H    6.327586   7.438325   5.043955   5.316427   4.381891
    24  H    5.664662   6.600038   5.094868   5.519903   4.274270
    25  O    4.452274   5.112286   6.184638   6.580389   5.228805
    26  H    5.209463   5.968215   6.878926   7.259336   5.932960
    27  H    4.893155   5.455307   5.717447   6.230674   4.795957
    28  O    4.563292   6.055635   7.222686   6.901583   6.491528
    29  H    5.115069   6.560265   8.143748   7.787652   7.423055
    30  H    4.927864   6.384789   7.360645   7.151387   6.576114
                   16         17         18         19         20
    16  O    0.000000
    17  H    0.964383   0.000000
    18  H    0.965354   1.512246   0.000000
    19  O    4.287666   4.673798   3.477096   0.000000
    20  H    4.141669   4.391149   3.255379   0.969734   0.000000
    21  H    3.808699   4.154043   3.138969   0.965497   1.533964
    22  O    5.119241   5.584558   4.655028   6.186190   5.796776
    23  H    4.218418   4.661980   3.827598   5.789958   5.395340
    24  H    5.130925   5.703275   4.565638   5.618973   5.325564
    25  O    6.655406   7.238171   5.847988   5.214342   5.020530
    26  H    6.979933   7.475363   6.179457   5.793753   5.455879
    27  H    6.584252   7.242270   5.867246   5.620490   5.507828
    28  O    4.882385   4.786116   4.025373   3.407706   2.441558
    29  H    5.691099   5.496253   4.875696   4.011807   3.072812
    30  H    5.155345   5.102881   4.299286   4.024836   3.095178
                   21         22         23         24         25
    21  H    0.000000
    22  O    6.565792   0.000000
    23  H    6.047018   0.966104   0.000000
    24  H    6.073510   0.974076   1.526910   0.000000
    25  O    5.990924   3.457118   4.013727   2.625904   0.000000
    26  H    6.565529   3.255138   3.930273   2.628280   0.972724
    27  H    6.309167   3.094966   3.708218   2.203230   0.973644
    28  O    3.832882   5.442418   5.120292   5.272135   5.168933
    29  H    4.421559   6.291863   6.005184   6.147073   5.873412
    30  H    4.529668   4.812620   4.601289   4.705748   4.650260
                   26         27         28         29         30
    26  H    0.000000
    27  H    1.538191   0.000000
    28  O    5.160366   5.810663   0.000000
    29  H    5.804258   6.587217   0.966439   0.000000
    30  H    4.491621   5.300338   0.967714   1.523802   0.000000
 Symmetry turned off by external request.
 Stoichiometry    H20O10
 Framework group  C1[X(H20O10)]
 Deg. of freedom    84
 Full point group                 C1      NOp   1
 Rotational constants (GHZ):           0.3869422           0.2466766           0.2318303
 Standard basis: 6-311++G(d,p) (5D, 7F)
   360 basis functions,   540 primitive gaussians,   370 cartesian basis functions
    50 alpha electrons       50 beta electrons
       nuclear repulsion energy       563.1413477617 Hartrees.
 NAtoms=   30 NActive=   30 NUniq=   30 SFac= 1.00D+00 NAtFMM=   60 NAOKFM=F Big=F
 Integral buffers will be    131072 words long.
 Raffenetti 2 integral format.
 Two-electron integral symmetry is turned off.
 Force inversion solution in PCM.
 ------------------------------------------------------------------------------
 Polarizable Continuum Model (PCM)
 =================================
 Model                : C-PCM.
 Atomic radii         : UFF (Universal Force Field).
 Polarization charges : Total charges.
 Charge compensation  : None.
 Solution method      : Matrix inversion.
 Cavity type          : Scaled VdW (van der Waals Surface) (Alpha=1.100).
 Cavity algorithm     : GePol (No added spheres)
                        Default sphere list used, NSphG=   30.
                        Lebedev-Laikov grids with approx.  5.0 points / Ang**2.
                        Smoothing algorithm: York/Karplus (Gamma=1.0000).
                        Polarization charges: spherical gaussians, with
                                              point-specific exponents (IZeta= 3).
                        Self-potential: point-specific (ISelfS= 7).
                        Self-field    : sphere-specific E.n sum rule (ISelfD= 2).
 1st derivatives      : Analytical E(r).r(x)/FMM algorithm (CHGder, D1EAlg=3).
                        Cavity 1st derivative terms included.
 2nd derivatives      : Analytical E(r).r(xy)/FMM algorithm (CHGder, D2EAlg=3).
                        Cavity 2nd derivative terms included.
 Solvent              : Water, Eps=  78.355300 Eps(inf)=   1.777849
 ------------------------------------------------------------------------------
 One-electron integrals computed using PRISM.
 NBasis=   360 RedAO= T EigKep=  7.01D-04  NBF=   360
 NBsUse=   360 1.00D-06 EigRej= -1.00D+00 NBFU=   360
 Initial guess from the checkpoint file:  "cluster_442.chk"
 B after Tr=     0.000000    0.000000    0.000000
         Rot=    1.000000    0.000000    0.000000    0.000000 Ang=   0.00 deg.
 Requested convergence on RMS density matrix=1.00D-08 within  32 cycles.
 Requested convergence on MAX density matrix=1.00D-06.
 Requested convergence on             energy=1.00D-06.
 No special actions if energy rises.
 Inv3:  Mode=1 IEnd=    32393388.
 Iteration    1 A*A^-1 deviation from unit magnitude is 7.77D-15 for    409.
 Iteration    1 A*A^-1 deviation from orthogonality  is 3.85D-15 for   2712   1248.
 Iteration    1 A^-1*A deviation from unit magnitude is 7.77D-15 for    409.
 Iteration    1 A^-1*A deviation from orthogonality  is 2.15D-15 for   1673   1397.
 Error on total polarization charges =  0.01790
 SCF Done:  E(RB3LYP) =  -764.684032160     A.U. after   10 cycles
            NFock= 10  Conv=0.19D-08     -V/T= 2.0036
 QCSCF skips out because SCF is already converged.
 DoSCS=F DFT=T ScalE2(SS,OS)=  1.000000  1.000000
 Range of M.O.s used for correlation:     1   360
 NBasis=   360 NAE=    50 NBE=    50 NFC=     0 NFV=     0
 NROrb=    360 NOA=    50 NOB=    50 NVA=   310 NVB=   310

 **** Warning!!: The largest alpha MO coefficient is  0.10033773D+02

 NEqPCM:  Using non-equilibrium solvation (IEInf=1, Eps=  78.3553, EpsInf=   1.7778)
 Inv3:  Mode=1 IEnd=    32393388.
 Iteration    1 A*A^-1 deviation from unit magnitude is 7.77D-15 for    409.
 Iteration    1 A*A^-1 deviation from orthogonality  is 3.85D-15 for   2712   1248.
 Iteration    1 A^-1*A deviation from unit magnitude is 7.77D-15 for    409.
 Iteration    1 A^-1*A deviation from orthogonality  is 2.15D-15 for   1673   1397.
          Differentiating once with respect to electric field.
                with respect to dipole field.
                with respect to quadrupole field.
          Differentiating once with respect to magnetic field using GIAOs.
          Electric field/nuclear overlap derivatives assumed to be zero.
 FoFJK:  IHMeth= 1 ICntrl=    6127 DoSepK=F KAlg= 0 I1Cent=           0 FoldK=F
 IRaf=         1 NMat=       1 IRICut=       1 DoRegI=T DoRafI=F ISym2E= 0 IDoP0=0 IntGTp=1.
 CalDSu exits because no D1Ps are significant.
          There are    12 degrees of freedom in the 1st order CPHF.  IDoFFX=0 NUNeed=    12.
     11 vectors produced by pass  0 Test12= 2.58D-13 8.33D-09 XBig12= 1.00D+00 1.53D-01.
 AX will form    11 AO Fock derivatives at one time.
     11 vectors produced by pass  1 Test12= 2.58D-13 8.33D-09 XBig12= 9.15D-02 3.52D-02.
     11 vectors produced by pass  2 Test12= 2.58D-13 8.33D-09 XBig12= 3.46D-02 2.49D-02.
     11 vectors produced by pass  3 Test12= 2.58D-13 8.33D-09 XBig12= 1.95D-03 8.34D-03.
     11 vectors produced by pass  4 Test12= 2.58D-13 8.33D-09 XBig12= 5.29D-05 1.33D-03.
     11 vectors produced by pass  5 Test12= 2.58D-13 8.33D-09 XBig12= 2.18D-06 1.70D-04.
     11 vectors produced by pass  6 Test12= 2.58D-13 8.33D-09 XBig12= 5.66D-08 2.33D-05.
     11 vectors produced by pass  7 Test12= 2.58D-13 8.33D-09 XBig12= 7.87D-10 2.66D-06.
     11 vectors produced by pass  8 Test12= 2.58D-13 8.33D-09 XBig12= 8.77D-12 2.59D-07.
      8 vectors produced by pass  9 Test12= 2.58D-13 8.33D-09 XBig12= 1.56D-13 3.65D-08.
 InvSVY:  IOpt=1 It=  1 EMax= 4.55D-13
 Solved reduced A of dimension   107 with    12 vectors.
 Isotropic polarizability for W=    0.085645       91.29 Bohr**3.
 Dipole-magnetic dipole polarizability for W=    0.085645:
                 1             2             3 
      1  -0.938368D+01  0.102759D+04 -0.145234D+04
      2  -0.955875D+03 -0.518515D+02  0.141485D+04
      3   0.148062D+04 -0.153809D+04  0.614760D+02
 DQ contribution to OR G for W=    0.085645:
                 1             2             3 
      1  -0.172115D+02  0.322283D+04 -0.493906D+04
      2  -0.307566D+04 -0.103999D+03  0.487363D+04
      3   0.499720D+04 -0.511998D+04  0.121211D+03
 Optical Rotation G' tensor for W=    0.085645:
                 1             2             3 
      1   0.509352D+00  0.468065D+00  0.196063D+00
      2   0.468065D+00  0.463427D-01  0.152248D-01
      3   0.196063D+00  0.152248D-01 -0.314927D+00
 OR G Eigenvalues:    -0.3949    -0.1913     0.8269  Iso=    -0.0803
 Eigenvectors:
   (1)  -0.375307   0.368816   0.850364
   (2)  -0.377976   0.776786  -0.503723
   (3)   0.846333   0.510468   0.152129
 w=    0.085645 a.u., Optical Rotation Beta=     -0.0803 au.
 Molar Mass =    180.1520 grams/mole, [Alpha] ( 5320.0 A) =      -21.13 deg.
 End of Minotr F.D. properties on file   721 Mask=       B NFrqRd=     1 NDeriv=     1 ND12= 1 LenFil=      39:
 Frequencies=    0.085645
 Property number 1 -- Alpha(-w,w) frequency  1    0.085645:
                 1             2             3 
      1   0.920695D+02  0.970999D+00  0.896226D+00
      2   0.970999D+00  0.948044D+02 -0.267490D+01
      3   0.896226D+00 -0.267490D+01  0.869957D+02
 Property number 2 -- FD Optical Rotation Tensor frequency  1    0.085645:
                 1             2             3 
      1  -0.938368D+01  0.102759D+04 -0.145234D+04
      2  -0.955875D+03 -0.518515D+02  0.141485D+04
      3   0.148062D+04 -0.153809D+04  0.614760D+02
 Property number 4 -- D-Q polarizability frequency  1    0.085645:
                 1             2             3 
      1   0.399958D+04 -0.197331D+04 -0.111396D+04
      2  -0.198452D+04  0.414986D+04 -0.133176D+04
      3  -0.201506D+04 -0.217654D+04  0.244572D+04
      4   0.302388D+04  0.313545D+04 -0.632089D+02
      5   0.196171D+04 -0.804204D+02  0.285858D+04
      6   0.407903D+02  0.189107D+04  0.276252D+04
 End of Minotr F.D. properties file   722 does not exist.
 End of Minotr F.D. properties file   788 does not exist.
 Symmetrizing basis deriv contribution to polar:
 IMax=3 JMax=2 DiffMx= 0.00D+00
 G2DrvN: will do    31 centers at a time, making    1 passes.
 PxScal for G2LodP:  IOpCl= 0 ISclPx=1 IMOff=     1 NMtTot=    25 NTT=   64980 ScalPx= 1.76D+02
 Calling FoFCou, ICntrl=  3107 FMM=F I1Cent=   0 AccDes= 0.00D+00.
 PxScal for G2LodP:  IOpCl= 0 ISclPx=0 IMOff=     1 NMtTot=    25 NTT=   64980 ScalPx= 1.00D+00
 NEqPCM:  Using non-equilibrium solvation (IEInf=1, Eps=  78.3553, EpsInf=   1.7778)
 G2PCM: DoFxE=T DoFxN=T DoGrad=T DoDP/DQ/DG/TGxP=TTTF NFrqRd=   1 IEInf=1 SqF1=F DoCFld=F IF1Alg=4.
 End of G2Drv F.D. properties on file   721 Mask=       B NFrqRd=     1 NDeriv=     1 ND12= 1 LenFil=      39:
 Frequencies=    0.085645
 Property number 1 -- Alpha(-w,w) frequency  1    0.085645:
                 1             2             3 
      1   0.920695D+02  0.970999D+00  0.896226D+00
      2   0.970999D+00  0.948044D+02 -0.267490D+01
      3   0.896226D+00 -0.267490D+01  0.869957D+02
 Property number 2 -- FD Optical Rotation Tensor frequency  1    0.085645:
                 1             2             3 
      1  -0.938368D+01  0.102759D+04 -0.145234D+04
      2  -0.955875D+03 -0.518515D+02  0.141485D+04
      3   0.148062D+04 -0.153809D+04  0.614760D+02
 Property number 4 -- D-Q polarizability frequency  1    0.085645:
                 1             2             3 
      1   0.399958D+04 -0.197331D+04 -0.111396D+04
      2  -0.198452D+04  0.414986D+04 -0.133176D+04
      3  -0.201506D+04 -0.217654D+04  0.244572D+04
      4   0.302388D+04  0.313545D+04 -0.632089D+02
      5   0.196171D+04 -0.804204D+02  0.285858D+04
      6   0.407903D+02  0.189107D+04  0.276252D+04
 End of G2Drv F.D. properties on file   722 Mask=       B NFrqRd=     1 NDeriv=    90 ND12= 1 LenFil=    3243:
 Frequencies=    0.085645
 Property number 1 -- Alpha(-w,w) derivatives, frequency  1    0.085645:
                 1             2             3             4             5 
      1   0.180721D+01  0.134279D+01 -0.172873D+01 -0.184230D+00 -0.362737D+00
      2   0.134279D+01 -0.169649D+00 -0.139762D+01 -0.362737D+00 -0.137762D+01
      3  -0.172873D+01 -0.139762D+01  0.162757D+01 -0.425869D+00  0.172590D+01
                 6             7             8             9            10 
      1  -0.425869D+00 -0.939723D+00 -0.191156D+01  0.732265D+00 -0.106217D+01
      2   0.172590D+01 -0.191156D+01  0.210846D+01  0.590871D+00 -0.852463D+00
      3   0.429457D+00  0.732265D+00  0.590871D+00 -0.733387D+00  0.725830D+00
                11            12            13            14            15 
      1  -0.852463D+00  0.725830D+00  0.140197D+00  0.144666D+00  0.450721D+00
      2   0.902339D-01  0.841054D+00  0.144666D+00  0.194477D+01 -0.125629D+01
      3   0.841054D+00 -0.351052D+00  0.450721D+00 -0.125629D+01 -0.174707D+00
                16            17            18            19            20 
      1   0.695491D+00  0.649750D+00 -0.944254D+00 -0.786835D+00 -0.348944D+00
      2   0.649750D+00 -0.128910D+01 -0.909811D+00 -0.348944D+00  0.609780D+00
      3  -0.944254D+00 -0.909811D+00  0.140012D+01  0.112424D+01  0.751371D+00
                21            22            23            24            25 
      1   0.112424D+01  0.278208D+00  0.229717D+00 -0.522087D-01  0.302940D+00
      2   0.751371D+00  0.229717D+00 -0.537175D+00 -0.494225D-01  0.126815D+01
      3  -0.124742D+01 -0.522087D-01 -0.494225D-01 -0.449049D+00  0.203053D+00
                26            27            28            29            30 
      1   0.126815D+01  0.203053D+00 -0.438889D+00  0.320383D+00  0.803015D+00
      2  -0.952230D+00  0.470973D-01  0.320383D+00  0.863672D+00 -0.524547D+00
      3   0.470973D-01 -0.407277D+00  0.803015D+00 -0.524547D+00  0.144259D+01
                31            32            33            34            35 
      1  -0.481083D+00  0.658611D+00  0.139853D+01  0.241884D+01  0.493358D+00
      2   0.658611D+00 -0.536322D+00 -0.732396D-01  0.493358D+00 -0.146869D+00
      3   0.139853D+01 -0.732396D-01 -0.198806D+00 -0.156567D+00  0.562906D+00
                36            37            38            39            40 
      1  -0.156567D+00 -0.275563D+00  0.592781D-01 -0.139654D+00  0.103454D+01
      2   0.562906D+00  0.592781D-01 -0.400965D+00  0.339265D+00 -0.208555D+00
      3  -0.134887D+01 -0.139654D+00  0.339265D+00 -0.136007D+01 -0.250002D-01
                41            42            43            44            45 
      1  -0.208555D+00 -0.250002D-01 -0.114147D+01 -0.735984D-01  0.347332D+00
      2   0.255898D+00 -0.917241D-01 -0.735984D-01 -0.126339D-01 -0.180950D+00
      3  -0.917241D-01  0.483832D+00  0.347332D+00 -0.180950D+00  0.449145D+00
                46            47            48            49            50 
      1   0.651607D+00 -0.707379D+00 -0.572013D+00 -0.479629D+00 -0.705750D+00
      2  -0.707379D+00 -0.107114D+01  0.196817D-01 -0.705750D+00 -0.426838D-01
      3  -0.572013D+00  0.196817D-01 -0.141029D+00 -0.130454D+01 -0.756427D-01
                51            52            53            54            55 
      1  -0.130454D+01 -0.133062D+01 -0.274182D+00 -0.218470D+00 -0.832472D+00
      2  -0.756427D-01 -0.274182D+00  0.248200D+00 -0.369244D+00  0.632106D+00
      3  -0.129763D+00 -0.218470D+00 -0.369244D+00  0.854672D+00 -0.619269D+00
                56            57            58            59            60 
      1   0.632106D+00 -0.619269D+00  0.166205D+00  0.371932D+00  0.608589D+00
      2   0.229498D+00 -0.636120D+00  0.371932D+00 -0.953859D+00 -0.966194D+00
      3  -0.636120D+00 -0.118208D+01  0.608589D+00 -0.966194D+00 -0.175007D+01
                61            62            63            64            65 
      1  -0.190582D+00 -0.887795D-01 -0.144261D+00  0.163382D-01 -0.147973D+00
      2  -0.887795D-01 -0.290275D+01 -0.216383D+01 -0.147973D+00  0.652310D+00
      3  -0.144261D+00 -0.216383D+01 -0.102494D+01  0.239401D+00  0.273422D+00
                66            67            68            69            70 
      1   0.239401D+00 -0.234961D+00 -0.399427D-01 -0.172851D+00  0.935197D-01
      2   0.273422D+00 -0.399427D-01 -0.591034D-01  0.274334D+00  0.843675D-01
      3   0.415706D-01 -0.172851D+00  0.274334D+00  0.510768D+00  0.100021D+00
                71            72            73            74            75 
      1   0.843675D-01  0.100021D+00  0.522226D+00 -0.551454D+00 -0.117447D-01
      2   0.210222D+01  0.123728D+01 -0.551454D+00 -0.535998D+00  0.673675D+00
      3   0.123728D+01  0.444549D+00 -0.117447D-01  0.673675D+00  0.126376D+01
                76            77            78            79            80 
      1   0.214054D+00 -0.401979D+00 -0.285472D+00 -0.612377D-02  0.166470D+00
      2  -0.401979D+00  0.598745D+00  0.816167D+00  0.166470D+00  0.808341D+00
      3  -0.285472D+00  0.816167D+00  0.743632D+00 -0.554475D-01  0.771053D+00
                81            82            83            84            85 
      1  -0.554475D-01 -0.134480D+01  0.577042D+00  0.227656D+01  0.199921D+01
      2   0.771053D+00  0.577042D+00  0.120350D+01  0.140870D+01  0.945283D+00
      3   0.406187D+00  0.227656D+01  0.140870D+01 -0.100933D+01 -0.557112D+00
                86            87            88            89            90 
      1   0.945283D+00 -0.557112D+00  0.224085D+01  0.127805D+01 -0.368595D+00
      2   0.269716D+00  0.798941D-01  0.127805D+01 -0.722864D+00 -0.785769D+00
      3   0.798941D-01  0.701258D+00 -0.368595D+00 -0.785769D+00 -0.372925D-01
                91            92            93            94            95 
      1   0.300510D+00 -0.626168D+00 -0.184793D+01 -0.117605D+01 -0.200956D+00
      2  -0.626168D+00 -0.999478D+00 -0.718771D+00 -0.200956D+00  0.635541D+00
      3  -0.184793D+01 -0.718771D+00  0.350430D+00 -0.684537D+00  0.887492D-01
                96            97            98            99           100 
      1  -0.684537D+00 -0.188520D+01 -0.111394D+01  0.312752D+00  0.108445D+01
      2   0.887492D-01 -0.111394D+01 -0.217157D+00  0.418595D+00  0.330658D+00
      3  -0.559331D+00  0.312752D+00  0.418595D+00 -0.386065D+00 -0.661917D+00
               101           102           103           104           105 
      1   0.330658D+00 -0.661917D+00 -0.878225D+00 -0.374310D+00  0.111267D+01
      2   0.328907D-01 -0.678475D+00 -0.374310D+00 -0.359638D+00 -0.979440D-01
      3  -0.678475D+00  0.522968D+00  0.111267D+01 -0.979440D-01 -0.439018D+00
               106           107           108           109           110 
      1  -0.517980D+00 -0.724258D-01  0.755037D-01 -0.663218D-01  0.137347D+01
      2  -0.724258D-01  0.103513D+01  0.377081D+00  0.137347D+01 -0.136619D+01
      3   0.755037D-01  0.377081D+00  0.260170D+00 -0.112846D+01  0.514481D+00
               111           112           113           114           115 
      1  -0.112846D+01  0.150581D+01 -0.407944D+00 -0.232116D+00 -0.161821D+01
      2   0.514481D+00 -0.407944D+00 -0.230706D+01  0.131471D+01 -0.203911D+00
      3   0.122675D+00 -0.232116D+00  0.131471D+01 -0.299896D+00  0.137608D+00
               116           117           118           119           120 
      1  -0.203911D+00  0.137608D+00 -0.550769D+00  0.348257D-01  0.219387D+00
      2   0.100309D+01  0.271933D+00  0.348257D-01  0.575815D+00 -0.314496D+00
      3   0.271933D+00  0.253518D+00  0.219387D+00 -0.314496D+00 -0.300774D-01
               121           122           123           124           125 
      1  -0.323389D+00 -0.113536D+00  0.390850D+00  0.935858D+00  0.526032D+00
      2  -0.113536D+00  0.115368D+01 -0.987444D+00  0.526032D+00 -0.481306D+00
      3   0.390850D+00 -0.987444D+00  0.281686D+00  0.864258D-01 -0.745626D+00
               126           127           128           129           130 
      1   0.864258D-01  0.610580D+00 -0.141206D+01  0.909132D+00 -0.114762D+01
      2  -0.745626D+00 -0.141206D+01  0.762120D+00 -0.214512D+00  0.488585D+00
      3   0.489909D-01  0.909132D+00 -0.214512D+00 -0.715572D-01 -0.183761D+00
               131           132           133           134           135 
      1   0.488585D+00 -0.183761D+00  0.640008D+00 -0.335217D+00 -0.158520D+00
      2   0.118576D+01 -0.388916D+00 -0.335217D+00 -0.551259D+00  0.445660D+00
      3  -0.388916D+00  0.394992D-01 -0.158520D+00  0.445660D+00 -0.223563D+00
               136           137           138           139           140 
      1  -0.165603D+01 -0.343357D+00 -0.104686D+01 -0.317399D+00  0.174640D+00
      2  -0.343357D+00  0.483133D+00 -0.314133D+00  0.174640D+00  0.386784D-01
      3  -0.104686D+01 -0.314133D+00  0.502147D+00 -0.545370D+00  0.340778D+00
               141           142           143           144           145 
      1  -0.545370D+00 -0.110521D+01 -0.877665D+00  0.147087D+01 -0.244494D+00
      2   0.340778D+00 -0.877665D+00 -0.249379D+00  0.129847D+00  0.370497D-01
      3  -0.173430D+01  0.147087D+01  0.129847D+00  0.133758D+01  0.932069D-01
               146           147           148           149           150 
      1   0.370497D-01  0.932069D-01  0.495985D+00  0.279033D+00  0.459849D+00
      2  -0.322466D+00 -0.114145D+00  0.279033D+00  0.124498D+00 -0.157393D+00
      3  -0.114145D+00  0.887896D-01  0.459849D+00 -0.157393D+00  0.138587D+01
               151           152           153           154           155 
      1   0.451723D+00  0.544276D+00 -0.748859D+00  0.186584D+01  0.273160D+00
      2   0.544276D+00  0.195985D+00 -0.167815D+00  0.273160D+00 -0.230727D+00
      3  -0.748859D+00 -0.167815D+00 -0.370982D+00  0.881245D+00  0.399209D+00
               156           157           158           159           160 
      1   0.881245D+00 -0.224608D+00 -0.510569D+00  0.571865D-01  0.652279D+00
      2   0.399209D+00 -0.510569D+00 -0.119598D+00 -0.208902D+00  0.284437D+00
      3  -0.584270D+00  0.571865D-01 -0.208902D+00  0.286277D+00 -0.701329D+00
               161           162           163           164           165 
      1   0.284437D+00 -0.701329D+00 -0.267539D+00 -0.483813D+00  0.137658D+01
      2   0.521016D-01  0.203933D-01 -0.483813D+00 -0.888930D+00 -0.109371D+00
      3   0.203933D-01 -0.102527D+01  0.137658D+01 -0.109371D+00 -0.262699D+01
               166           167           168           169           170 
      1  -0.282928D+00 -0.718665D+00  0.782068D+00  0.452932D+00  0.690264D-01
      2  -0.718665D+00  0.711237D+00 -0.125200D+01  0.690264D-01 -0.124101D+01
      3   0.782068D+00 -0.125200D+01  0.745332D+00 -0.102736D+01  0.229955D+00
               171           172           173           174           175 
      1  -0.102736D+01  0.255976D+00  0.657323D-01 -0.704805D+00  0.188874D+00
      2   0.229955D+00  0.657323D-01  0.479516D+00 -0.200480D-01  0.278711D+00
      3   0.214122D+01 -0.704805D+00 -0.200480D-01  0.885684D+00 -0.673818D+00
               176           177           178           179           180 
      1   0.278711D+00 -0.673818D+00 -0.231828D+00 -0.109696D+00  0.815898D+00
      2  -0.145061D+01  0.104994D+01 -0.109696D+00  0.866073D+00 -0.250415D+00
      3   0.104994D+01 -0.265827D+00  0.815898D+00 -0.250415D+00 -0.163050D+01
               181           182           183           184           185 
      1   0.672559D-02  0.107007D+00 -0.498918D+00  0.104938D+00  0.130506D+00
      2   0.107007D+00  0.315088D+00  0.118973D+00  0.130506D+00  0.609408D-01
      3  -0.498918D+00  0.118973D+00  0.188614D+01  0.682588D-01 -0.244365D-01
               186           187           188           189           190 
      1   0.682588D-01 -0.179273D-01 -0.768445D-01  0.179483D+00  0.206461D+00
      2  -0.244365D-01 -0.768445D-01  0.359228D+00  0.837127D-01 -0.793944D+00
      3  -0.194240D+00  0.179483D+00  0.837127D-01 -0.367676D+00 -0.176005D+00
               191           192           193           194           195 
      1  -0.793944D+00 -0.176005D+00 -0.257046D+01 -0.779220D+00  0.123817D+01
      2  -0.170118D+01  0.391459D+00 -0.779220D+00 -0.125902D+00 -0.286639D+00
      3   0.391459D+00  0.450877D+00  0.123817D+01 -0.286639D+00 -0.250340D+00
               196           197           198           199           200 
      1  -0.120542D+01  0.852081D+00  0.830387D+00  0.709281D-01 -0.453827D-01
