 Entering Gaussian System, Link 0=g16
 Input=FREE.INP
 Output=FREE.OUT
 Initial command:
 /usr/local/g16-A.03/sse4/g16/l1.exe "/scratch/zronyj/cluster_005/Gau-25268.inp" -scrdir="/scratch/zronyj/cluster_005/"
 Entering Link 1 = /usr/local/g16-A.03/sse4/g16/l1.exe PID=     25269.
  
 Copyright (c) 1988,1990,1992,1993,1995,1998,2003,2009,2016,
            Gaussian, Inc.  All Rights Reserved.
  
 This is part of the Gaussian(R) 16 program.  It is based on
 the Gaussian(R) 09 system (copyright 2009, Gaussian, Inc.),
 the Gaussian(R) 03 system (copyright 2003, Gaussian, Inc.),
 the Gaussian(R) 98 system (copyright 1998, Gaussian, Inc.),
 the Gaussian(R) 94 system (copyright 1995, Gaussian, Inc.),
 the Gaussian 92(TM) system (copyright 1992, Gaussian, Inc.),
 the Gaussian 90(TM) system (copyright 1990, Gaussian, Inc.),
 the Gaussian 88(TM) system (copyright 1988, Gaussian, Inc.),
 the Gaussian 86(TM) system (copyright 1986, Carnegie Mellon
 University), and the Gaussian 82(TM) system (copyright 1983,
 Carnegie Mellon University). Gaussian is a federally registered
 trademark of Gaussian, Inc.
  
 This software contains proprietary and confidential information,
 including trade secrets, belonging to Gaussian, Inc.
  
 This software is provided under written license and may be
 used, copied, transmitted, or stored only in accord with that
 written license.
  
 The following legend is applicable only to US Government
 contracts under FAR:
  
                    RESTRICTED RIGHTS LEGEND
  
 Use, reproduction and disclosure by the US Government is
 subject to restrictions as set forth in subparagraphs (a)
 and (c) of the Commercial Computer Software - Restricted
 Rights clause in FAR 52.227-19.
  
 Gaussian, Inc.
 340 Quinnipiac St., Bldg. 40, Wallingford CT 06492
  
  
 ---------------------------------------------------------------
 Warning -- This program may not be used in any manner that
 competes with the business of Gaussian, Inc. or will provide
 assistance to any competitor of Gaussian, Inc.  The licensee
 of this program is prohibited from giving any competitor of
 Gaussian, Inc. access to this program.  By using this program,
 the user acknowledges that Gaussian, Inc. is engaged in the
 business of creating and licensing software in the field of
 computational chemistry and represents and warrants to the
 licensee that it is not a competitor of Gaussian, Inc. and that
 it will not use this program in any manner prohibited above.
 ---------------------------------------------------------------
  

 Cite this work as:
 Gaussian 16, Revision A.03,
 M. J. Frisch, G. W. Trucks, H. B. Schlegel, G. E. Scuseria, 
 M. A. Robb, J. R. Cheeseman, G. Scalmani, V. Barone, 
 G. A. Petersson, H. Nakatsuji, X. Li, M. Caricato, A. V. Marenich, 
 J. Bloino, B. G. Janesko, R. Gomperts, B. Mennucci, H. P. Hratchian, 
 J. V. Ortiz, A. F. Izmaylov, J. L. Sonnenberg, D. Williams-Young, 
 F. Ding, F. Lipparini, F. Egidi, J. Goings, B. Peng, A. Petrone, 
 T. Henderson, D. Ranasinghe, V. G. Zakrzewski, J. Gao, N. Rega, 
 G. Zheng, W. Liang, M. Hada, M. Ehara, K. Toyota, R. Fukuda, 
 J. Hasegawa, M. Ishida, T. Nakajima, Y. Honda, O. Kitao, H. Nakai, 
 T. Vreven, K. Throssell, J. A. Montgomery, Jr., J. E. Peralta, 
 F. Ogliaro, M. J. Bearpark, J. J. Heyd, E. N. Brothers, K. N. Kudin, 
 V. N. Staroverov, T. A. Keith, R. Kobayashi, J. Normand, 
 K. Raghavachari, A. P. Rendell, J. C. Burant, S. S. Iyengar, 
 J. Tomasi, M. Cossi, J. M. Millam, M. Klene, C. Adamo, R. Cammi, 
 J. W. Ochterski, R. L. Martin, K. Morokuma, O. Farkas, 
 J. B. Foresman, and D. J. Fox, Gaussian, Inc., Wallingford CT, 2016.
 
 ******************************************
 Gaussian 16:  ES64L-G16RevA.03 25-Dec-2016
                22-Aug-2023 
 ******************************************
 %chk=cluster_005.chk
 %mem=8GB
 %nproc=8
 Will use up to    8 processors via shared memory.
 ----------------------------------------------------------------------
 #b3lyp/6-311++G** scrf=(cpcm,Solvent=Water) nosymm freq=roa scf=(xqc,c
 onver=8) iop(2/11=1) geom=checkpoint guess=checkpoint
 ----------------------------------------------------------------------
 1/10=4,29=2,30=1,38=1,83=21/1,3;
 2/11=1,12=2,15=1,40=1/2;
 3/5=4,6=6,7=1111,11=2,14=-4,25=1,30=1,36=2,70=2101,71=2,72=1,74=-5,116=-2,140=1/1,2,3;
 4/5=1/1;
 5/5=2,6=8,8=3,13=1,38=6,53=1,98=1/2,8;
 8/6=4,10=90,11=11/1;
 10/13=10,15=4,31=1,49=111,72=3/2;
 11/6=3,8=1,9=11,15=111,16=1,31=1/1,2,10;
 10/6=1,31=1,49=111/2;
 6/7=2,8=2,9=2,10=2,28=1/1;
 7/8=1,10=1,25=1,30=1/1,2,3,16;
 1/10=4,30=1/3;
 99//99;
 ---------------
 ROA cluster_005
 ---------------
 Structure from the checkpoint file:  "cluster_005.chk"
 Charge =  0 Multiplicity = 1
 No Z-Matrix found in chk file; cartesian coordinates used.
  O                                                 7.202084580000      7.740177770000     20.507518540000
  H                                                 7.840029510000      7.441815050000     19.846443020000
  H                                                 7.054557420000      6.943817630000     21.049144760000
  O                                                 4.379638170000      3.110725040000     19.473502970000
  H                                                 5.119093020000      2.743626780000     18.971472450000
  H                                                 3.658377550000      3.166027470000     18.816286590000
  O                                                 3.760774690000      6.967599090000     18.941621860000
  H                                                 3.022462740000      6.822504130000     18.335093350000
  H                                                 3.964050770000      6.072566140000     19.249376720000
  O                                                 2.187894040000      3.136488280000     17.329361020000
  H                                                 1.547860130000      3.857204440000     17.276266670000
  H                                                 1.644721200000      2.360456920000     17.527816290000
  O                                                 6.060884840000      3.768275900000     24.827202740000
  H                                                 5.412087510000      4.430442480000     25.145647050000
  H                                                 6.853990650000      3.933893380000     25.354293390000
  O                                                 4.671731650000      6.646716480000     25.152245090000
  H                                                 4.080803850000      6.931293020000     25.863392400000
  H                                                 4.058816970000      6.189543080000     24.526429040000
  O                                                 0.671033290000      6.788625000000     23.373604150000
  H                                                 0.034035670000      6.477758050000     22.713721350000
  H                                                 1.098685790000      7.541873130000     22.942548350000
  O                                                 2.997791040000      5.208576580000     23.460772730000
  H                                                 2.092061770000      5.571410210000     23.461584930000
  H                                                 2.939237550000      4.231079290000     23.460943510000
  O                                                 6.032013210000      1.412993190000     23.293105030000
  H                                                 6.092499770000      2.154061730000     23.923870900000
  H                                                 6.413543540000      1.782148610000     22.483613160000
  O                                                 3.053300410000      2.484367880000     23.033301020000
  H                                                 3.936161820000      2.102329600000     23.179465160000
  H                                                 3.006068930000      2.573698770000     22.066049690000
  O                                                 6.744868960000      4.932634470000     22.102081600000
  H                                                 6.475582000000      4.696022410000     23.008053430000
  H                                                 6.067687010000      4.524319430000     21.545069530000
 Recover connectivity data from disk.
 Using perturbation frequencies:    0.085645

 GradGradGradGradGradGradGradGradGradGradGradGradGradGradGradGradGradGrad
 Berny optimization.
 Initialization pass.
 Trust Radius=3.00D-01 FncErr=1.00D-07 GrdErr=1.00D-07 EigMax=2.50D+02 EigMin=1.00D-04
 Number of steps in this run=      2 maximum allowed number of steps=      2.
 GradGradGradGradGradGradGradGradGradGradGradGradGradGradGradGradGradGrad

                          Input orientation:                          
 ---------------------------------------------------------------------
 Center     Atomic      Atomic             Coordinates (Angstroms)
 Number     Number       Type             X           Y           Z
 ---------------------------------------------------------------------
      1          8           0        7.202085    7.740178   20.507519
      2          1           0        7.840030    7.441815   19.846443
      3          1           0        7.054557    6.943818   21.049145
      4          8           0        4.379638    3.110725   19.473503
      5          1           0        5.119093    2.743627   18.971472
      6          1           0        3.658378    3.166027   18.816287
      7          8           0        3.760775    6.967599   18.941622
      8          1           0        3.022463    6.822504   18.335093
      9          1           0        3.964051    6.072566   19.249377
     10          8           0        2.187894    3.136488   17.329361
     11          1           0        1.547860    3.857204   17.276267
     12          1           0        1.644721    2.360457   17.527816
     13          8           0        6.060885    3.768276   24.827203
     14          1           0        5.412088    4.430442   25.145647
     15          1           0        6.853991    3.933893   25.354293
     16          8           0        4.671732    6.646716   25.152245
     17          1           0        4.080804    6.931293   25.863392
     18          1           0        4.058817    6.189543   24.526429
     19          8           0        0.671033    6.788625   23.373604
     20          1           0        0.034036    6.477758   22.713721
     21          1           0        1.098686    7.541873   22.942548
     22          8           0        2.997791    5.208577   23.460773
     23          1           0        2.092062    5.571410   23.461585
     24          1           0        2.939238    4.231079   23.460944
     25          8           0        6.032013    1.412993   23.293105
     26          1           0        6.092500    2.154062   23.923871
     27          1           0        6.413544    1.782149   22.483613
     28          8           0        3.053300    2.484368   23.033301
     29          1           0        3.936162    2.102330   23.179465
     30          1           0        3.006069    2.573699   22.066050
     31          8           0        6.744869    4.932634   22.102082
     32          1           0        6.475582    4.696022   23.008053
     33          1           0        6.067687    4.524319   21.545070
 ---------------------------------------------------------------------
                    Distance matrix (angstroms):
                    1          2          3          4          5
     1  O    0.000000
     2  H    0.965927   0.000000
     3  H    0.974327   1.520348   0.000000
     4  O    5.519712   5.556234   4.932589   0.000000
     5  H    5.627061   5.499276   5.069946   0.966224   0.000000
     6  H    6.028348   6.068756   5.548999   0.977348   1.528462
     7  O    3.858954   4.205223   3.910399   3.942254   4.437101
     8  H    4.799041   5.086912   4.861952   4.112810   4.630127
     9  H    3.853403   4.153859   3.680961   2.999241   3.534571
    10  O    7.512440   7.537783   7.212278   3.066227   3.382720
    11  H    7.582132   7.684181   7.354285   3.661154   4.107004
    12  H    8.288806   8.341347   7.916646   3.439240   3.781828
    13  O    5.978128   6.439582   5.034399   5.649873   6.018842
    14  H    5.972493   6.560856   5.078985   5.914459   6.407154
    15  H    6.172536   6.604105   5.256822   6.433018   6.720640
    16  O    5.401095   6.230717   4.754110   6.696019   7.323673
    17  H    6.251566   7.113093   5.658652   7.450955   8.131000
    18  H    5.332564   6.145569   4.651333   5.925716   6.622391
    19  O    7.195452   8.016360   6.795335   6.518549   7.451578
    20  H    7.605390   8.371633   7.230197   6.381237   7.335255
    21  H    6.574205   7.419002   6.278141   6.514138   7.413251
    22  O    5.727722   6.441895   5.028356   4.712622   5.543439
    23  H    6.288274   7.043209   5.685924   5.214669   6.109041
    24  H    6.261658   6.884127   5.487402   4.385160   5.207652
    25  O    7.011549   7.176008   6.055656   4.494663   4.613081
    26  H    6.641335   6.902146   5.668454   4.863628   5.081472
    27  H    6.326520   6.404791   5.395500   3.868158   3.864605
    28  O    7.156502   7.592438   6.311389   3.850150   4.564336
    29  H    7.042079   7.406708   6.140249   3.866224   4.417894
    30  H    6.835793   7.210575   6.043368   2.982681   3.751020
    31  O    3.260978   3.547290   2.291166   3.977826   4.151580
    32  H    4.005916   4.404188   3.037288   4.404452   4.684645
    33  H    3.564423   3.812914   2.659667   3.023102   3.270183
                    6          7          8          9         10
     6  H    0.000000
     7  O    3.805015   0.000000
     8  H    3.742427   0.966454   0.000000
     9  H    2.954483   0.968049   1.511592   0.000000
    10  O    2.091445   4.444181   3.910846   3.932143   0.000000
    11  H    2.702530   4.164727   3.476862   3.826090   0.965347
    12  H    2.522679   5.263296   4.739170   4.703490   0.967805
    13  O    6.501220   7.082813   7.791521   6.388944   8.462674
    14  H    6.688426   6.903182   7.603677   6.289625   8.553600
    15  H    7.317588   7.739103   8.502579   7.084891   9.317073
    16  O    7.299757   6.285272   7.016021   5.972798   8.926851
    17  H    8.001085   6.929260   7.603105   6.670551   9.529603
    18  H    6.473618   5.646616   6.309303   5.279199   8.038612
    19  O    6.543438   5.405645   5.560302   5.325970   7.223008
    20  H    6.268446   5.325154   5.312432   5.254606   6.692871
    21  H    6.536519   4.839827   5.044507   4.899867   7.218148
    22  O    5.116604   4.909076   5.373822   4.406358   6.522553
    23  H    5.460587   5.016374   5.358339   4.636615   6.598651
    24  H    4.819163   5.346750   5.744280   4.709417   6.273671
    25  O    5.361826   7.412663   7.931083   6.506906   7.301639
    26  H    5.747734   7.309575   7.902779   6.460330   7.726491
    27  H    4.791174   6.817021   7.356278   5.904912   6.801225
    28  O    4.314393   6.110787   6.394805   5.293649   5.805956
    29  H    4.499549   6.454527   6.825162   5.586515   6.192709
    30  H    3.367094   5.444078   5.654436   4.592760   4.839665
    31  O    4.841878   4.799417   5.622999   4.143708   6.838934
    32  H    5.277162   5.391299   6.187286   4.725496   7.284502
    33  H    3.885355   4.250812   4.985879   3.477436   5.895004
                   11         12         13         14         15
    11  H    0.000000
    12  H    1.520826   0.000000
    13  O    8.797269   8.646704   0.000000
    14  H    8.785670   8.746956   0.980209   0.000000
    15  H    9.665165   9.532362   0.966577   1.539214   0.000000
    16  O    8.920257   9.255632   3.212603   2.336673   3.487476
    17  H    9.465968   9.813708   3.872865   2.922623   4.115113
    18  H    8.019324   8.334887   3.156149   2.304172   3.685961
    19  O    6.821992   7.397971   6.347122   5.583794   7.092361
    20  H    6.222932   6.814696   6.937651   6.247336   7.743104
    21  H    6.773868   7.514290   6.512709   5.756742   7.208160
    22  O    6.494353   6.718821   3.650225   3.045180   4.481129
    23  H    6.441492   6.761653   4.568125   3.893641   5.379570
    24  H    6.350271   6.354290   3.438827   2.998826   4.358714
    25  O    7.892030   7.306475   2.810987   3.594610   3.358434
    26  H    8.230740   7.793257   1.850053   2.671630   2.407027
    27  H    7.422748   6.901886   3.092165   3.886232   3.614527
    28  O    6.106920   5.684172   3.729888   3.716596   4.683308
    29  H    6.605401   6.103971   3.163047   3.385903   4.074092
    30  H    5.168731   4.742816   4.287526   4.326701   5.241105
    31  O    7.173140   7.317890   3.041357   3.360326   3.403861
    32  H    7.605224   7.669751   2.083745   2.402261   2.495772
    33  H    6.252724   6.354782   3.368092   3.660981   3.934090
                   16         17         18         19         20
    16  O    0.000000
    17  H    0.967424   0.000000
    18  H    0.988088   1.529100   0.000000
    19  O    4.380558   4.224445   3.628358   0.000000
    20  H    5.242439   5.148053   4.423555   0.968426   0.000000
    21  H    4.295430   4.218669   3.619372   0.967512   1.522558
    22  O    2.780540   3.148531   1.795465   2.813886   3.309494
    23  H    3.266391   3.401919   2.320368   1.873146   2.369860
    24  H    3.420137   3.790262   2.494854   3.419564   3.747813
    25  O    5.718271   6.392592   5.313193   7.592365   7.871675
    26  H    4.869439   5.534492   4.558953   7.153619   7.540809
    27  H    5.815456   6.586218   5.398422   7.670288   7.924634
    28  O    4.943115   5.370319   4.119323   4.931291   5.016498
    29  H    5.008430   5.526597   4.305191   5.714903   5.881146
    30  H    5.374803   5.879073   4.498453   4.992764   4.949155
    31  O    4.066875   5.023877   3.830425   6.477110   6.913523
    32  H    3.414182   4.345614   3.221307   6.181052   6.689898
    33  H    4.411913   5.328146   3.961948   6.131435   6.448769
                   21         22         23         24         25
    21  H    0.000000
    22  O    3.052774   0.000000
    23  H    2.266918   0.975702   0.000000
    24  H    3.823313   0.979249   1.585621   0.000000
    25  O    7.875518   4.862208   5.730972   4.187486   0.000000
    26  H    7.411456   4.372842   5.281617   3.804125   0.975042
    27  H    7.850654   4.935850   5.830106   4.361564   0.968049
    28  O    5.422833   2.758102   3.261478   1.801913   3.176173
    29  H    6.139710   3.257061   3.938885   2.367417   2.209229
    30  H    5.393433   2.981258   3.430627   2.167281   3.465435
    31  O    6.276456   3.995345   4.889264   4.101404   3.783461
    32  H    6.083927   3.544389   4.493022   3.595416   3.325100
    33  H    5.979093   3.682715   4.535970   3.680185   3.568929
                   26         27         28         29         30
    26  H    0.000000
    27  H    1.521753   0.000000
    28  O    3.184172   3.476565   0.000000
    29  H    2.281800   2.593096   0.973017   0.000000
    30  H    3.626796   3.523038   0.972515   1.525436   0.000000
    31  O    3.385996   3.190753   4.526462   4.130402   4.420916
    32  H    2.728926   2.961342   4.074809   3.633907   4.174823
    33  H    3.358189   2.918901   3.932272   3.616723   3.667403
                   31         32         33
    31  O    0.000000
    32  H    0.974313   0.000000
    33  H    0.967243   1.528457   0.000000
 Symmetry turned off by external request.
 Stoichiometry    H22O11
 Framework group  C1[X(H22O11)]
 Deg. of freedom    93
 Full point group                 C1      NOp   1
 Rotational constants (GHZ):           0.3347793           0.2612576           0.2506079
 Standard basis: 6-311++G(d,p) (5D, 7F)
   396 basis functions,   594 primitive gaussians,   407 cartesian basis functions
    55 alpha electrons       55 beta electrons
       nuclear repulsion energy       715.5192831208 Hartrees.
 NAtoms=   33 NActive=   33 NUniq=   33 SFac= 1.00D+00 NAtFMM=   60 NAOKFM=F Big=F
 Integral buffers will be    131072 words long.
 Raffenetti 2 integral format.
 Two-electron integral symmetry is turned off.
 Force inversion solution in PCM.
 ------------------------------------------------------------------------------
 Polarizable Continuum Model (PCM)
 =================================
 Model                : C-PCM.
 Atomic radii         : UFF (Universal Force Field).
 Polarization charges : Total charges.
 Charge compensation  : None.
 Solution method      : Matrix inversion.
 Cavity type          : Scaled VdW (van der Waals Surface) (Alpha=1.100).
 Cavity algorithm     : GePol (No added spheres)
                        Default sphere list used, NSphG=   33.
                        Lebedev-Laikov grids with approx.  5.0 points / Ang**2.
                        Smoothing algorithm: York/Karplus (Gamma=1.0000).
                        Polarization charges: spherical gaussians, with
                                              point-specific exponents (IZeta= 3).
                        Self-potential: point-specific (ISelfS= 7).
                        Self-field    : sphere-specific E.n sum rule (ISelfD= 2).
 1st derivatives      : Analytical E(r).r(x)/FMM algorithm (CHGder, D1EAlg=3).
                        Cavity 1st derivative terms included.
 2nd derivatives      : Analytical E(r).r(xy)/FMM algorithm (CHGder, D2EAlg=3).
                        Cavity 2nd derivative terms included.
 Solvent              : Water, Eps=  78.355300 Eps(inf)=   1.777849
 ------------------------------------------------------------------------------
 One-electron integrals computed using PRISM.
 NBasis=   396 RedAO= T EigKep=  4.20D-04  NBF=   396
 NBsUse=   396 1.00D-06 EigRej= -1.00D+00 NBFU=   396
 Initial guess from the checkpoint file:  "cluster_005.chk"
 B after Tr=     0.000000    0.000000    0.000000
         Rot=    1.000000    0.000000    0.000000    0.000000 Ang=   0.00 deg.
 Requested convergence on RMS density matrix=1.00D-08 within  32 cycles.
 Requested convergence on MAX density matrix=1.00D-06.
 Requested convergence on             energy=1.00D-06.
 No special actions if energy rises.
 Inv3:  Mode=1 IEnd=    35335872.
 Iteration    1 A*A^-1 deviation from unit magnitude is 1.08D-14 for   1285.
 Iteration    1 A*A^-1 deviation from orthogonality  is 5.93D-15 for   3337    415.
 Iteration    1 A^-1*A deviation from unit magnitude is 1.08D-14 for   1285.
 Iteration    1 A^-1*A deviation from orthogonality  is 3.02D-15 for   3403    403.
 Error on total polarization charges =  0.01758
 SCF Done:  E(RB3LYP) =  -841.178475208     A.U. after   10 cycles
            NFock= 10  Conv=0.28D-08     -V/T= 2.0036
 QCSCF skips out because SCF is already converged.
 DoSCS=F DFT=T ScalE2(SS,OS)=  1.000000  1.000000
 Range of M.O.s used for correlation:     1   396
 NBasis=   396 NAE=    55 NBE=    55 NFC=     0 NFV=     0
 NROrb=    396 NOA=    55 NOB=    55 NVA=   341 NVB=   341

 **** Warning!!: The largest alpha MO coefficient is  0.16438899D+02

 NEqPCM:  Using non-equilibrium solvation (IEInf=1, Eps=  78.3553, EpsInf=   1.7778)
 Inv3:  Mode=1 IEnd=    35335872.
 Iteration    1 A*A^-1 deviation from unit magnitude is 1.08D-14 for   1285.
 Iteration    1 A*A^-1 deviation from orthogonality  is 5.93D-15 for   3337    415.
 Iteration    1 A^-1*A deviation from unit magnitude is 1.08D-14 for   1285.
 Iteration    1 A^-1*A deviation from orthogonality  is 3.02D-15 for   3403    403.
          Differentiating once with respect to electric field.
                with respect to dipole field.
                with respect to quadrupole field.
          Differentiating once with respect to magnetic field using GIAOs.
          Electric field/nuclear overlap derivatives assumed to be zero.
 FoFJK:  IHMeth= 1 ICntrl=    6127 DoSepK=F KAlg= 0 I1Cent=           0 FoldK=F
 IRaf=         1 NMat=       1 IRICut=       1 DoRegI=T DoRafI=F ISym2E= 0 IDoP0=0 IntGTp=1.
 CalDSu exits because no D1Ps are significant.
          There are    12 degrees of freedom in the 1st order CPHF.  IDoFFX=0 NUNeed=    12.
     11 vectors produced by pass  0 Test12= 3.13D-13 8.33D-09 XBig12= 1.00D+00 1.73D-01.
 AX will form    11 AO Fock derivatives at one time.
     11 vectors produced by pass  1 Test12= 3.13D-13 8.33D-09 XBig12= 9.38D-02 3.73D-02.
     11 vectors produced by pass  2 Test12= 3.13D-13 8.33D-09 XBig12= 3.84D-02 2.76D-02.
     11 vectors produced by pass  3 Test12= 3.13D-13 8.33D-09 XBig12= 1.96D-03 8.25D-03.
     11 vectors produced by pass  4 Test12= 3.13D-13 8.33D-09 XBig12= 7.85D-05 1.24D-03.
     11 vectors produced by pass  5 Test12= 3.13D-13 8.33D-09 XBig12= 3.01D-06 1.70D-04.
     11 vectors produced by pass  6 Test12= 3.13D-13 8.33D-09 XBig12= 7.12D-08 2.64D-05.
     11 vectors produced by pass  7 Test12= 3.13D-13 8.33D-09 XBig12= 1.43D-09 3.91D-06.
     11 vectors produced by pass  8 Test12= 3.13D-13 8.33D-09 XBig12= 3.23D-11 5.40D-07.
      9 vectors produced by pass  9 Test12= 3.13D-13 8.33D-09 XBig12= 7.58D-13 6.75D-08.
 InvSVY:  IOpt=1 It=  1 EMax= 2.27D-13
 Solved reduced A of dimension   108 with    12 vectors.
 Isotropic polarizability for W=    0.085645      104.56 Bohr**3.
 Dipole-magnetic dipole polarizability for W=    0.085645:
                 1             2             3 
      1  -0.855096D+02  0.224269D+04 -0.424847D+03
      2  -0.214250D+04  0.716841D+02  0.355560D+03
      3   0.463602D+03 -0.451692D+03  0.137793D+02
 DQ contribution to OR G for W=    0.085645:
                 1             2             3 
      1  -0.169107D+03  0.733743D+04 -0.151536D+04
      2  -0.714131D+04  0.141917D+03  0.134347D+04
      3   0.159426D+04 -0.154080D+04  0.271903D+02
 Optical Rotation G' tensor for W=    0.085645:
                 1             2             3 
      1   0.454901D+00 -0.533064D+00  0.173005D+00
      2  -0.533064D+00 -0.385915D+00 -0.633638D+00
      3   0.173005D+00 -0.633638D+00 -0.115206D+00
 OR G Eigenvalues:    -0.9723     0.0014     0.9247  Iso=     0.0154
 Eigenvectors:
   (1)   0.233907   0.803775   0.547022
   (2)  -0.629595  -0.303512   0.715186
   (3)   0.740877  -0.511689   0.435059
 w=    0.085645 a.u., Optical Rotation Beta=      0.0154 au.
 Molar Mass =    198.1672 grams/mole, [Alpha] ( 5320.0 A) =        3.69 deg.
 End of Minotr F.D. properties on file   721 Mask=       B NFrqRd=     1 NDeriv=     1 ND12= 1 LenFil=      39:
 Frequencies=    0.085645
 Property number 1 -- Alpha(-w,w) frequency  1    0.085645:
                 1             2             3 
      1   0.103483D+03 -0.313059D+01  0.365881D+01
      2  -0.313059D+01  0.107376D+03  0.113377D+01
      3   0.365881D+01  0.113377D+01  0.102833D+03
 Property number 2 -- FD Optical Rotation Tensor frequency  1    0.085645:
                 1             2             3 
      1  -0.855096D+02  0.224269D+04 -0.424847D+03
      2  -0.214250D+04  0.716841D+02  0.355560D+03
      3   0.463602D+03 -0.451692D+03  0.137793D+02
 Property number 4 -- D-Q polarizability frequency  1    0.085645:
                 1             2             3 
      1   0.103245D+04 -0.696296D+03 -0.283032D+04
      2  -0.681707D+03  0.123739D+04 -0.284515D+04
      3  -0.350747D+03 -0.541095D+03  0.567547D+04
      4   0.897960D+03  0.859091D+03  0.249470D+02
      5   0.431099D+04 -0.144160D+03  0.992720D+03
      6  -0.116970D+03  0.449228D+04  0.974267D+03
 End of Minotr F.D. properties file   722 does not exist.
 End of Minotr F.D. properties file   788 does not exist.
 Symmetrizing basis deriv contribution to polar:
 IMax=3 JMax=2 DiffMx= 0.00D+00
 G2DrvN: will do    34 centers at a time, making    1 passes.
 PxScal for G2LodP:  IOpCl= 0 ISclPx=1 IMOff=     1 NMtTot=    25 NTT=   78606 ScalPx= 3.54D+02
 Calling FoFCou, ICntrl=  3107 FMM=F I1Cent=   0 AccDes= 0.00D+00.
 PxScal for G2LodP:  IOpCl= 0 ISclPx=0 IMOff=     1 NMtTot=    25 NTT=   78606 ScalPx= 1.00D+00
 NEqPCM:  Using non-equilibrium solvation (IEInf=1, Eps=  78.3553, EpsInf=   1.7778)
 G2PCM: DoFxE=T DoFxN=T DoGrad=T DoDP/DQ/DG/TGxP=TTTF NFrqRd=   1 IEInf=1 SqF1=F DoCFld=F IF1Alg=4.
 End of G2Drv F.D. properties on file   721 Mask=       B NFrqRd=     1 NDeriv=     1 ND12= 1 LenFil=      39:
 Frequencies=    0.085645
 Property number 1 -- Alpha(-w,w) frequency  1    0.085645:
                 1             2             3 
      1   0.103483D+03 -0.313059D+01  0.365881D+01
      2  -0.313059D+01  0.107376D+03  0.113377D+01
      3   0.365881D+01  0.113377D+01  0.102833D+03
 Property number 2 -- FD Optical Rotation Tensor frequency  1    0.085645:
                 1             2             3 
      1  -0.855096D+02  0.224269D+04 -0.424847D+03
      2  -0.214250D+04  0.716841D+02  0.355560D+03
      3   0.463602D+03 -0.451692D+03  0.137793D+02
 Property number 4 -- D-Q polarizability frequency  1    0.085645:
                 1             2             3 
      1   0.103245D+04 -0.696296D+03 -0.283032D+04
      2  -0.681707D+03  0.123739D+04 -0.284515D+04
      3  -0.350747D+03 -0.541095D+03  0.567547D+04
      4   0.897960D+03  0.859091D+03  0.249470D+02
      5   0.431099D+04 -0.144160D+03  0.992720D+03
      6  -0.116970D+03  0.449228D+04  0.974267D+03
 End of G2Drv F.D. properties on file   722 Mask=       B NFrqRd=     1 NDeriv=    99 ND12= 1 LenFil=    3567:
 Frequencies=    0.085645
 Property number 1 -- Alpha(-w,w) derivatives, frequency  1    0.085645:
                 1             2             3             4             5 
      1  -0.148348D+01 -0.151572D+01  0.133860D+00 -0.163116D+01 -0.699133D+00
      2  -0.151572D+01 -0.855547D+00 -0.131163D+01 -0.699133D+00  0.628126D+00
      3   0.133860D+00 -0.131163D+01  0.136608D+01 -0.859503D+00 -0.156841D+01
                 6             7             8             9            10 
      1  -0.859503D+00 -0.185593D+01 -0.200335D+01 -0.851203D-01  0.216959D+00
      2  -0.156841D+01 -0.200335D+01 -0.197823D+01  0.288822D+00  0.307849D+00
      3   0.525997D+00 -0.851203D-01  0.288822D+00  0.223282D+00 -0.863698D-01
                11            12            13            14            15 
      1   0.307849D+00 -0.863698D-01  0.103460D+01  0.508426D+00 -0.146391D+00
      2   0.509666D+00  0.772383D+00  0.508426D+00  0.385239D+00  0.112286D-01
      3   0.772383D+00 -0.102508D+01 -0.146391D+00  0.112286D-01  0.241896D+00
                16            17            18            19            20 
      1   0.134769D+01  0.121903D+01  0.331486D+00  0.155832D+01  0.128339D+01
      2   0.121903D+01  0.264300D+00  0.107337D+00  0.128339D+01  0.451103D+00
      3   0.331486D+00  0.107337D+00  0.177427D-01 -0.253121D+00  0.520861D+00
                21            22            23            24            25 
      1  -0.253121D+00  0.529553D+00  0.536880D+00  0.976829D+00  0.340222D+00
      2   0.520861D+00  0.536880D+00 -0.615186D+00  0.153526D+01  0.611853D+00
      3  -0.337628D+00  0.976829D+00  0.153526D+01 -0.961039D+00 -0.161631D+00
                26            27            28            29            30 
      1   0.611853D+00 -0.161631D+00  0.122425D+01 -0.331281D+00  0.102086D+01
      2   0.162477D+01 -0.331370D+00 -0.331281D+00  0.140300D+01  0.347748D-02
      3  -0.331370D+00 -0.270316D+00  0.102086D+01  0.347748D-02  0.737374D+00
                31            32            33            34            35 
      1  -0.593549D+00 -0.107352D+00  0.655649D+00  0.124808D+01 -0.813226D+00
      2  -0.107352D+00  0.240856D+01  0.664113D+00 -0.813226D+00 -0.212067D+01
      3   0.655649D+00  0.664113D+00 -0.765861D+00  0.802676D+00  0.430836D-01
                36            37            38            39            40 
      1   0.802676D+00 -0.415976D-01 -0.143643D+00  0.966815D-01  0.319807D+00
      2   0.430836D-01 -0.143643D+00 -0.135684D+01  0.965578D-01  0.962908D-01
      3   0.856648D+00  0.966815D-01  0.965578D-01 -0.187470D+00 -0.472704D+00
                41            42            43            44            45 
      1   0.962908D-01 -0.472704D+00  0.848713D-01 -0.124656D-01 -0.290702D+00
      2  -0.578208D+00 -0.166682D+00 -0.124656D-01  0.129062D+01  0.135271D+00
      3  -0.166682D+00  0.637592D+00 -0.290702D+00  0.135271D+00  0.260326D+00
                46            47            48            49            50 
      1  -0.153996D+01  0.458675D+00 -0.131429D+01  0.341433D+00 -0.106086D+00
      2   0.458675D+00  0.105159D+00 -0.961692D-01 -0.106086D+00 -0.173935D+01
      3  -0.131429D+01 -0.961692D-01 -0.649394D+00 -0.149388D+00 -0.543827D+00
                51            52            53            54            55 
      1  -0.149388D+00 -0.146821D+01  0.882349D+00 -0.342880D+00 -0.281346D-01
      2  -0.543827D+00  0.882349D+00  0.852434D+00 -0.276945D+00 -0.562243D+00
      3  -0.151320D-01 -0.342880D+00 -0.276945D+00 -0.125400D+01  0.841671D+00
                56            57            58            59            60 
      1  -0.562243D+00  0.841671D+00 -0.539387D+00 -0.261144D+00  0.622838D+00
      2  -0.257174D+00  0.119161D+01 -0.261144D+00  0.147150D+01 -0.123213D+01
      3   0.119161D+01 -0.223374D+01  0.622838D+00 -0.123213D+01 -0.798307D-01
                61            62            63            64            65 
      1  -0.517832D+00  0.150651D+01 -0.549404D+00  0.312642D+00  0.279056D-01
      2   0.150651D+01 -0.117210D+01 -0.549774D+00  0.279056D-01 -0.129158D-02
      3  -0.549404D+00 -0.549774D+00  0.130348D+01 -0.514375D+00 -0.781037D+00
                66            67            68            69            70 
      1  -0.514375D+00  0.278308D+00 -0.168220D+00  0.124723D+00  0.554068D+00
      2  -0.781037D+00 -0.168220D+00  0.331684D+00 -0.833057D-01 -0.956052D+00
      3   0.160070D+01  0.124723D+00 -0.833057D-01  0.322636D+00  0.566084D-01
                71            72            73            74            75 
      1  -0.956052D+00  0.566084D-01 -0.224308D+00  0.612979D+00 -0.369061D+00
      2   0.207509D+00  0.238277D+00  0.612979D+00  0.296527D+00 -0.388319D+00
      3   0.238277D+00 -0.178820D+00 -0.369061D+00 -0.388319D+00  0.597300D+00
                76            77            78            79            80 
      1   0.313253D+00  0.414439D+00 -0.711425D+00 -0.637040D-01 -0.542927D+00
      2   0.414439D+00 -0.185115D+01  0.118224D+01 -0.542927D+00  0.891632D+00
      3  -0.711425D+00  0.118224D+01 -0.193443D+00  0.480597D+00  0.318087D+00
                81            82            83            84            85 
      1   0.480597D+00 -0.765453D+00 -0.149709D+00 -0.234365D-01 -0.589278D-01
      2   0.318087D+00 -0.149709D+00  0.536840D+00 -0.410147D+00  0.242191D+00
      3  -0.118536D+01 -0.234365D-01 -0.410147D+00 -0.155568D+01  0.332203D+00
                86            87            88            89            90 
      1   0.242191D+00  0.332203D+00  0.377544D-01  0.132044D+00  0.822688D+00
      2  -0.435212D+00 -0.894230D+00  0.132044D+00  0.301555D+00  0.141595D+01
      3  -0.894230D+00  0.110147D+01  0.822688D+00  0.141595D+01  0.465700D+01
                91            92            93            94            95 
      1   0.502971D+00 -0.117520D+00  0.130717D+00 -0.211069D+00 -0.128346D+00
      2  -0.117520D+00 -0.644626D+00 -0.377423D+00 -0.128346D+00  0.317965D+00
      3   0.130717D+00 -0.377423D+00  0.975414D+00 -0.186883D+00  0.294546D+00
                96            97            98            99           100 
      1  -0.186883D+00 -0.434070D-01  0.219873D-01 -0.521835D+00  0.499086D+00
      2   0.294546D+00  0.219873D-01 -0.477188D-01 -0.361576D+00  0.278069D+00
      3  -0.104361D+01 -0.521835D+00 -0.361576D+00 -0.208620D+01  0.571427D-01
               101           102           103           104           105 
      1   0.278069D+00  0.571427D-01  0.204440D+00 -0.901331D-01 -0.179249D+00
      2  -0.198090D-01  0.784814D+00 -0.901331D-01  0.142070D+00  0.571985D+00
      3   0.784814D+00  0.716928D+00 -0.179249D+00  0.571985D+00 -0.156310D-01
               106           107           108           109           110 
      1   0.929058D-01 -0.195990D+00 -0.356034D+00  0.806376D+00 -0.111505D+01
      2  -0.195990D+00 -0.375921D+00 -0.925800D+00 -0.111505D+01  0.116253D+01
      3  -0.356034D+00 -0.925800D+00 -0.213631D+01  0.733235D+00 -0.103387D+01
               111           112           113           114           115 
      1   0.733235D+00 -0.211998D+01  0.299627D+00 -0.566447D+00  0.146198D+00
      2  -0.103387D+01  0.299627D+00  0.144413D+01 -0.209224D+01  0.499587D+00
      3   0.128240D+01 -0.566447D+00 -0.209224D+01  0.159483D+01 -0.244413D+00
               116           117           118           119           120 
      1   0.499587D+00 -0.244413D+00 -0.699446D+00  0.133393D+01 -0.950663D-01
      2  -0.354635D+00  0.796302D+00  0.133393D+01 -0.618061D+00  0.121091D+00
      3   0.796302D+00 -0.110323D+01 -0.950663D-01  0.121091D+00  0.344916D+00
               121           122           123           124           125 
      1   0.184260D+01 -0.389594D+00  0.596169D+00  0.781052D+00 -0.772624D+00
      2  -0.389594D+00 -0.151555D+00  0.190893D+01 -0.772624D+00  0.606103D+00
      3   0.596169D+00  0.190893D+01 -0.430860D+00  0.686884D+00 -0.605017D+00
               126           127           128           129           130 
      1   0.686884D+00 -0.471416D+00  0.489287D-01 -0.305352D+00  0.164682D-01
      2  -0.605017D+00  0.489287D-01 -0.686855D+00  0.705350D+00  0.191311D+00
      3   0.123183D+00 -0.305352D+00  0.705350D+00 -0.123841D+01 -0.319371D+00
               131           132           133           134           135 
      1   0.191311D+00 -0.319371D+00 -0.974316D+00 -0.892183D-01 -0.557624D+00
      2  -0.535517D+00  0.666721D+00 -0.892183D-01 -0.278631D-01 -0.327024D+00
      3   0.666721D+00 -0.134006D+01 -0.557624D+00 -0.327024D+00 -0.939992D-01
               136           137           138           139           140 
      1   0.199153D+00  0.555660D+00  0.578342D-01  0.422938D+00  0.103717D+00
      2   0.555660D+00  0.437364D-02  0.140495D+01  0.103717D+00 -0.368300D+01
      3   0.578342D-01  0.140495D+01 -0.141408D+00  0.153122D+01 -0.248238D+00
               141           142           143           144           145 
      1   0.153122D+01  0.203795D+00  0.473402D+00  0.474699D+00  0.140690D+00
      2  -0.248238D+00  0.473402D+00  0.364593D+01  0.141819D+01 -0.260111D+00
      3   0.347712D+01  0.474699D+00  0.141819D+01 -0.108303D-01  0.451884D-01
               146           147           148           149           150 
      1  -0.260111D+00  0.451884D-01  0.995619D-01  0.968206D-01 -0.607495D+00
      2   0.758120D+00  0.366308D+00  0.968206D-01  0.117705D+01  0.220315D+00
      3   0.366308D+00  0.183398D+01 -0.607495D+00  0.220315D+00 -0.160071D+01
               151           152           153           154           155 
      1   0.381465D+00  0.204959D+00  0.503197D-01 -0.341342D+00 -0.363756D+00
      2   0.204959D+00 -0.214379D+01 -0.196442D+00 -0.363756D+00 -0.557018D+00
      3   0.503197D-01 -0.196442D+00 -0.314576D+00  0.104022D+00 -0.137941D+01
               156           157           158           159           160 
      1   0.104022D+00 -0.649244D+00 -0.503151D-01 -0.407881D+00 -0.307286D+00
      2  -0.137941D+01 -0.503151D-01  0.261196D+01  0.342404D+00 -0.412570D+00
      3  -0.186787D+01 -0.407881D+00  0.342404D+00 -0.236608D+01 -0.373709D+00
               161           162           163           164           165 
      1  -0.412570D+00 -0.373709D+00  0.144297D+01 -0.128626D+01 -0.120048D+01
      2  -0.136084D+01 -0.708270D+00 -0.128626D+01  0.112724D+01  0.154401D+01
      3  -0.708270D+00  0.556553D+00 -0.120048D+01  0.154401D+01  0.604613D+00
               166           167           168           169           170 
      1  -0.322441D+01  0.784033D-01  0.166934D+01 -0.240382D+01  0.216514D+01
