 Entering Gaussian System, Link 0=g16
 Input=FREE.INP
 Output=FREE.OUT
 Initial command:
 /usr/local/g16-A.03/sse4/g16/l1.exe "/scratch/zronyj/cluster_411/Gau-4108.inp" -scrdir="/scratch/zronyj/cluster_411/"
 Entering Link 1 = /usr/local/g16-A.03/sse4/g16/l1.exe PID=      4109.
  
 Copyright (c) 1988,1990,1992,1993,1995,1998,2003,2009,2016,
            Gaussian, Inc.  All Rights Reserved.
  
 This is part of the Gaussian(R) 16 program.  It is based on
 the Gaussian(R) 09 system (copyright 2009, Gaussian, Inc.),
 the Gaussian(R) 03 system (copyright 2003, Gaussian, Inc.),
 the Gaussian(R) 98 system (copyright 1998, Gaussian, Inc.),
 the Gaussian(R) 94 system (copyright 1995, Gaussian, Inc.),
 the Gaussian 92(TM) system (copyright 1992, Gaussian, Inc.),
 the Gaussian 90(TM) system (copyright 1990, Gaussian, Inc.),
 the Gaussian 88(TM) system (copyright 1988, Gaussian, Inc.),
 the Gaussian 86(TM) system (copyright 1986, Carnegie Mellon
 University), and the Gaussian 82(TM) system (copyright 1983,
 Carnegie Mellon University). Gaussian is a federally registered
 trademark of Gaussian, Inc.
  
 This software contains proprietary and confidential information,
 including trade secrets, belonging to Gaussian, Inc.
  
 This software is provided under written license and may be
 used, copied, transmitted, or stored only in accord with that
 written license.
  
 The following legend is applicable only to US Government
 contracts under FAR:
  
                    RESTRICTED RIGHTS LEGEND
  
 Use, reproduction and disclosure by the US Government is
 subject to restrictions as set forth in subparagraphs (a)
 and (c) of the Commercial Computer Software - Restricted
 Rights clause in FAR 52.227-19.
  
 Gaussian, Inc.
 340 Quinnipiac St., Bldg. 40, Wallingford CT 06492
  
  
 ---------------------------------------------------------------
 Warning -- This program may not be used in any manner that
 competes with the business of Gaussian, Inc. or will provide
 assistance to any competitor of Gaussian, Inc.  The licensee
 of this program is prohibited from giving any competitor of
 Gaussian, Inc. access to this program.  By using this program,
 the user acknowledges that Gaussian, Inc. is engaged in the
 business of creating and licensing software in the field of
 computational chemistry and represents and warrants to the
 licensee that it is not a competitor of Gaussian, Inc. and that
 it will not use this program in any manner prohibited above.
 ---------------------------------------------------------------
  

 Cite this work as:
 Gaussian 16, Revision A.03,
 M. J. Frisch, G. W. Trucks, H. B. Schlegel, G. E. Scuseria, 
 M. A. Robb, J. R. Cheeseman, G. Scalmani, V. Barone, 
 G. A. Petersson, H. Nakatsuji, X. Li, M. Caricato, A. V. Marenich, 
 J. Bloino, B. G. Janesko, R. Gomperts, B. Mennucci, H. P. Hratchian, 
 J. V. Ortiz, A. F. Izmaylov, J. L. Sonnenberg, D. Williams-Young, 
 F. Ding, F. Lipparini, F. Egidi, J. Goings, B. Peng, A. Petrone, 
 T. Henderson, D. Ranasinghe, V. G. Zakrzewski, J. Gao, N. Rega, 
 G. Zheng, W. Liang, M. Hada, M. Ehara, K. Toyota, R. Fukuda, 
 J. Hasegawa, M. Ishida, T. Nakajima, Y. Honda, O. Kitao, H. Nakai, 
 T. Vreven, K. Throssell, J. A. Montgomery, Jr., J. E. Peralta, 
 F. Ogliaro, M. J. Bearpark, J. J. Heyd, E. N. Brothers, K. N. Kudin, 
 V. N. Staroverov, T. A. Keith, R. Kobayashi, J. Normand, 
 K. Raghavachari, A. P. Rendell, J. C. Burant, S. S. Iyengar, 
 J. Tomasi, M. Cossi, J. M. Millam, M. Klene, C. Adamo, R. Cammi, 
 J. W. Ochterski, R. L. Martin, K. Morokuma, O. Farkas, 
 J. B. Foresman, and D. J. Fox, Gaussian, Inc., Wallingford CT, 2016.
 
 ******************************************
 Gaussian 16:  ES64L-G16RevA.03 25-Dec-2016
                24-Aug-2023 
 ******************************************
 %chk=cluster_411.chk
 %mem=8GB
 %nproc=8
 Will use up to    8 processors via shared memory.
 ----------------------------------------------------------------------
 #b3lyp/6-311++G** scrf=(cpcm,Solvent=Water) nosymm freq=roa scf=(xqc,c
 onver=8) iop(2/11=1) geom=checkpoint guess=checkpoint
 ----------------------------------------------------------------------
 1/10=4,29=2,30=1,38=1,83=21/1,3;
 2/11=1,12=2,15=1,40=1/2;
 3/5=4,6=6,7=1111,11=2,14=-4,25=1,30=1,36=2,70=2101,71=2,72=1,74=-5,116=-2,140=1/1,2,3;
 4/5=1/1;
 5/5=2,6=8,8=3,13=1,38=6,53=1,98=1/2,8;
 8/6=4,10=90,11=11/1;
 10/13=10,15=4,31=1,49=111,72=3/2;
 11/6=3,8=1,9=11,15=111,16=1,31=1/1,2,10;
 10/6=1,31=1,49=111/2;
 6/7=2,8=2,9=2,10=2,28=1/1;
 7/8=1,10=1,25=1,30=1/1,2,3,16;
 1/10=4,30=1/3;
 99//99;
 ---------------
 ROA cluster_411
 ---------------
 Structure from the checkpoint file:  "cluster_411.chk"
 Charge =  0 Multiplicity = 1
 No Z-Matrix found in chk file; cartesian coordinates used.
  O                                                18.791018470000      7.212573600000      4.017457280000
  H                                                19.398318680000      7.986774560000      4.015716740000
  H                                                18.072098250000      7.403666790000      3.398719220000
  O                                                15.721340070000      6.549731570000      3.853247820000
  H                                                15.144722800000      7.316854980000      3.981052950000
  H                                                15.995582330000      6.332886160000      4.757261710000
  O                                                14.849566080000     11.179037050000     11.236694500000
  H                                                14.766288610000     10.498193970000     10.543534810000
  H                                                15.635315740000     11.672235400000     10.969898950000
  O                                                20.059946690000      5.359916380000      9.819518160000
  H                                                19.155077570000      5.095407780000     10.031333760000
  H                                                20.087859440000      5.378625400000      8.838121500000
  O                                                17.521387720000     10.927425630000      4.215209990000
  H                                                17.804991320000     10.859819690000      5.153592910000
  H                                                17.075270240000     10.085190690000      4.061774780000
  O                                                14.638225830000      4.117934290000      6.141134730000
  H                                                14.010637510000      4.801073680000      5.858521790000
  H                                                14.090084250000      3.323092690000      6.216200670000
  O                                                20.054885030000      4.439840730000      4.094562880000
  H                                                19.664471660000      5.313422390000      3.910806510000
  H                                                19.329342500000      3.819699740000      3.944508180000
  O                                                15.384421590000      3.065224370000      2.791368400000
  H                                                15.389426030000      4.020176940000      2.633911130000
  H                                                15.274006970000      3.029089630000      3.754401430000
  O                                                17.608257660000      5.976546260000      6.218922980000
  H                                                17.481233790000      5.044508860000      5.989399790000
  H                                                18.006921400000      6.409496660000      5.424137830000
  O                                                14.394156670000      9.063998220000      9.151264310000
  H                                                14.700480220000      8.626549830000      8.330393850000
  H                                                13.601501220000      8.574017990000      9.393255560000
  O                                                20.478418710000      9.515271080000      4.200749140000
  H                                                21.125832670000      9.600162900000      3.484428480000
  H                                                19.758196670000     10.131327580000      3.965467680000
  O                                                14.916408600000      7.524238110000      6.993226240000
  H                                                15.667380600000      6.933234820000      7.167523740000
  H                                                14.131681830000      6.967309540000      7.097469480000
  O                                                20.273696050000      5.828546420000      6.999397380000
  H                                                19.310644120000      5.970319770000      6.893212210000
  H                                                20.454635310000      5.154465900000      6.316371190000
  O                                                15.904709140000      3.380588380000      8.882432340000
  H                                                15.533357600000      3.650738600000      8.029486860000
  H                                                15.955762120000      4.230119020000      9.363100770000
  O                                                19.611153150000      9.681836160000      9.671502430000
  H                                                20.134260940000      9.682928080000     10.483710000000
  H                                                19.087708510000      8.873865660000      9.749773670000
  O                                                18.672669910000     10.387243160000      6.525189810000
  H                                                18.744248150000      9.430874310000      6.377500220000
  H                                                19.580390470000     10.696535700000      6.394372240000
  O                                                15.830482600000      5.820565650000     10.219028380000
  H                                                16.481334110000      6.532609060000     10.155965790000
  H                                                14.979128080000      6.276273640000     10.176308260000
 Recover connectivity data from disk.
 Using perturbation frequencies:    0.085645

 GradGradGradGradGradGradGradGradGradGradGradGradGradGradGradGradGradGrad
 Berny optimization.
 Initialization pass.
 Trust Radius=3.00D-01 FncErr=1.00D-07 GrdErr=1.00D-07 EigMax=2.50D+02 EigMin=1.00D-04
 Number of steps in this run=      2 maximum allowed number of steps=      2.
 GradGradGradGradGradGradGradGradGradGradGradGradGradGradGradGradGradGrad

                          Input orientation:                          
 ---------------------------------------------------------------------
 Center     Atomic      Atomic             Coordinates (Angstroms)
 Number     Number       Type             X           Y           Z
 ---------------------------------------------------------------------
      1          8           0       18.791018    7.212574    4.017457
      2          1           0       19.398319    7.986775    4.015717
      3          1           0       18.072098    7.403667    3.398719
      4          8           0       15.721340    6.549732    3.853248
      5          1           0       15.144723    7.316855    3.981053
      6          1           0       15.995582    6.332886    4.757262
      7          8           0       14.849566   11.179037   11.236695
      8          1           0       14.766289   10.498194   10.543535
      9          1           0       15.635316   11.672235   10.969899
     10          8           0       20.059947    5.359916    9.819518
     11          1           0       19.155078    5.095408   10.031334
     12          1           0       20.087859    5.378625    8.838121
     13          8           0       17.521388   10.927426    4.215210
     14          1           0       17.804991   10.859820    5.153593
     15          1           0       17.075270   10.085191    4.061775
     16          8           0       14.638226    4.117934    6.141135
     17          1           0       14.010638    4.801074    5.858522
     18          1           0       14.090084    3.323093    6.216201
     19          8           0       20.054885    4.439841    4.094563
     20          1           0       19.664472    5.313422    3.910807
     21          1           0       19.329343    3.819700    3.944508
     22          8           0       15.384422    3.065224    2.791368
     23          1           0       15.389426    4.020177    2.633911
     24          1           0       15.274007    3.029090    3.754401
     25          8           0       17.608258    5.976546    6.218923
     26          1           0       17.481234    5.044509    5.989400
     27          1           0       18.006921    6.409497    5.424138
     28          8           0       14.394157    9.063998    9.151264
     29          1           0       14.700480    8.626550    8.330394
     30          1           0       13.601501    8.574018    9.393256
     31          8           0       20.478419    9.515271    4.200749
     32          1           0       21.125833    9.600163    3.484428
     33          1           0       19.758197   10.131328    3.965468
     34          8           0       14.916409    7.524238    6.993226
     35          1           0       15.667381    6.933235    7.167524
     36          1           0       14.131682    6.967310    7.097469
     37          8           0       20.273696    5.828546    6.999397
     38          1           0       19.310644    5.970320    6.893212
     39          1           0       20.454635    5.154466    6.316371
     40          8           0       15.904709    3.380588    8.882432
     41          1           0       15.533358    3.650739    8.029487
     42          1           0       15.955762    4.230119    9.363101
     43          8           0       19.611153    9.681836    9.671502
     44          1           0       20.134261    9.682928   10.483710
     45          1           0       19.087709    8.873866    9.749774
     46          8           0       18.672670   10.387243    6.525190
     47          1           0       18.744248    9.430874    6.377500
     48          1           0       19.580390   10.696536    6.394372
     49          8           0       15.830483    5.820566   10.219028
     50          1           0       16.481334    6.532609   10.155966
     51          1           0       14.979128    6.276274   10.176308
 ---------------------------------------------------------------------
 Symmetry turned off by external request.
 Stoichiometry    H34O17
 Framework group  C1[X(H34O17)]
 Deg. of freedom   147
 Full point group                 C1      NOp   1
                          Input orientation:                          
 ---------------------------------------------------------------------
 Center     Atomic      Atomic             Coordinates (Angstroms)
 Number     Number       Type             X           Y           Z
 ---------------------------------------------------------------------
      1          8           0       18.791018    7.212574    4.017457
      2          1           0       19.398319    7.986775    4.015717
      3          1           0       18.072098    7.403667    3.398719
      4          8           0       15.721340    6.549732    3.853248
      5          1           0       15.144723    7.316855    3.981053
      6          1           0       15.995582    6.332886    4.757262
      7          8           0       14.849566   11.179037   11.236695
      8          1           0       14.766289   10.498194   10.543535
      9          1           0       15.635316   11.672235   10.969899
     10          8           0       20.059947    5.359916    9.819518
     11          1           0       19.155078    5.095408   10.031334
     12          1           0       20.087859    5.378625    8.838121
     13          8           0       17.521388   10.927426    4.215210
     14          1           0       17.804991   10.859820    5.153593
     15          1           0       17.075270   10.085191    4.061775
     16          8           0       14.638226    4.117934    6.141135
     17          1           0       14.010638    4.801074    5.858522
     18          1           0       14.090084    3.323093    6.216201
     19          8           0       20.054885    4.439841    4.094563
     20          1           0       19.664472    5.313422    3.910807
     21          1           0       19.329343    3.819700    3.944508
     22          8           0       15.384422    3.065224    2.791368
     23          1           0       15.389426    4.020177    2.633911
     24          1           0       15.274007    3.029090    3.754401
     25          8           0       17.608258    5.976546    6.218923
     26          1           0       17.481234    5.044509    5.989400
     27          1           0       18.006921    6.409497    5.424138
     28          8           0       14.394157    9.063998    9.151264
     29          1           0       14.700480    8.626550    8.330394
     30          1           0       13.601501    8.574018    9.393256
     31          8           0       20.478419    9.515271    4.200749
     32          1           0       21.125833    9.600163    3.484428
     33          1           0       19.758197   10.131328    3.965468
     34          8           0       14.916409    7.524238    6.993226
     35          1           0       15.667381    6.933235    7.167524
     36          1           0       14.131682    6.967310    7.097469
     37          8           0       20.273696    5.828546    6.999397
     38          1           0       19.310644    5.970320    6.893212
     39          1           0       20.454635    5.154466    6.316371
     40          8           0       15.904709    3.380588    8.882432
     41          1           0       15.533358    3.650739    8.029487
     42          1           0       15.955762    4.230119    9.363101
     43          8           0       19.611153    9.681836    9.671502
     44          1           0       20.134261    9.682928   10.483710
     45          1           0       19.087709    8.873866    9.749774
     46          8           0       18.672670   10.387243    6.525190
     47          1           0       18.744248    9.430874    6.377500
     48          1           0       19.580390   10.696536    6.394372
     49          8           0       15.830483    5.820566   10.219028
     50          1           0       16.481334    6.532609   10.155966
     51          1           0       14.979128    6.276274   10.176308
 ---------------------------------------------------------------------
 Rotational constants (GHZ):           0.1646699           0.1405686           0.1168524
 Standard basis: 6-311++G(d,p) (5D, 7F)
   612 basis functions,   918 primitive gaussians,   629 cartesian basis functions
    85 alpha electrons       85 beta electrons
       nuclear repulsion energy      1551.2220233678 Hartrees.
 NAtoms=   51 NActive=   51 NUniq=   51 SFac= 1.00D+00 NAtFMM=   60 NAOKFM=F Big=F
 Integral buffers will be    131072 words long.
 Raffenetti 2 integral format.
 Two-electron integral symmetry is turned off.
 Force inversion solution in PCM.
 ------------------------------------------------------------------------------
 Polarizable Continuum Model (PCM)
 =================================
 Model                : C-PCM.
 Atomic radii         : UFF (Universal Force Field).
 Polarization charges : Total charges.
 Charge compensation  : None.
 Solution method      : Matrix inversion.
 Cavity type          : Scaled VdW (van der Waals Surface) (Alpha=1.100).
 Cavity algorithm     : GePol (No added spheres)
                        Default sphere list used, NSphG=   51.
                        Lebedev-Laikov grids with approx.  5.0 points / Ang**2.
                        Smoothing algorithm: York/Karplus (Gamma=1.0000).
                        Polarization charges: spherical gaussians, with
                                              point-specific exponents (IZeta= 3).
                        Self-potential: point-specific (ISelfS= 7).
                        Self-field    : sphere-specific E.n sum rule (ISelfD= 2).
 1st derivatives      : Analytical E(r).r(x)/FMM algorithm (CHGder, D1EAlg=3).
                        Cavity 1st derivative terms included.
 2nd derivatives      : Analytical E(r).r(xy)/FMM algorithm (CHGder, D2EAlg=3).
                        Cavity 2nd derivative terms included.
 Solvent              : Water, Eps=  78.355300 Eps(inf)=   1.777849
 ------------------------------------------------------------------------------
 One-electron integrals computed using PRISM.
 NBasis=   612 RedAO= T EigKep=  1.46D-04  NBF=   612
 NBsUse=   612 1.00D-06 EigRej= -1.00D+00 NBFU=   612
 Initial guess from the checkpoint file:  "cluster_411.chk"
 B after Tr=     0.000000    0.000000    0.000000
         Rot=    1.000000    0.000000    0.000000    0.000000 Ang=   0.00 deg.
 Requested convergence on RMS density matrix=1.00D-08 within  32 cycles.
 Requested convergence on MAX density matrix=1.00D-06.
 Requested convergence on             energy=1.00D-06.
 No special actions if energy rises.
 Inv3:  Mode=1 IEnd=    72030000.
 Iteration    1 A*A^-1 deviation from unit magnitude is 1.09D-14 for    601.
 Iteration    1 A*A^-1 deviation from orthogonality  is 2.50D-15 for   3487    604.
 Iteration    1 A^-1*A deviation from unit magnitude is 1.09D-14 for    601.
 Iteration    1 A^-1*A deviation from orthogonality  is 2.60D-15 for   3571   3171.
 Error on total polarization charges =  0.02185
 SCF Done:  E(RB3LYP) =  -1299.99264208     A.U. after   10 cycles
            NFock= 10  Conv=0.32D-08     -V/T= 2.0035
 QCSCF skips out because SCF is already converged.
 DoSCS=F DFT=T ScalE2(SS,OS)=  1.000000  1.000000
 Range of M.O.s used for correlation:     1   612
 NBasis=   612 NAE=    85 NBE=    85 NFC=     0 NFV=     0
 NROrb=    612 NOA=    85 NOB=    85 NVA=   527 NVB=   527

 **** Warning!!: The largest alpha MO coefficient is  0.19263166D+02

 NEqPCM:  Using non-equilibrium solvation (IEInf=1, Eps=  78.3553, EpsInf=   1.7778)
 Inv3:  Mode=1 IEnd=    72030000.
 Iteration    1 A*A^-1 deviation from unit magnitude is 1.09D-14 for    601.
 Iteration    1 A*A^-1 deviation from orthogonality  is 2.50D-15 for   3487    604.
 Iteration    1 A^-1*A deviation from unit magnitude is 1.09D-14 for    601.
 Iteration    1 A^-1*A deviation from orthogonality  is 2.60D-15 for   3571   3171.
          Differentiating once with respect to electric field.
                with respect to dipole field.
                with respect to quadrupole field.
          Differentiating once with respect to magnetic field using GIAOs.
          Electric field/nuclear overlap derivatives assumed to be zero.
 FoFJK:  IHMeth= 1 ICntrl=    6127 DoSepK=F KAlg= 0 I1Cent=           0 FoldK=F
 IRaf=         1 NMat=       1 IRICut=       1 DoRegI=T DoRafI=F ISym2E= 0 IDoP0=0 IntGTp=1.
 CalDSu exits because no D1Ps are significant.
          There are    12 degrees of freedom in the 1st order CPHF.  IDoFFX=0 NUNeed=    12.
     11 vectors produced by pass  0 Test12= 7.47D-13 8.33D-09 XBig12= 1.00D+00 1.54D-01.
 AX will form    11 AO Fock derivatives at one time.
     11 vectors produced by pass  1 Test12= 7.47D-13 8.33D-09 XBig12= 1.07D-01 2.81D-02.
     11 vectors produced by pass  2 Test12= 7.47D-13 8.33D-09 XBig12= 3.83D-02 2.55D-02.
     11 vectors produced by pass  3 Test12= 7.47D-13 8.33D-09 XBig12= 2.24D-03 7.12D-03.
     11 vectors produced by pass  4 Test12= 7.47D-13 8.33D-09 XBig12= 5.54D-04 2.15D-03.
     11 vectors produced by pass  5 Test12= 7.47D-13 8.33D-09 XBig12= 7.38D-05 1.03D-03.
     11 vectors produced by pass  6 Test12= 7.47D-13 8.33D-09 XBig12= 4.18D-06 1.85D-04.
     11 vectors produced by pass  7 Test12= 7.47D-13 8.33D-09 XBig12= 1.35D-07 2.95D-05.
     11 vectors produced by pass  8 Test12= 7.47D-13 8.33D-09 XBig12= 2.59D-09 5.23D-06.
     11 vectors produced by pass  9 Test12= 7.47D-13 8.33D-09 XBig12= 1.01D-10 8.95D-07.
      8 vectors produced by pass 10 Test12= 7.47D-13 8.33D-09 XBig12= 2.86D-12 1.80D-07.
      5 vectors produced by pass 11 Test12= 7.47D-13 8.33D-09 XBig12= 4.66D-14 2.17D-08.
 InvSVY:  IOpt=1 It=  1 EMax= 2.27D-13
 Solved reduced A of dimension   123 with    12 vectors.
 Isotropic polarizability for W=    0.085645      164.07 Bohr**3.
 Dipole-magnetic dipole polarizability for W=    0.085645:
                 1             2             3 
      1  -0.346241D+01  0.101173D+04 -0.106040D+04
      2  -0.101630D+04  0.603806D+02  0.272652D+04
      3   0.106983D+04 -0.268274D+04 -0.567557D+02
 DQ contribution to OR G for W=    0.085645:
                 1             2             3 
      1  -0.255675D+01  0.347894D+04 -0.363471D+04
      2  -0.348340D+04  0.118325D+03  0.897605D+04
      3   0.364996D+04 -0.888840D+04 -0.115768D+03
 Optical Rotation G' tensor for W=    0.085645:
                 1             2             3 
      1   0.117326D+01  0.585666D+00 -0.449595D+00
      2   0.585666D+00 -0.527909D+00  0.106633D-01
      3  -0.449595D+00  0.106633D-01 -0.482869D+00
 OR G Eigenvalues:    -0.7991    -0.4883     1.4498  Iso=    -0.0542
 Eigenvectors:
   (1)  -0.350011   0.776573  -0.523858
   (2)   0.023327   0.566284   0.823880
   (3)   0.936455   0.276146  -0.216321
 w=    0.085645 a.u., Optical Rotation Beta=     -0.0542 au.
 Molar Mass =    306.2584 grams/mole, [Alpha] ( 5320.0 A) =       -8.39 deg.
 End of Minotr F.D. properties on file   721 Mask=       B NFrqRd=     1 NDeriv=     1 ND12= 1 LenFil=      39:
 Frequencies=    0.085645
 Property number 1 -- Alpha(-w,w) frequency  1    0.085645:
                 1             2             3 
      1   0.161224D+03  0.241976D+00 -0.120137D+00
      2   0.241976D+00  0.164336D+03  0.422247D+01
      3  -0.120137D+00  0.422247D+01  0.166651D+03
 Property number 2 -- FD Optical Rotation Tensor frequency  1    0.085645:
                 1             2             3 
      1  -0.346241D+01  0.101173D+04 -0.106040D+04
      2  -0.101630D+04  0.603806D+02  0.272652D+04
      3   0.106983D+04 -0.268274D+04 -0.567557D+02
 Property number 4 -- D-Q polarizability frequency  1    0.085645:
                 1             2             3 
      1   0.704428D+04 -0.148216D+04 -0.147109D+04
      2  -0.353058D+04  0.285556D+04 -0.133296D+04
      3  -0.351370D+04 -0.137340D+04  0.280405D+04
      4   0.216780D+04  0.535782D+04  0.118346D+03
      5   0.201231D+04  0.115790D+03  0.546235D+04
      6   0.217718D-01  0.214598D+04  0.226131D+04
 End of Minotr F.D. properties file   722 does not exist.
 End of Minotr F.D. properties file   788 does not exist.
 Symmetrizing basis deriv contribution to polar:
 IMax=3 JMax=2 DiffMx= 0.00D+00
 G2DrvN: will do    52 centers at a time, making    1 passes.
 PxScal for G2LodP:  IOpCl= 0 ISclPx=1 IMOff=     1 NMtTot=    25 NTT=  187578 ScalPx= 3.40D+02
 Calling FoFCou, ICntrl=  3107 FMM=F I1Cent=   0 AccDes= 0.00D+00.
 PxScal for G2LodP:  IOpCl= 0 ISclPx=0 IMOff=     1 NMtTot=    25 NTT=  187578 ScalPx= 1.00D+00
 NEqPCM:  Using non-equilibrium solvation (IEInf=1, Eps=  78.3553, EpsInf=   1.7778)
 G2PCM: DoFxE=T DoFxN=T DoGrad=T DoDP/DQ/DG/TGxP=TTTF NFrqRd=   1 IEInf=1 SqF1=F DoCFld=F IF1Alg=4.
 End of G2Drv F.D. properties on file   721 Mask=       B NFrqRd=     1 NDeriv=     1 ND12= 1 LenFil=      39:
 Frequencies=    0.085645
 Property number 1 -- Alpha(-w,w) frequency  1    0.085645:
                 1             2             3 
      1   0.161224D+03  0.241976D+00 -0.120137D+00
      2   0.241976D+00  0.164336D+03  0.422247D+01
      3  -0.120137D+00  0.422247D+01  0.166651D+03
 Property number 2 -- FD Optical Rotation Tensor frequency  1    0.085645:
                 1             2             3 
      1  -0.346241D+01  0.101173D+04 -0.106040D+04
      2  -0.101630D+04  0.603806D+02  0.272652D+04
      3   0.106983D+04 -0.268274D+04 -0.567557D+02
 Property number 4 -- D-Q polarizability frequency  1    0.085645:
                 1             2             3 
      1   0.704428D+04 -0.148216D+04 -0.147109D+04
      2  -0.353058D+04  0.285556D+04 -0.133296D+04
      3  -0.351370D+04 -0.137340D+04  0.280405D+04
      4   0.216780D+04  0.535782D+04  0.118346D+03
      5   0.201231D+04  0.115790D+03  0.546235D+04
      6   0.217718D-01  0.214598D+04  0.226131D+04
 End of G2Drv F.D. properties on file   722 Mask=       B NFrqRd=     1 NDeriv=   153 ND12= 1 LenFil=    5511:
 Frequencies=    0.085645
 Property number 1 -- Alpha(-w,w) derivatives, frequency  1    0.085645:
                 1             2             3             4             5 
      1  -0.596701D+00 -0.869351D+00  0.154155D+01  0.161636D+00 -0.247167D+01
      2  -0.869351D+00 -0.158731D+01 -0.690760D+00 -0.247167D+01  0.137163D+00
      3   0.154155D+01 -0.690760D+00 -0.436877D+01 -0.237454D+01  0.757104D+00
                 6             7             8             9            10 
      1  -0.237454D+01  0.176635D+01 -0.432226D+00 -0.216598D+01  0.716199D+00
      2   0.757104D+00 -0.432226D+00 -0.314045D+00  0.207282D+01  0.149442D+01
      3   0.330499D+01 -0.216598D+01  0.207282D+01  0.312231D+01 -0.348351D+00
                11            12            13            14            15 
      1   0.149442D+01 -0.348351D+00  0.569531D+00  0.190254D+01  0.175986D+01
      2   0.126500D+01 -0.294541D+00  0.190254D+01  0.873927D+00 -0.102899D+01
      3  -0.294541D+00  0.164838D+01  0.175986D+01 -0.102899D+01 -0.507557D+00
                16            17            18            19            20 
      1  -0.192179D+00  0.264076D+00  0.156813D+01 -0.439476D+00 -0.267102D+00
      2   0.264076D+00 -0.179396D+00 -0.608229D+00 -0.267102D+00  0.255236D+00
      3   0.156813D+01 -0.608229D+00 -0.333612D+01 -0.126621D+01  0.397563D+00
                21            22            23            24            25 
      1  -0.126621D+01 -0.288918D+00  0.347164D+00  0.293917D-01 -0.809212D+00
      2   0.397563D+00  0.347164D+00 -0.217341D+00 -0.149544D+00 -0.530760D-01
      3   0.316884D+01  0.293917D-01 -0.149544D+00 -0.228301D+01  0.760421D+00
                26            27            28            29            30 
      1  -0.530760D-01  0.760421D+00  0.354370D+01  0.163088D+01  0.247544D+01
      2   0.385951D+00 -0.433754D+00  0.163088D+01 -0.161303D+00  0.260245D+01
      3  -0.433754D+00 -0.335600D-01  0.247544D+01  0.260245D+01  0.433019D+00
                31            32            33            34            35 
      1   0.412087D+01  0.137305D+01  0.302028D+01  0.717080D+00  0.887820D+00
      2   0.137305D+01 -0.844386D-01  0.994813D+00  0.887820D+00  0.182686D+00
      3   0.302028D+01  0.994813D+00  0.125613D+01 -0.937883D+00  0.736980D+00
                36            37            38            39            40 
      1  -0.937883D+00 -0.589477D+00 -0.517609D+00 -0.571526D+00 -0.247956D+01
      2   0.736980D+00 -0.517609D+00  0.269832D+00 -0.151838D+01 -0.567007D+00
      3  -0.289281D+01 -0.571526D+00 -0.151838D+01 -0.813039D-01 -0.177290D+01
                41            42            43            44            45 
      1  -0.567007D+00 -0.177290D+01 -0.729008D+00  0.293580D+00 -0.278954D+00
      2  -0.134553D+00 -0.797889D-02  0.293580D+00 -0.228890D+00  0.272262D+00
      3  -0.797889D-02 -0.472727D+00 -0.278954D+00  0.272262D+00 -0.308263D+00
                46            47            48            49            50 
      1  -0.330501D+01 -0.885741D+00 -0.201238D+01 -0.164757D+01 -0.660906D+00
      2  -0.885741D+00 -0.420571D+00 -0.918868D+00 -0.660906D+00  0.235293D-01
      3  -0.201238D+01 -0.918868D+00 -0.844594D+00 -0.133610D+01 -0.887515D+00
                51            52            53            54            55 
      1  -0.133610D+01 -0.505564D+00 -0.137817D+01  0.992479D+00  0.747144D+00
      2  -0.887515D+00 -0.137817D+01 -0.562662D+00 -0.927566D+00 -0.182619D+01
      3  -0.843075D+00  0.992479D+00 -0.927566D+00  0.373940D+01  0.442190D+00
                56            57            58            59            60 
      1  -0.182619D+01  0.442190D+00 -0.111363D+01  0.156586D+01  0.797965D+00
      2   0.284461D+01 -0.388943D+00  0.156586D+01 -0.147894D+01  0.892391D+00
      3  -0.388943D+00 -0.248465D+01  0.797965D+00  0.892391D+00  0.330318D+01
                61            62            63            64            65 
      1   0.117743D+01 -0.147916D+01 -0.168087D+01 -0.948674D+00  0.128519D+01
      2  -0.147916D+01  0.252346D+01  0.187195D+01  0.128519D+01 -0.540776D+00
      3  -0.168087D+01  0.187195D+01 -0.921121D+00  0.715529D+00  0.514698D+00
                66            67            68            69            70 
      1   0.715529D+00  0.544472D+00 -0.102631D+01  0.494507D+00 -0.793972D+00
      2   0.514698D+00 -0.102631D+01  0.149804D+01 -0.761962D+00  0.953013D+00
      3   0.159241D+01  0.494507D+00 -0.761962D+00 -0.232553D+01  0.103839D+01
                71            72            73            74            75 
      1   0.953013D+00  0.103839D+01  0.687229D-01  0.798418D+00 -0.950795D+00
      2  -0.207604D+01 -0.151929D+01  0.798418D+00 -0.233249D+01 -0.657994D-01
      3  -0.151929D+01  0.253567D+00 -0.950795D+00 -0.657994D-01  0.928924D+00
                76            77            78            79            80 
      1   0.608057D+00 -0.514897D+00 -0.104695D+01 -0.570556D+00  0.777204D+00
      2  -0.514897D+00  0.634034D+00  0.195367D+00  0.777204D+00 -0.227376D+00
      3  -0.104695D+01  0.195367D+00 -0.100990D+01  0.794841D+00 -0.239199D-01
                81            82            83            84            85 
      1   0.794841D+00  0.119017D+01  0.144416D+01  0.533675D+00  0.215677D+01
      2  -0.239199D-01  0.144416D+01 -0.246019D+01  0.129396D+01 -0.360135D+01
      3   0.954607D+00  0.533675D+00  0.129396D+01  0.160914D+00  0.155229D+01
                86            87            88            89            90 
      1  -0.360135D+01  0.155229D+01  0.294275D+00  0.425457D-01  0.274607D-01
      2   0.291953D+01 -0.431532D+01  0.425457D-01 -0.858174D+00 -0.998072D-01
      3  -0.431532D+01  0.291685D+00  0.274607D-01 -0.998072D-01  0.321046D+01
                91            92            93            94            95 
      1  -0.152046D+01 -0.102204D+01 -0.446671D+00 -0.164412D+01  0.142033D+01
      2  -0.102204D+01  0.202767D+01 -0.105373D+01  0.142033D+01 -0.787131D+00
      3  -0.446671D+00 -0.105373D+01  0.941859D+00 -0.829337D+00  0.147981D+01
                96            97            98            99           100 
      1  -0.829337D+00  0.158593D+00  0.331852D+00  0.207646D+00  0.253446D+00
      2   0.147981D+01  0.331852D+00 -0.204870D+00 -0.933817D-01 -0.274862D+00
      3   0.607322D+00  0.207646D+00 -0.933817D-01  0.205295D+00 -0.129660D+00
               101           102           103           104           105 
      1  -0.274862D+00 -0.129660D+00 -0.277921D+00  0.253782D+01 -0.726827D+00
      2   0.349360D+00 -0.533286D-01  0.253782D+01 -0.213332D+01  0.307350D+01
      3  -0.533286D-01 -0.120354D+01 -0.726827D+00  0.307350D+01 -0.139093D+01
               106           107           108           109           110 
      1  -0.560256D+00 -0.356595D+00  0.940365D-01  0.194737D+01 -0.380915D+01
      2  -0.356595D+00  0.609572D+00 -0.241097D+00 -0.380915D+01  0.478138D+01
      3   0.940365D-01 -0.241097D+00 -0.270644D+01  0.167398D+01 -0.756359D+00
               111           112           113           114           115 
      1   0.167398D+01 -0.244846D+01  0.290340D+01 -0.867742D+00  0.162098D+00
      2  -0.756359D+00  0.290340D+01 -0.706846D+00  0.117006D+01 -0.297381D+00
      3  -0.143238D+01 -0.867742D+00  0.117006D+01 -0.124099D+01 -0.185183D+01
               116           117           118           119           120 
      1  -0.297381D+00 -0.185183D+01 -0.191065D+01  0.295502D+01 -0.180739D+01
      2   0.229487D+01 -0.225006D+00  0.295502D+01 -0.101083D+01  0.137760D+01
      3  -0.225006D+00 -0.241901D+01 -0.180739D+01  0.137760D+01 -0.647619D-01
               121           122           123           124           125 
      1   0.103899D+01 -0.131567D+01  0.819860D+00 -0.119680D+01  0.132624D+01
      2  -0.131567D+01  0.141269D+01 -0.142734D+01  0.132624D+01 -0.231260D+01
      3   0.819860D+00 -0.142734D+01  0.655524D+00  0.121591D+01  0.670253D+00
               126           127           128           129           130 
      1   0.121591D+01 -0.413092D+00  0.793284D+00 -0.449850D+00  0.161082D+01
      2   0.670253D+00  0.793284D+00 -0.258626D+01 -0.201460D+00 -0.161344D+01
      3   0.454019D+01 -0.449850D+00 -0.201460D+00  0.142428D+01  0.415100D+00
               131           132           133           134           135 
      1  -0.161344D+01  0.415100D+00  0.445628D+00 -0.786932D+00  0.200827D+00
      2  -0.117115D+01 -0.131689D+00 -0.786932D+00 -0.854884D-01  0.501198D+00
      3  -0.131689D+00  0.846558D+00  0.200827D+00  0.501198D+00 -0.443713D+00
               136           137           138           139           140 
      1  -0.617301D+00  0.990261D-01 -0.490709D+00 -0.213806D+00 -0.186256D+00
      2   0.990261D-01  0.324744D+00 -0.914969D+00 -0.186256D+00 -0.198476D+01
      3  -0.490709D+00 -0.914969D+00 -0.128841D+01  0.998289D+00  0.379593D+00
               141           142           143           144           145 
      1   0.998289D+00 -0.995992D+00 -0.295411D+00  0.170877D+01  0.747125D+00
      2   0.379593D+00 -0.295411D+00  0.116562D+01  0.202531D+01 -0.272457D+00
      3  -0.624980D-01  0.170877D+01  0.202531D+01  0.808137D-01  0.360114D+00
               146           147           148           149           150 
      1  -0.272457D+00  0.360114D+00 -0.997206D+00 -0.199551D+00 -0.485873D+00
      2  -0.145821D+01  0.339397D+00 -0.199551D+00  0.101519D+01 -0.324971D+00
      3   0.339397D+00  0.858902D+00 -0.485873D+00 -0.324971D+00 -0.611963D+00
               151           152           153           154           155 
      1   0.573497D+00  0.949058D-02 -0.112194D+01  0.468765D+00  0.485526D+00
      2   0.949058D-02 -0.460503D+00 -0.943881D+00  0.485526D+00  0.103843D+01
      3  -0.112194D+01 -0.943881D+00 -0.143541D+00  0.578893D-01  0.566379D+00
               156           157           158           159           160 
      1   0.578893D-01  0.111958D+01  0.439254D+00 -0.466793D+00  0.622085D+00
      2   0.566379D+00  0.439254D+00  0.103629D+01 -0.557176D-02  0.155324D+00
      3   0.468636D+00 -0.466793D+00 -0.557176D-02  0.414876D+00 -0.643802D+00
               161           162           163           164           165 
      1   0.155324D+00 -0.643802D+00  0.406466D+00 -0.441263D-01  0.111372D+01
      2  -0.370824D+00 -0.679265D+00 -0.441263D-01  0.585604D+00 -0.134008D+01
      3  -0.679265D+00 -0.264606D+00  0.111372D+01 -0.134008D+01 -0.324870D+01
               166           167           168           169           170 
      1   0.506428D+00  0.112778D+01 -0.676391D+00  0.248247D+01 -0.160943D+01
      2   0.112778D+01 -0.250981D+01  0.367334D+00 -0.160943D+01  0.103230D+01
      3  -0.676391D+00  0.367334D+00  0.620508D-01 -0.443132D+01  0.381709D+01
               171           172           173           174           175 
      1  -0.443132D+01  0.772543D+00  0.294686D-01 -0.110745D+01  0.105273D+00
      2   0.381709D+01  0.294686D-01 -0.183663D+01  0.520718D+00 -0.711129D+00
      3   0.523917D+01 -0.110745D+01  0.520718D+00  0.128395D+01  0.808291D+00
               176           177           178           179           180 
      1  -0.711129D+00  0.808291D+00 -0.160346D+01  0.135647D+01  0.212252D+01
