 Entering Gaussian System, Link 0=g16
 Input=FREE.INP
 Output=FREE.OUT
 Initial command:
 /usr/local/g16-A.03/sse4/g16/l1.exe "/scratch/zronyj/p1/cluster_440/Gau-4037.inp" -scrdir="/scratch/zronyj/p1/cluster_440/"
 Entering Link 1 = /usr/local/g16-A.03/sse4/g16/l1.exe PID=      4038.
  
 Copyright (c) 1988,1990,1992,1993,1995,1998,2003,2009,2016,
            Gaussian, Inc.  All Rights Reserved.
  
 This is part of the Gaussian(R) 16 program.  It is based on
 the Gaussian(R) 09 system (copyright 2009, Gaussian, Inc.),
 the Gaussian(R) 03 system (copyright 2003, Gaussian, Inc.),
 the Gaussian(R) 98 system (copyright 1998, Gaussian, Inc.),
 the Gaussian(R) 94 system (copyright 1995, Gaussian, Inc.),
 the Gaussian 92(TM) system (copyright 1992, Gaussian, Inc.),
 the Gaussian 90(TM) system (copyright 1990, Gaussian, Inc.),
 the Gaussian 88(TM) system (copyright 1988, Gaussian, Inc.),
 the Gaussian 86(TM) system (copyright 1986, Carnegie Mellon
 University), and the Gaussian 82(TM) system (copyright 1983,
 Carnegie Mellon University). Gaussian is a federally registered
 trademark of Gaussian, Inc.
  
 This software contains proprietary and confidential information,
 including trade secrets, belonging to Gaussian, Inc.
  
 This software is provided under written license and may be
 used, copied, transmitted, or stored only in accord with that
 written license.
  
 The following legend is applicable only to US Government
 contracts under FAR:
  
                    RESTRICTED RIGHTS LEGEND
  
 Use, reproduction and disclosure by the US Government is
 subject to restrictions as set forth in subparagraphs (a)
 and (c) of the Commercial Computer Software - Restricted
 Rights clause in FAR 52.227-19.
  
 Gaussian, Inc.
 340 Quinnipiac St., Bldg. 40, Wallingford CT 06492
  
  
 ---------------------------------------------------------------
 Warning -- This program may not be used in any manner that
 competes with the business of Gaussian, Inc. or will provide
 assistance to any competitor of Gaussian, Inc.  The licensee
 of this program is prohibited from giving any competitor of
 Gaussian, Inc. access to this program.  By using this program,
 the user acknowledges that Gaussian, Inc. is engaged in the
 business of creating and licensing software in the field of
 computational chemistry and represents and warrants to the
 licensee that it is not a competitor of Gaussian, Inc. and that
 it will not use this program in any manner prohibited above.
 ---------------------------------------------------------------
  

 Cite this work as:
 Gaussian 16, Revision A.03,
 M. J. Frisch, G. W. Trucks, H. B. Schlegel, G. E. Scuseria, 
 M. A. Robb, J. R. Cheeseman, G. Scalmani, V. Barone, 
 G. A. Petersson, H. Nakatsuji, X. Li, M. Caricato, A. V. Marenich, 
 J. Bloino, B. G. Janesko, R. Gomperts, B. Mennucci, H. P. Hratchian, 
 J. V. Ortiz, A. F. Izmaylov, J. L. Sonnenberg, D. Williams-Young, 
 F. Ding, F. Lipparini, F. Egidi, J. Goings, B. Peng, A. Petrone, 
 T. Henderson, D. Ranasinghe, V. G. Zakrzewski, J. Gao, N. Rega, 
 G. Zheng, W. Liang, M. Hada, M. Ehara, K. Toyota, R. Fukuda, 
 J. Hasegawa, M. Ishida, T. Nakajima, Y. Honda, O. Kitao, H. Nakai, 
 T. Vreven, K. Throssell, J. A. Montgomery, Jr., J. E. Peralta, 
 F. Ogliaro, M. J. Bearpark, J. J. Heyd, E. N. Brothers, K. N. Kudin, 
 V. N. Staroverov, T. A. Keith, R. Kobayashi, J. Normand, 
 K. Raghavachari, A. P. Rendell, J. C. Burant, S. S. Iyengar, 
 J. Tomasi, M. Cossi, J. M. Millam, M. Klene, C. Adamo, R. Cammi, 
 J. W. Ochterski, R. L. Martin, K. Morokuma, O. Farkas, 
 J. B. Foresman, and D. J. Fox, Gaussian, Inc., Wallingford CT, 2016.
 
 ******************************************
 Gaussian 16:  ES64L-G16RevA.03 25-Dec-2016
                23-Aug-2023 
 ******************************************
 %chk=cluster_440.chk
 %mem=6GB
 %nproc=8
 Will use up to    8 processors via shared memory.
 ----------------------------------------------------------------------
 #b3lyp/6-311++G** scrf=(cpcm,Solvent=Water) nosymm freq=roa scf=(xqc,c
 onver=8) iop(2/11=1) geom=checkpoint guess=checkpoint
 ----------------------------------------------------------------------
 1/10=4,29=2,30=1,38=1,83=21/1,3;
 2/11=1,12=2,15=1,40=1/2;
 3/5=4,6=6,7=1111,11=2,14=-4,25=1,30=1,36=2,70=2101,71=2,72=1,74=-5,116=-2,140=1/1,2,3;
 4/5=1/1;
 5/5=2,6=8,8=3,13=1,38=6,53=1,98=1/2,8;
 8/6=4,10=90,11=11/1;
 10/13=10,15=4,31=1,49=111,72=3/2;
 11/6=3,8=1,9=11,15=111,16=1,31=1/1,2,10;
 10/6=1,31=1,49=111/2;
 6/7=2,8=2,9=2,10=2,28=1/1;
 7/8=1,10=1,25=1,30=1/1,2,3,16;
 1/10=4,30=1/3;
 99//99;
 ---------------
 ROA cluster_440
 ---------------
 Structure from the checkpoint file:  "cluster_440.chk"
 Charge =  0 Multiplicity = 1
 No Z-Matrix found in chk file; cartesian coordinates used.
  O                                                13.869208700000     18.186463890000      0.940566260000
  H                                                14.124003230000     17.281071600000      1.167869790000
  H                                                14.720072870000     18.643952200000      1.032466960000
  O                                                14.848608650000     16.343415370000      5.639272810000
  H                                                15.292769530000     15.913489410000      6.382554420000
  H                                                14.357507940000     15.624049720000      5.215778480000
  O                                                18.658350250000     19.248389410000      4.810448820000
  H                                                18.350937730000     19.293727020000      5.727100590000
  H                                                18.039725900000     18.627370270000      4.405652000000
  O                                                18.560673940000     15.969626110000      1.068712860000
  H                                                18.645659440000     16.443014240000      1.907075440000
  H                                                18.596540660000     16.675830320000      0.404497200000
  O                                                17.014687820000     16.556171990000      3.688817830000
  H                                                16.353514100000     16.606768190000      4.414114750000
  H                                                16.535609640000     16.075061470000      2.996958740000
  O                                                19.289696130000     14.907273560000      5.427588750000
  H                                                18.565651330000     15.261318020000      4.889546250000
  H                                                20.056692460000     14.970810970000      4.839525440000
  O                                                17.012604060000     18.818067260000      1.879764960000
  H                                                17.889417040000     19.205980190000      1.988395320000
  H                                                16.972187760000     18.098783400000      2.535543940000
  O                                                15.705214510000     15.575334990000      0.937929320000
  H                                                15.382994170000     15.713769460000      0.035261660000
  H                                                16.679757470000     15.649699280000      0.862704330000
 Recover connectivity data from disk.
 Using perturbation frequencies:    0.085645

 GradGradGradGradGradGradGradGradGradGradGradGradGradGradGradGradGradGrad
 Berny optimization.
 Initialization pass.
 Trust Radius=3.00D-01 FncErr=1.00D-07 GrdErr=1.00D-07 EigMax=2.50D+02 EigMin=1.00D-04
 Number of steps in this run=      2 maximum allowed number of steps=      2.
 GradGradGradGradGradGradGradGradGradGradGradGradGradGradGradGradGradGrad

                          Input orientation:                          
 ---------------------------------------------------------------------
 Center     Atomic      Atomic             Coordinates (Angstroms)
 Number     Number       Type             X           Y           Z
 ---------------------------------------------------------------------
      1          8           0       13.869209   18.186464    0.940566
      2          1           0       14.124003   17.281072    1.167870
      3          1           0       14.720073   18.643952    1.032467
      4          8           0       14.848609   16.343415    5.639273
      5          1           0       15.292770   15.913489    6.382554
      6          1           0       14.357508   15.624050    5.215778
      7          8           0       18.658350   19.248389    4.810449
      8          1           0       18.350938   19.293727    5.727101
      9          1           0       18.039726   18.627370    4.405652
     10          8           0       18.560674   15.969626    1.068713
     11          1           0       18.645659   16.443014    1.907075
     12          1           0       18.596541   16.675830    0.404497
     13          8           0       17.014688   16.556172    3.688818
     14          1           0       16.353514   16.606768    4.414115
     15          1           0       16.535610   16.075061    2.996959
     16          8           0       19.289696   14.907274    5.427589
     17          1           0       18.565651   15.261318    4.889546
     18          1           0       20.056692   14.970811    4.839525
     19          8           0       17.012604   18.818067    1.879765
     20          1           0       17.889417   19.205980    1.988395
     21          1           0       16.972188   18.098783    2.535544
     22          8           0       15.705215   15.575335    0.937929
     23          1           0       15.382994   15.713769    0.035262
     24          1           0       16.679757   15.649699    0.862704
 ---------------------------------------------------------------------
                    Distance matrix (angstroms):
                    1          2          3          4          5
     1  O    0.000000
     2  H    0.967638   0.000000
     3  H    0.970418   1.493679   0.000000
     4  O    5.141390   4.625764   5.150888   0.000000
     5  H    6.066974   5.516270   6.033808   0.966738   0.000000
     6  H    5.008178   4.380161   5.172172   0.968511   1.523107
     7  O    6.248164   6.139953   5.490767   4.862094   4.992014
     8  H    6.650025   6.534856   5.970341   4.580214   4.605216
     9  H    5.440076   5.256295   4.732732   4.113575   4.338094
    10  O    5.190437   4.627501   4.680123   5.899929   6.238530
    11  H    5.175736   4.657697   4.584681   5.325111   5.617133
    12  H    4.991698   4.577406   4.392591   6.446733   6.872644
    13  O    4.483835   3.903424   4.084150   2.922574   3.261021
    14  H    4.553323   3.995436   4.272446   1.958343   2.341062
    15  H    3.974477   3.258201   3.708720   3.146396   3.610127
    16  O    7.763256   7.103837   7.359437   4.672320   4.230822
    17  H    6.797609   6.136654   6.411532   3.943277   3.655975
    18  H    7.989197   7.349501   7.514331   5.444977   5.095541
    19  O    3.340951   3.348606   2.450292   4.994064   5.627568
    20  H    4.277784   4.307769   3.357740   5.547044   6.073854
    21  H    3.490003   3.263639   2.761969   4.150185   4.732383
    22  O    3.192009   2.337229   3.224260   4.840078   5.470686
    23  H    3.037325   2.307443   3.165415   5.664536   6.351075
    24  H    3.786875   3.047356   3.582560   5.162359   5.697549
                    6          7          8          9         10
     6  H    0.000000
     7  O    5.638916   0.000000
     8  H    5.447519   0.967889   0.000000
     9  H    4.820266   0.965516   1.512320   0.000000
    10  O    5.914743   4.975984   5.726623   4.297692   0.000000
    11  H    5.477815   4.037309   4.775565   3.373641   0.966525
    12  H    6.498005   5.102381   5.936650   4.486401   0.970151
    13  O    3.203290   3.347793   3.665292   2.419590   3.098235
    14  H    2.364834   3.528103   3.596301   2.631770   4.058228
    15  H    3.141767   4.226675   4.594442   3.280406   2.798238
    16  O    4.988498   4.429983   4.495770   4.055354   4.545312
    17  H    4.236328   3.988933   4.124066   3.441084   3.885935
    18  H    5.748825   4.500432   4.731278   4.198431   4.177886
    19  O    5.327314   3.388593   4.101144   2.733395   3.341847
    20  H    5.976672   2.925242   3.768105   2.490083   3.430800
    21  H    4.488264   3.056130   3.676258   2.217283   3.034500
    22  O    4.485385   6.099897   6.615320   5.175902   2.885519
    23  H    5.281801   6.784092   7.349953   5.886222   3.351288
    24  H    4.933838   5.696498   6.303502   4.823745   1.919020
                   11         12         13         14         15
    11  H    0.000000
    12  H    1.521301   0.000000
    13  O    2.418156   3.647374   0.000000
    14  H    3.400881   4.594885   0.982734   0.000000
    15  H    2.403236   3.365890   0.969357   1.524533   0.000000
    16  O    3.894521   5.370261   3.304217   3.540703   3.854437
    17  H    3.209040   4.702921   2.350294   2.632456   2.892254
    18  H    3.571787   4.970776   3.618189   4.070732   4.124615
    19  O    2.882446   3.045398   2.896351   3.427415   2.999954
    20  H    2.865745   3.067640   3.267732   3.872856   3.557056
    21  H    2.436607   3.033921   1.926525   2.477478   2.121074
    22  O    3.215327   3.139332   3.200648   3.683478   2.275716
    23  H    3.831510   3.374726   4.089076   4.573151   3.198547
    24  H    2.363225   2.221926   2.986769   3.692551   2.180998
                   16         17         18         19         20
    16  O    0.000000
    17  H    0.969060   0.000000
    18  H    0.968576   1.519901   0.000000
    19  O    5.750349   4.911334   5.729576   0.000000
    20  H    5.680468   4.943109   5.546412   0.964924   0.000000
    21  H    4.890859   4.016424   4.960515   0.974191   1.538365
    22  O    5.783758   4.888352   5.875650   3.620999   4.365295
    23  H    6.707455   5.822207   6.743619   3.961627   4.721485
    24  H    5.310475   4.463507   5.261149   3.344212   3.921427
                   21         22         23         24
    21  H    0.000000
    22  O    3.244285   0.000000
    23  H    3.803320   0.968400   0.000000
    24  H    2.980255   0.980267   1.539598   0.000000
 Symmetry turned off by external request.
 Stoichiometry    H16O8
 Framework group  C1[X(H16O8)]
 Deg. of freedom    66
 Full point group                 C1      NOp   1
 Rotational constants (GHZ):           0.7724502           0.5149405           0.4901753
 Standard basis: 6-311++G(d,p) (5D, 7F)
   288 basis functions,   432 primitive gaussians,   296 cartesian basis functions
    40 alpha electrons       40 beta electrons
       nuclear repulsion energy       437.7120210819 Hartrees.
 NAtoms=   24 NActive=   24 NUniq=   24 SFac= 1.00D+00 NAtFMM=   60 NAOKFM=F Big=F
 Integral buffers will be    131072 words long.
 Raffenetti 2 integral format.
 Two-electron integral symmetry is turned off.
 Force inversion solution in PCM.
 ------------------------------------------------------------------------------
 Polarizable Continuum Model (PCM)
 =================================
 Model                : C-PCM.
 Atomic radii         : UFF (Universal Force Field).
 Polarization charges : Total charges.
 Charge compensation  : None.
 Solution method      : Matrix inversion.
 Cavity type          : Scaled VdW (van der Waals Surface) (Alpha=1.100).
 Cavity algorithm     : GePol (No added spheres)
                        Default sphere list used, NSphG=   24.
                        Lebedev-Laikov grids with approx.  5.0 points / Ang**2.
                        Smoothing algorithm: York/Karplus (Gamma=1.0000).
                        Polarization charges: spherical gaussians, with
                                              point-specific exponents (IZeta= 3).
                        Self-potential: point-specific (ISelfS= 7).
                        Self-field    : sphere-specific E.n sum rule (ISelfD= 2).
 1st derivatives      : Analytical E(r).r(x)/FMM algorithm (CHGder, D1EAlg=3).
                        Cavity 1st derivative terms included.
 2nd derivatives      : Analytical E(r).r(xy)/FMM algorithm (CHGder, D2EAlg=3).
                        Cavity 2nd derivative terms included.
 Solvent              : Water, Eps=  78.355300 Eps(inf)=   1.777849
 ------------------------------------------------------------------------------
 One-electron integrals computed using PRISM.
 NBasis=   288 RedAO= T EigKep=  2.71D-04  NBF=   288
 NBsUse=   288 1.00D-06 EigRej= -1.00D+00 NBFU=   288
 Initial guess from the checkpoint file:  "cluster_440.chk"
 B after Tr=     0.000000    0.000000    0.000000
         Rot=    1.000000    0.000000    0.000000    0.000000 Ang=   0.00 deg.
 Requested convergence on RMS density matrix=1.00D-08 within  32 cycles.
 Requested convergence on MAX density matrix=1.00D-06.
 Requested convergence on             energy=1.00D-06.
 No special actions if energy rises.
 Inv3:  Mode=1 IEnd=    16356675.
 Iteration    1 A*A^-1 deviation from unit magnitude is 6.44D-15 for    424.
 Iteration    1 A*A^-1 deviation from orthogonality  is 3.97D-15 for   2330    411.
 Iteration    1 A^-1*A deviation from unit magnitude is 5.33D-15 for    424.
 Iteration    1 A^-1*A deviation from orthogonality  is 2.14D-15 for   2301    405.
 Error on total polarization charges =  0.01562
 SCF Done:  E(RB3LYP) =  -611.756738192     A.U. after   10 cycles
            NFock= 10  Conv=0.45D-08     -V/T= 2.0035
 QCSCF skips out because SCF is already converged.
 DoSCS=F DFT=T ScalE2(SS,OS)=  1.000000  1.000000
 Range of M.O.s used for correlation:     1   288
 NBasis=   288 NAE=    40 NBE=    40 NFC=     0 NFV=     0
 NROrb=    288 NOA=    40 NOB=    40 NVA=   248 NVB=   248

 **** Warning!!: The largest alpha MO coefficient is  0.13788255D+02

 NEqPCM:  Using non-equilibrium solvation (IEInf=1, Eps=  78.3553, EpsInf=   1.7778)
 Inv3:  Mode=1 IEnd=    16356675.
 Iteration    1 A*A^-1 deviation from unit magnitude is 6.44D-15 for    424.
 Iteration    1 A*A^-1 deviation from orthogonality  is 3.97D-15 for   2330    411.
 Iteration    1 A^-1*A deviation from unit magnitude is 5.33D-15 for    424.
 Iteration    1 A^-1*A deviation from orthogonality  is 2.14D-15 for   2301    405.
          Differentiating once with respect to electric field.
                with respect to dipole field.
                with respect to quadrupole field.
          Differentiating once with respect to magnetic field using GIAOs.
          Electric field/nuclear overlap derivatives assumed to be zero.
 FoFJK:  IHMeth= 1 ICntrl=    6127 DoSepK=F KAlg= 0 I1Cent=           0 FoldK=F
 IRaf=         1 NMat=       1 IRICut=       1 DoRegI=T DoRafI=F ISym2E= 0 IDoP0=0 IntGTp=1.
 CalDSu exits because no D1Ps are significant.
          There are    12 degrees of freedom in the 1st order CPHF.  IDoFFX=0 NUNeed=    12.
     11 vectors produced by pass  0 Test12= 1.65D-13 8.33D-09 XBig12= 1.00D+00 1.84D-01.
 AX will form    11 AO Fock derivatives at one time.
     11 vectors produced by pass  1 Test12= 1.65D-13 8.33D-09 XBig12= 1.07D-01 3.99D-02.
     11 vectors produced by pass  2 Test12= 1.65D-13 8.33D-09 XBig12= 3.13D-02 2.88D-02.
     11 vectors produced by pass  3 Test12= 1.65D-13 8.33D-09 XBig12= 1.56D-03 7.88D-03.
     11 vectors produced by pass  4 Test12= 1.65D-13 8.33D-09 XBig12= 3.95D-05 1.04D-03.
     11 vectors produced by pass  5 Test12= 1.65D-13 8.33D-09 XBig12= 1.32D-06 1.70D-04.
     11 vectors produced by pass  6 Test12= 1.65D-13 8.33D-09 XBig12= 3.67D-08 2.17D-05.
     11 vectors produced by pass  7 Test12= 1.65D-13 8.33D-09 XBig12= 4.85D-10 2.12D-06.
      9 vectors produced by pass  8 Test12= 1.65D-13 8.33D-09 XBig12= 3.80D-12 1.74D-07.
      6 vectors produced by pass  9 Test12= 1.65D-13 8.33D-09 XBig12= 4.06D-14 1.77D-08.
 InvSVY:  IOpt=1 It=  1 EMax= 2.27D-13
 Solved reduced A of dimension   103 with    12 vectors.
 Isotropic polarizability for W=    0.085645       75.39 Bohr**3.
 Dipole-magnetic dipole polarizability for W=    0.085645:
                 1             2             3 
      1  -0.231733D+02  0.210820D+03 -0.122149D+04
      2  -0.194113D+03 -0.498355D+01  0.121132D+04
      3   0.123455D+04 -0.115718D+04  0.277041D+02
 DQ contribution to OR G for W=    0.085645:
                 1             2             3 
      1  -0.451679D+02  0.740117D+03 -0.399123D+04
      2  -0.705318D+03 -0.107177D+02  0.406932D+04
      3   0.402075D+04 -0.396532D+04  0.558857D+02
 Optical Rotation G' tensor for W=    0.085645:
                 1             2             3 
      1   0.682901D-01  0.173098D+00  0.426576D+00
      2   0.173098D+00 -0.414039D+00 -0.534354D+00
      3   0.426576D+00 -0.534354D+00 -0.107027D+00
 OR G Eigenvalues:    -0.9729     0.0357     0.4844  Iso=     0.1509
 Eigenvectors:
   (1)  -0.367372   0.699678   0.612772
   (2)   0.699332   0.642155  -0.313961
   (3)   0.613166  -0.313190   0.725217
 w=    0.085645 a.u., Optical Rotation Beta=      0.1509 au.
 Molar Mass =    144.1216 grams/mole, [Alpha] ( 5320.0 A) =       49.67 deg.
 End of Minotr F.D. properties on file   721 Mask=       B NFrqRd=     1 NDeriv=     1 ND12= 1 LenFil=      39:
 Frequencies=    0.085645
 Property number 1 -- Alpha(-w,w) frequency  1    0.085645:
                 1             2             3 
      1   0.773793D+02  0.155690D-01  0.143794D+01
      2   0.155690D-01  0.727246D+02 -0.355491D+00
      3   0.143794D+01 -0.355491D+00  0.760516D+02
 Property number 2 -- FD Optical Rotation Tensor frequency  1    0.085645:
                 1             2             3 
      1  -0.231733D+02  0.210820D+03 -0.122149D+04
      2  -0.194113D+03 -0.498355D+01  0.121132D+04
      3   0.123455D+04 -0.115718D+04  0.277041D+02
 Property number 4 -- D-Q polarizability frequency  1    0.085645:
                 1             2             3 
      1   0.328694D+04 -0.154954D+04 -0.224206D+03
      2  -0.164009D+04  0.311101D+04 -0.339030D+03
      3  -0.164685D+04 -0.156146D+04  0.563236D+03
      4   0.247121D+04  0.232523D+04  0.354913D+02
      5   0.481112D+03 -0.967663D+01  0.242247D+04
      6   0.462090D+02  0.401087D+03  0.242976D+04
 End of Minotr F.D. properties file   722 does not exist.
 End of Minotr F.D. properties file   788 does not exist.
 Symmetrizing basis deriv contribution to polar:
 IMax=3 JMax=2 DiffMx= 0.00D+00
 G2DrvN: will do    25 centers at a time, making    1 passes.
 PxScal for G2LodP:  IOpCl= 0 ISclPx=1 IMOff=     1 NMtTot=    25 NTT=   41616 ScalPx= 1.67D+02
 Calling FoFCou, ICntrl=  3107 FMM=F I1Cent=   0 AccDes= 0.00D+00.
 PxScal for G2LodP:  IOpCl= 0 ISclPx=0 IMOff=     1 NMtTot=    25 NTT=   41616 ScalPx= 1.00D+00
 NEqPCM:  Using non-equilibrium solvation (IEInf=1, Eps=  78.3553, EpsInf=   1.7778)
 G2PCM: DoFxE=T DoFxN=T DoGrad=T DoDP/DQ/DG/TGxP=TTTF NFrqRd=   1 IEInf=1 SqF1=F DoCFld=F IF1Alg=4.
 End of G2Drv F.D. properties on file   721 Mask=       B NFrqRd=     1 NDeriv=     1 ND12= 1 LenFil=      39:
 Frequencies=    0.085645
 Property number 1 -- Alpha(-w,w) frequency  1    0.085645:
                 1             2             3 
      1   0.773793D+02  0.155690D-01  0.143794D+01
      2   0.155690D-01  0.727246D+02 -0.355491D+00
      3   0.143794D+01 -0.355491D+00  0.760516D+02
 Property number 2 -- FD Optical Rotation Tensor frequency  1    0.085645:
                 1             2             3 
      1  -0.231733D+02  0.210820D+03 -0.122149D+04
      2  -0.194113D+03 -0.498355D+01  0.121132D+04
      3   0.123455D+04 -0.115718D+04  0.277041D+02
 Property number 4 -- D-Q polarizability frequency  1    0.085645:
                 1             2             3 
      1   0.328694D+04 -0.154954D+04 -0.224206D+03
      2  -0.164009D+04  0.311101D+04 -0.339030D+03
      3  -0.164685D+04 -0.156146D+04  0.563236D+03
      4   0.247121D+04  0.232523D+04  0.354913D+02
      5   0.481112D+03 -0.967663D+01  0.242247D+04
      6   0.462090D+02  0.401087D+03  0.242976D+04
 End of G2Drv F.D. properties on file   722 Mask=       B NFrqRd=     1 NDeriv=    72 ND12= 1 LenFil=    2595:
 Frequencies=    0.085645
 Property number 1 -- Alpha(-w,w) derivatives, frequency  1    0.085645:
                 1             2             3             4             5 
      1  -0.301944D+00 -0.957083D+00 -0.785674D+00 -0.154080D+01 -0.102149D+01
      2  -0.957083D+00  0.397282D+00 -0.322683D-01 -0.102149D+01  0.136995D+01
      3  -0.785674D+00 -0.322683D-01  0.622032D+00  0.119569D+01 -0.109284D+01
                 6             7             8             9            10 
      1   0.119569D+01 -0.134734D+01  0.100245D+01  0.258617D+01 -0.124327D+01
      2  -0.109284D+01  0.100245D+01 -0.911271D+00 -0.101106D+01 -0.999215D-01
      3   0.641020D+00  0.258617D+01 -0.101106D+01  0.331008D+01  0.373936D+00
                11            12            13            14            15 
      1  -0.999215D-01  0.373936D+00  0.639091D+00  0.668703D+00 -0.106825D+01
      2   0.889361D+00 -0.512495D+00  0.668703D+00 -0.152939D+01  0.914507D+00
      3  -0.512495D+00  0.667178D+00 -0.106825D+01  0.914507D+00  0.456039D+00
                16            17            18            19            20 
      1   0.129731D+01 -0.102718D+01 -0.874052D+00  0.135857D+01  0.139469D+01
      2  -0.102718D+01  0.907564D+00  0.265818D+00  0.139469D+01 -0.937180D+00
      3  -0.874052D+00  0.265818D+00 -0.171272D+01  0.137632D+00  0.526202D+00
                21            22            23            24            25 
      1   0.137632D+00  0.103034D+01  0.220685D+00 -0.291455D-01  0.123616D+00
      2   0.526202D+00  0.220685D+00 -0.116772D+00  0.216532D+00  0.147364D+00
      3  -0.129854D+01 -0.291455D-01  0.216532D+00 -0.923937D+00 -0.180629D+01
                26            27            28            29            30 
      1   0.147364D+00 -0.180629D+01  0.448292D+00 -0.856143D+00 -0.183708D+01
      2   0.159522D-01  0.815245D+00 -0.856143D+00  0.543215D+00  0.140000D+01
      3   0.815245D+00 -0.170459D+01 -0.183708D+01  0.140000D+01  0.274334D+01
                31            32            33            34            35 
      1  -0.181410D+01  0.106141D+01  0.178249D+01 -0.167058D+01  0.738119D+00
      2   0.106141D+01 -0.783082D+00 -0.314511D+00  0.738119D+00  0.364809D+00
      3   0.178249D+01 -0.314511D+00 -0.355827D+00  0.952153D+00 -0.147090D-01
                36            37            38            39            40 
      1   0.952153D+00 -0.352785D+00  0.305208D+00  0.828738D+00  0.165817D+00
      2  -0.147090D-01  0.305208D+00 -0.360969D+00 -0.417091D+00 -0.547731D+00
      3  -0.583568D+00  0.828738D+00 -0.417091D+00 -0.121240D+01 -0.904701D+00
                41            42            43            44            45 
      1  -0.547731D+00 -0.904701D+00  0.908248D+00 -0.786675D-01  0.791048D-01
      2   0.414869D+00  0.291335D+00 -0.786675D-01 -0.751376D+00  0.125471D-01
      3   0.291335D+00  0.976246D+00  0.791048D-01  0.125471D-01 -0.121531D+00
                46            47            48            49            50 
      1  -0.356210D+00  0.682905D-01  0.519701D+00  0.136689D+01 -0.384157D+00
      2   0.682905D-01  0.234708D+00 -0.604315D+00 -0.384157D+00  0.573153D+00
      3   0.519701D+00 -0.604315D+00 -0.868337D+00 -0.804848D+00 -0.565939D-01
                51            52            53            54            55 
      1  -0.804848D+00  0.956828D+00 -0.224114D+00 -0.485711D+00 -0.425359D+00
      2  -0.565939D-01 -0.224114D+00  0.173357D+00 -0.118025D+00  0.181436D+01
      3  -0.558895D+00 -0.485711D+00 -0.118025D+00  0.121756D+00 -0.152706D+00
                56            57            58            59            60 
      1   0.181436D+01 -0.152706D+00  0.232576D+01  0.975501D+00  0.152538D+01
      2   0.232493D+01  0.772840D+00  0.975501D+00 -0.327498D+01  0.348054D-01
      3   0.772840D+00 -0.410447D+00  0.152538D+01  0.348054D-01  0.673486D+00
                61            62            63            64            65 
      1   0.245495D+00 -0.117439D+00  0.406383D+00  0.908831D+00 -0.797429D-01
      2  -0.117439D+00  0.216335D+01  0.324792D+00 -0.797429D-01 -0.593471D+00
      3   0.406383D+00  0.324792D+00  0.132064D+00  0.611078D+00  0.122823D+00
                66            67            68            69            70 
      1   0.611078D+00 -0.737047D+00 -0.197065D-02 -0.586110D+00 -0.278456D-01
      2   0.122823D+00 -0.197065D-02  0.121603D+01  0.217458D+00  0.654887D+00
      3   0.707019D+00 -0.586110D+00  0.217458D+00  0.697556D-01 -0.682478D+00
                71            72            73            74            75 
      1   0.654887D+00 -0.682478D+00 -0.611721D+00 -0.181057D+01 -0.466435D+00
      2  -0.130871D+01 -0.461703D+00 -0.181057D+01 -0.181779D+01 -0.922692D+00
      3  -0.461703D+00 -0.351483D+00 -0.466435D+00 -0.922692D+00 -0.185918D+00
                76            77            78            79            80 
      1  -0.176908D+01 -0.103841D+01 -0.104269D+01 -0.409645D+00 -0.592773D+00
      2  -0.103841D+01  0.239768D+01 -0.186316D+00 -0.592773D+00 -0.806731D+00
      3  -0.104269D+01 -0.186316D+00 -0.739548D+00  0.425166D+00  0.261682D+00
                81            82            83            84            85 
      1   0.425166D+00 -0.451067D+01  0.211541D+01  0.291689D+01  0.292411D+01
      2   0.261682D+00  0.211541D+01 -0.121968D+01 -0.968852D+00 -0.135909D+00
      3   0.389038D+00  0.291689D+01 -0.968852D+00 -0.199107D+01 -0.974661D+00
                86            87            88            89            90 
      1  -0.135909D+00 -0.974661D+00  0.220805D+01 -0.257883D+00  0.398873D+00
      2   0.124552D+01 -0.134472D-01 -0.257883D+00  0.254462D+00 -0.104097D+01
      3  -0.134472D-01  0.692747D-01  0.398873D+00 -0.104097D+01 -0.166571D+01
                91            92            93            94            95 
      1   0.242506D+01 -0.854576D+00 -0.150649D+01 -0.164549D+01  0.879958D-01
      2  -0.854576D+00  0.499154D+00  0.601769D+00  0.879958D-01 -0.497934D+00
      3  -0.150649D+01  0.601769D+00  0.921735D+00 -0.181085D+00  0.299602D+00
                96            97            98            99           100 
      1  -0.181085D+00 -0.172816D+01  0.174083D+00 -0.449983D-01  0.169254D+01
      2   0.299602D+00  0.174083D+00  0.547463D+00  0.906653D+00 -0.600148D+00
      3   0.129325D+01 -0.449983D-01  0.906653D+00  0.130563D+01 -0.968179D+00
               101           102           103           104           105 
      1  -0.600148D+00 -0.968179D+00 -0.116103D+01  0.605485D-01  0.118731D+01
      2   0.464400D+00  0.165245D+00  0.605485D-01 -0.516487D+00 -0.222661D+00
      3   0.165245D+00  0.104443D+01  0.118731D+01 -0.222661D+00 -0.966493D+00
               106           107           108           109           110 
      1  -0.425224D-01  0.189735D+00 -0.272060D+00  0.132928D+00  0.118860D+01
      2   0.189735D+00 -0.594178D+00  0.304785D+00  0.118860D+01 -0.289348D+00
      3  -0.272060D+00  0.304785D+00  0.262123D+00 -0.123304D+01  0.645298D+00
               111           112           113           114           115 
      1  -0.123304D+01  0.325586D+00  0.218798D+00  0.839814D+00 -0.714873D+00
      2   0.645298D+00  0.218798D+00  0.628291D+00 -0.687044D+00  0.924324D+00
      3   0.143547D+01  0.839814D+00 -0.687044D+00  0.355540D+00  0.211578D+01
               116           117           118           119           120 
      1   0.924324D+00  0.211578D+01 -0.436246D-01  0.703867D-01  0.189903D+01
      2  -0.472485D+00  0.174837D+00  0.703867D-01 -0.106571D+01 -0.606845D+00
      3   0.174837D+00  0.760618D+00  0.189903D+01 -0.606845D+00 -0.159650D+01
               121           122           123           124           125 
      1   0.265191D+00 -0.501482D+00 -0.192200D+00  0.534585D-01 -0.457340D+00
      2  -0.501482D+00 -0.106404D+01  0.590381D+00 -0.457340D+00  0.424911D-01
      3  -0.192200D+00  0.590381D+00 -0.158384D+00 -0.195515D+01  0.104884D-01
               126           127           128           129           130 
      1  -0.195515D+01  0.181026D+00 -0.571253D+00 -0.113857D+00  0.444398D+00
      2   0.104884D-01 -0.571253D+00  0.101168D+01 -0.485889D+00 -0.136771D+00
      3   0.102015D+01 -0.113857D+00 -0.485889D+00 -0.855502D+00 -0.514960D+00
               131           132           133           134           135 
      1  -0.136771D+00 -0.514960D+00 -0.196286D+00 -0.828763D+00 -0.853662D+00
      2  -0.658748D+00  0.449286D+00 -0.828763D+00  0.316029D+00 -0.543476D+00
      3   0.449286D+00 -0.352720D+00 -0.853662D+00 -0.543476D+00 -0.148281D+01
               136           137           138           139           140 
      1   0.113795D+01 -0.879621D+00  0.111526D+01 -0.803306D+00 -0.131861D+01
      2  -0.879621D+00  0.929783D+00 -0.428672D+00 -0.131861D+01  0.377445D+01
      3   0.111526D+01 -0.428672D+00 -0.191812D-01 -0.126774D+01 -0.937317D+00
               141           142           143           144           145 
      1  -0.126774D+01  0.531799D+00 -0.113278D+01  0.116004D+00 -0.590842D+00
      2  -0.937317D+00 -0.113278D+01  0.238822D+00 -0.164457D+01  0.443972D+00
      3  -0.163342D+01  0.116004D+00 -0.164457D+01 -0.926769D-01 -0.703195D+00
               146           147           148           149           150 
      1   0.443972D+00 -0.703195D+00  0.687839D+00  0.820060D+00  0.746787D+00
      2   0.117394D+00  0.108102D+01  0.820060D+00 -0.246456D+01  0.556097D+00
      3   0.108102D+01 -0.511938D+00  0.746787D+00  0.556097D+00  0.877594D+00
               151           152           153           154           155 
      1  -0.147428D+01  0.106402D+01 -0.734366D+00 -0.319080D+00  0.257228D+00
      2   0.106402D+01 -0.364894D+00  0.993842D+00  0.257228D+00 -0.112202D+01
      3  -0.734366D+00  0.993842D+00  0.343936D-01 -0.379262D+00 -0.516827D+00
               156           157           158           159           160 
      1  -0.379262D+00  0.266155D-01  0.710729D+00  0.514564D+00  0.922958D+00
      2  -0.516827D+00  0.710729D+00 -0.148601D+01  0.425115D+00  0.285555D-01
      3   0.597178D+00  0.514564D+00  0.425115D+00  0.692274D+00  0.583029D+00
               161           162           163           164           165 
      1   0.285555D-01  0.583029D+00  0.433371D+00 -0.785076D+00 -0.384268D-01
      2   0.106804D+00  0.651005D+00 -0.785076D+00  0.257179D+01  0.679780D+00
      3   0.651005D+00  0.142407D+00 -0.384268D-01  0.679780D+00  0.282553D+00
               166           167           168           169           170 
      1   0.590467D-01  0.138041D+01 -0.253742D+00 -0.775829D-02  0.266970D+00
      2   0.138041D+01 -0.100346D+01 -0.240135D+01  0.266970D+00 -0.408220D+01
      3  -0.253742D+00 -0.240135D+01  0.220016D+01 -0.337013D+00  0.113192D+01
               171           172           173           174           175 
      1  -0.337013D+00 -0.476316D+00 -0.581875D-01  0.451574D+00  0.272074D+00
      2   0.113192D+01 -0.581875D-01 -0.240533D+01 -0.162354D+00 -0.465254D+00
      3   0.175149D+01  0.451574D+00 -0.162354D+00 -0.587661D+00  0.432933D+00
               176           177           178           179           180 
      1  -0.465254D+00  0.432933D+00 -0.214978D+00 -0.500231D+00  0.230715D+00
      2   0.697002D+00  0.253982D+00 -0.500231D+00  0.788579D+00  0.577279D+00
      3   0.253982D+00 -0.858725D+00  0.230715D+00  0.577279D+00 -0.116827D+01
               181           182           183           184           185 
      1  -0.196080D+00  0.566440D+00 -0.184251D+00 -0.732902D+00 -0.686190D+00
      2   0.566440D+00 -0.160649D+00 -0.614039D+00 -0.686190D+00  0.816424D+00
      3  -0.184251D+00 -0.614039D+00  0.495851D+00 -0.133043D+00  0.198282D+01
               186           187           188           189           190 
      1  -0.133043D+00  0.781968D+00 -0.369437D-01  0.151375D+00 -0.348204D+01
      2   0.198282D+01 -0.369437D-01  0.310629D+01 -0.168594D+01 -0.495622D+00
      3  -0.135116D+01  0.151375D+00 -0.168594D+01 -0.590263D+00 -0.421849D+00
               191           192           193           194           195 
      1  -0.495622D+00 -0.421849D+00  0.953625D+00  0.259259D+01  0.943576D+00
      2   0.169719D+01  0.417876D+00  0.259259D+01  0.575505D+01  0.262334D+01
      3   0.417876D+00  0.583102D+00  0.943576D+00  0.262334D+01  0.189566D+01
               196           197           198           199           200 
      1   0.489883D-01  0.247231D+00  0.359541D+00  0.264626D+00  0.181750D+00
      2   0.247231D+00  0.371244D+00 -0.301888D+00  0.181750D+00  0.512224D-03
      3   0.359541D+00 -0.301888D+00 -0.462018D+00  0.206520D+00  0.253451D+00
               201           202           203           204           205 
      1   0.206520D+00 -0.695919D+00 -0.116001D+01 -0.917727D+00  0.509138D+00
      2   0.253451D+00 -0.116001D+01 -0.197931D+01 -0.137912D+01  0.402765D+00
      3  -0.208613D+00 -0.917727D+00 -0.137912D+01 -0.136065D+01  0.368362D+00
               206           207           208           209           210 
      1   0.402765D+00  0.368362D+00  0.392674D+01 -0.358391D+00 -0.269925D+00
      2   0.240385D+00  0.547722D+00 -0.358391D+00 -0.170925D+01 -0.393964D+00
      3   0.547722D+00  0.722997D+00 -0.269925D+00 -0.393964D+00 -0.353770D+00
               211           212           213           214           215 
      1  -0.586710D+00 -0.139945D+01 -0.297648D+00 -0.753586D+00 -0.586384D+00
      2  -0.139945D+01 -0.351366D+01 -0.156406D+01 -0.586384D+00 -0.345749D+00
      3  -0.297648D+00 -0.156406D+01 -0.940552D+00 -0.726869D+00 -0.156269D+00
               216 
      1  -0.726869D+00
      2  -0.156269D+00
      3  -0.171105D-01
 Property number 2 -- FD Optical Rotation Tensor derivatives, frequency  1    0.085645:
                 1             2             3             4             5 
      1  -0.111867D+01 -0.989601D-01  0.970713D+00  0.180328D+01 -0.172152D+01
      2   0.881033D+00  0.249811D-01 -0.721607D+00 -0.146262D+01  0.112851D+01
      3  -0.405455D+00  0.195706D+01  0.111289D+01  0.107007D+01  0.308938D+01
                 6             7             8             9            10 
      1   0.964302D+00  0.375329D+01 -0.139181D+01  0.494832D+01  0.606924D+00
      2  -0.666686D+00 -0.297270D+01  0.119786D+01 -0.355730D+01 -0.509382D+00
      3  -0.299332D+01  0.310921D+01 -0.250184D+01 -0.484807D+01  0.154060D+01
                11            12            13            14            15 
      1  -0.840029D+00  0.929763D+00 -0.162756D+01  0.142950D+01  0.636012D+00
      2   0.586880D+00 -0.775392D+00  0.125184D+01 -0.968217D+00 -0.599018D+00
      3   0.116087D+01 -0.114247D+01 -0.125976D+00 -0.277568D+01  0.253610D+01
                16            17            18            19            20 
      1  -0.122773D+01  0.241832D+00 -0.249490D+01  0.126761D+00  0.913570D+00
      2   0.103089D+01 -0.408495D+00  0.190297D+01 -0.540941D-01 -0.577593D+00
      3  -0.305550D+01  0.260598D+01  0.145734D+01 -0.523194D+00 -0.324577D+01
                21            22            23            24            25 
      1  -0.193652D+01 -0.432061D-01  0.349636D+00 -0.135065D+01 -0.265174D+01
      2   0.148412D+01  0.123444D+00 -0.225944D+00  0.105141D+01  0.205590D+01
      3   0.390576D+00 -0.127594D+01 -0.468527D+00  0.289658D+00 -0.248869D-02
                26            27            28            29            30 
      1   0.123820D+01 -0.260427D+01 -0.202531D+01  0.165825D+01  0.290211D+01
      2  -0.878855D+00  0.180195D+01  0.242679D+01 -0.210057D+01 -0.411353D+01
      3  -0.273550D+00  0.358575D+01 -0.143057D+01  0.183954D+01  0.409480D+01
                31            32            33            34            35 
      1   0.186757D+01 -0.184848D+00 -0.296301D+00  0.960042D+00 -0.112030D+00
