 Entering Gaussian System, Link 0=g16
 Input=FREE.INP
 Output=FREE.OUT
 Initial command:
 /usr/local/g16-A.03/sse4/g16/l1.exe "/scratch/zronyj/cluster_004/Gau-19034.inp" -scrdir="/scratch/zronyj/cluster_004/"
 Entering Link 1 = /usr/local/g16-A.03/sse4/g16/l1.exe PID=     19035.
  
 Copyright (c) 1988,1990,1992,1993,1995,1998,2003,2009,2016,
            Gaussian, Inc.  All Rights Reserved.
  
 This is part of the Gaussian(R) 16 program.  It is based on
 the Gaussian(R) 09 system (copyright 2009, Gaussian, Inc.),
 the Gaussian(R) 03 system (copyright 2003, Gaussian, Inc.),
 the Gaussian(R) 98 system (copyright 1998, Gaussian, Inc.),
 the Gaussian(R) 94 system (copyright 1995, Gaussian, Inc.),
 the Gaussian 92(TM) system (copyright 1992, Gaussian, Inc.),
 the Gaussian 90(TM) system (copyright 1990, Gaussian, Inc.),
 the Gaussian 88(TM) system (copyright 1988, Gaussian, Inc.),
 the Gaussian 86(TM) system (copyright 1986, Carnegie Mellon
 University), and the Gaussian 82(TM) system (copyright 1983,
 Carnegie Mellon University). Gaussian is a federally registered
 trademark of Gaussian, Inc.
  
 This software contains proprietary and confidential information,
 including trade secrets, belonging to Gaussian, Inc.
  
 This software is provided under written license and may be
 used, copied, transmitted, or stored only in accord with that
 written license.
  
 The following legend is applicable only to US Government
 contracts under FAR:
  
                    RESTRICTED RIGHTS LEGEND
  
 Use, reproduction and disclosure by the US Government is
 subject to restrictions as set forth in subparagraphs (a)
 and (c) of the Commercial Computer Software - Restricted
 Rights clause in FAR 52.227-19.
  
 Gaussian, Inc.
 340 Quinnipiac St., Bldg. 40, Wallingford CT 06492
  
  
 ---------------------------------------------------------------
 Warning -- This program may not be used in any manner that
 competes with the business of Gaussian, Inc. or will provide
 assistance to any competitor of Gaussian, Inc.  The licensee
 of this program is prohibited from giving any competitor of
 Gaussian, Inc. access to this program.  By using this program,
 the user acknowledges that Gaussian, Inc. is engaged in the
 business of creating and licensing software in the field of
 computational chemistry and represents and warrants to the
 licensee that it is not a competitor of Gaussian, Inc. and that
 it will not use this program in any manner prohibited above.
 ---------------------------------------------------------------
  

 Cite this work as:
 Gaussian 16, Revision A.03,
 M. J. Frisch, G. W. Trucks, H. B. Schlegel, G. E. Scuseria, 
 M. A. Robb, J. R. Cheeseman, G. Scalmani, V. Barone, 
 G. A. Petersson, H. Nakatsuji, X. Li, M. Caricato, A. V. Marenich, 
 J. Bloino, B. G. Janesko, R. Gomperts, B. Mennucci, H. P. Hratchian, 
 J. V. Ortiz, A. F. Izmaylov, J. L. Sonnenberg, D. Williams-Young, 
 F. Ding, F. Lipparini, F. Egidi, J. Goings, B. Peng, A. Petrone, 
 T. Henderson, D. Ranasinghe, V. G. Zakrzewski, J. Gao, N. Rega, 
 G. Zheng, W. Liang, M. Hada, M. Ehara, K. Toyota, R. Fukuda, 
 J. Hasegawa, M. Ishida, T. Nakajima, Y. Honda, O. Kitao, H. Nakai, 
 T. Vreven, K. Throssell, J. A. Montgomery, Jr., J. E. Peralta, 
 F. Ogliaro, M. J. Bearpark, J. J. Heyd, E. N. Brothers, K. N. Kudin, 
 V. N. Staroverov, T. A. Keith, R. Kobayashi, J. Normand, 
 K. Raghavachari, A. P. Rendell, J. C. Burant, S. S. Iyengar, 
 J. Tomasi, M. Cossi, J. M. Millam, M. Klene, C. Adamo, R. Cammi, 
 J. W. Ochterski, R. L. Martin, K. Morokuma, O. Farkas, 
 J. B. Foresman, and D. J. Fox, Gaussian, Inc., Wallingford CT, 2016.
 
 ******************************************
 Gaussian 16:  ES64L-G16RevA.03 25-Dec-2016
                22-Aug-2023 
 ******************************************
 %chk=cluster_004.chk
 %mem=8GB
 %nproc=8
 Will use up to    8 processors via shared memory.
 ----------------------------------------------------------------------
 #b3lyp/6-311++G** scrf=(cpcm,Solvent=Water) nosymm freq=roa scf=(xqc,c
 onver=8) iop(2/11=1) geom=checkpoint guess=checkpoint
 ----------------------------------------------------------------------
 1/10=4,29=2,30=1,38=1,83=21/1,3;
 2/11=1,12=2,15=1,40=1/2;
 3/5=4,6=6,7=1111,11=2,14=-4,25=1,30=1,36=2,70=2101,71=2,72=1,74=-5,116=-2,140=1/1,2,3;
 4/5=1/1;
 5/5=2,6=8,8=3,13=1,38=6,53=1,98=1/2,8;
 8/6=4,10=90,11=11/1;
 10/13=10,15=4,31=1,49=111,72=3/2;
 11/6=3,8=1,9=11,15=111,16=1,31=1/1,2,10;
 10/6=1,31=1,49=111/2;
 6/7=2,8=2,9=2,10=2,28=1/1;
 7/8=1,10=1,25=1,30=1/1,2,3,16;
 1/10=4,30=1/3;
 99//99;
 ---------------
 ROA cluster_004
 ---------------
 Structure from the checkpoint file:  "cluster_004.chk"
 Charge =  0 Multiplicity = 1
 No Z-Matrix found in chk file; cartesian coordinates used.
  O                                                 4.607646930000      2.227635370000     14.444254220000
  H                                                 5.127857190000      2.170916150000     13.628396300000
  H                                                 4.027595760000      2.997584830000     14.312519590000
  O                                                 1.071502020000      7.381045360000     14.245801890000
  H                                                 1.595540380000      6.595642990000     13.997599210000
  H                                                 1.628779650000      8.122657170000     13.976293110000
  O                                                 3.763721890000      6.959791080000     18.934673400000
  H                                                 2.897421420000      6.929001490000     18.490271640000
  H                                                 3.885960980000      6.048905380000     19.233949390000
  O                                                 5.535867490000      1.481597280000     16.942296100000
  H                                                 6.234818100000      0.838256030000     16.782739580000
  H                                                 5.213728980000      1.714130730000     16.045171650000
  O                                                 6.767156210000      4.366118050000     17.399548580000
  H                                                 6.533233360000      3.455457750000     17.146560860000
  H                                                 6.275344150000      4.917342010000     16.759657620000
  O                                                 2.749218150000      4.914059100000     13.963548150000
  H                                                 2.261129830000      4.551334400000     14.725342020000
  H                                                 3.515860600000      5.362126800000     14.380471180000
  O                                                 5.283388620000      6.042500650000     15.266211680000
  H                                                 5.230114660000      6.946551690000     15.599025730000
  H                                                 5.863675560000      6.101566600000     14.493644500000
  O                                                 1.074014730000      6.827632920000     17.507519900000
  H                                                 0.202116190000      6.478605430000     17.737221640000
  H                                                 1.032304180000      7.003135400000     16.550455420000
  O                                                 2.186684760000      3.139379320000     17.322895620000
  H                                                 1.603782830000      3.893799000000     17.485320550000
  H                                                 1.613425690000      2.366773080000     17.430833960000
  O                                                 7.221925990000      7.732747400000     20.525053690000
  H                                                 7.864583150000      7.506061240000     19.841000610000
  H                                                 6.826996180000      6.878681330000     20.744627250000
  O                                                 4.378052720000      3.085917100000     19.474695200000
  H                                                 5.121053840000      3.270973990000     18.879223580000
  H                                                 3.627820740000      3.027888590000     18.851858490000
 Recover connectivity data from disk.
 Using perturbation frequencies:    0.085645

 GradGradGradGradGradGradGradGradGradGradGradGradGradGradGradGradGradGrad
 Berny optimization.
 Initialization pass.
 Trust Radius=3.00D-01 FncErr=1.00D-07 GrdErr=1.00D-07 EigMax=2.50D+02 EigMin=1.00D-04
 Number of steps in this run=      2 maximum allowed number of steps=      2.
 GradGradGradGradGradGradGradGradGradGradGradGradGradGradGradGradGradGrad

                          Input orientation:                          
 ---------------------------------------------------------------------
 Center     Atomic      Atomic             Coordinates (Angstroms)
 Number     Number       Type             X           Y           Z
 ---------------------------------------------------------------------
      1          8           0        4.607647    2.227635   14.444254
      2          1           0        5.127857    2.170916   13.628396
      3          1           0        4.027596    2.997585   14.312520
      4          8           0        1.071502    7.381045   14.245802
      5          1           0        1.595540    6.595643   13.997599
      6          1           0        1.628780    8.122657   13.976293
      7          8           0        3.763722    6.959791   18.934673
      8          1           0        2.897421    6.929001   18.490272
      9          1           0        3.885961    6.048905   19.233949
     10          8           0        5.535867    1.481597   16.942296
     11          1           0        6.234818    0.838256   16.782740
     12          1           0        5.213729    1.714131   16.045172
     13          8           0        6.767156    4.366118   17.399549
     14          1           0        6.533233    3.455458   17.146561
     15          1           0        6.275344    4.917342   16.759658
     16          8           0        2.749218    4.914059   13.963548
     17          1           0        2.261130    4.551334   14.725342
     18          1           0        3.515861    5.362127   14.380471
     19          8           0        5.283389    6.042501   15.266212
     20          1           0        5.230115    6.946552   15.599026
     21          1           0        5.863676    6.101567   14.493645
     22          8           0        1.074015    6.827633   17.507520
     23          1           0        0.202116    6.478605   17.737222
     24          1           0        1.032304    7.003135   16.550455
     25          8           0        2.186685    3.139379   17.322896
     26          1           0        1.603783    3.893799   17.485321
     27          1           0        1.613426    2.366773   17.430834
     28          8           0        7.221926    7.732747   20.525054
     29          1           0        7.864583    7.506061   19.841001
     30          1           0        6.826996    6.878681   20.744627
     31          8           0        4.378053    3.085917   19.474695
     32          1           0        5.121054    3.270974   18.879224
     33          1           0        3.627821    3.027889   18.851858
 ---------------------------------------------------------------------
                    Distance matrix (angstroms):
                    1          2          3          4          5
     1  O    0.000000
     2  H    0.969257   0.000000
     3  H    0.972952   1.536874   0.000000
     4  O    6.253106   6.631791   5.287501   0.000000
     5  H    5.324639   5.673780   4.354319   0.976257   0.000000
     6  H    6.621474   6.912872   5.668662   0.966013   1.527525
     7  O    6.577946   7.276728   6.093686   5.423193   5.404472
     8  H    6.434126   7.159054   5.846960   4.642612   4.689363
     9  H    6.169612   6.928444   5.792330   5.880254   5.741456
    10  O    2.767378   3.409335   3.389517   7.874333   7.095835
    11  H    3.169633   3.598781   3.954304   8.712289   7.901102
    12  H    1.787165   2.461063   2.460945   7.246358   6.411942
    13  O    4.239145   4.661309   4.348313   7.174704   6.579487
    14  H    3.538063   4.000326   3.810467   7.324968   6.645114
    15  H    3.921330   4.320229   3.837489   6.282458   5.687374
    16  O    3.301774   3.646242   2.330001   2.996735   2.039573
    17  H    3.314322   3.884303   2.388506   3.106837   2.269761
    18  H    3.319805   3.653488   2.420237   3.173178   2.314256
    19  O    3.960485   4.206637   3.429002   4.535739   3.938981
    20  H    4.897870   5.167256   4.323828   4.394776   3.987209
    21  H    4.072762   4.091466   3.610914   4.966228   4.325176
    22  O    6.559736   7.291519   5.796631   3.308334   3.556030
    23  H    6.951481   7.726678   6.203256   3.709480   3.992506
    24  H    6.326497   6.975839   5.479467   2.335761   2.645819
    25  O    3.870260   4.820554   3.531490   5.357599   4.832474
    26  H    4.587743   5.501208   4.092033   4.789435   4.411828
    27  H    4.231357   5.181517   3.993748   5.964984   5.447087
    28  O    8.609114   9.104009   8.439259   8.796614   8.692346
    29  H    8.221574   8.634228   8.100181   8.801581   8.618300
    30  H    8.139560   8.700050   8.016955   8.695563   8.542285
    31  O    5.108297   5.964784   5.174812   7.531449   7.075248
    32  H    4.584877   5.364826   4.703741   7.400010   6.878439
    33  H    4.585569   5.501733   4.557010   6.833776   6.357898
                    6          7          8          9         10
     6  H    0.000000
     7  O    5.522298   0.000000
     8  H    4.838416   0.974124   0.000000
     9  H    6.085907   0.966551   1.518169   0.000000
    10  O    8.256282   6.092674   6.247547   5.369746   0.000000
    11  H    9.063897   6.943366   7.151997   6.219037   0.963264
    12  H    7.628980   6.161874   6.207952   5.542702   0.981161
    13  O    7.227252   4.254923   4.767903   3.807635   3.169481
    14  H    7.475762   4.811226   5.204824   4.253377   2.220943
    15  H    6.293785   3.900069   4.295598   3.621009   3.519165
    16  O    3.398624   5.470496   4.957135   5.509736   5.331055
    17  H    3.703416   5.077097   4.498095   5.020989   5.006204
    18  H    3.368228   4.832673   4.441624   4.915780   5.069703
    19  O    4.398535   4.075343   4.107711   4.206636   4.865680
    20  H    4.121420   3.643766   3.714979   3.978088   5.635919
    21  H    4.720890   4.986892   5.045428   5.136596   5.239033
    22  O    3.801896   3.047746   2.073858   3.390283   6.986251
    23  H    4.345441   3.788201   2.834539   3.999444   7.351932
    24  H    2.869743   3.625882   2.692034   4.031755   7.136036
    25  O    6.028604   4.436262   4.028542   3.873630   3.756344
    26  H    5.495192   4.020730   3.449041   3.593122   4.644877
    27  H    6.712994   5.289718   4.856437   4.687616   4.050649
    28  O    8.620997   3.884063   4.846410   3.953598   7.399718
    29  H    8.582554   4.235198   5.179784   4.280333   7.079518
    30  H    8.624342   3.558955   4.530586   3.408865   6.727054
    31  O    7.947306   3.959283   4.234461   3.013206   3.213631
    32  H    7.731335   3.931004   4.298487   3.060750   2.669387
    33  H    7.329664   3.935122   3.985337   3.056006   3.110963
                   11         12         13         14         15
    11  H    0.000000
    12  H    1.534205   0.000000
    13  O    3.620725   3.358647   0.000000
    14  H    2.659166   2.446706   0.973666   0.000000
    15  H    4.079353   3.449359   0.977337   1.534049   0.000000
    16  O    6.058830   4.543843   5.315088   5.155372   4.500200
    17  H    5.814640   4.302269   5.243087   5.031313   4.515121
    18  H    5.799054   4.354522   4.547283   4.515659   3.670574
    19  O    5.503566   4.398456   3.092402   3.433747   2.116681
    20  H    6.302530   5.251433   3.501859   4.034937   2.560715
    21  H    5.751534   4.698857   3.503190   3.806332   2.589725
    22  O    7.939259   6.739703   6.203432   6.426891   5.591273
    23  H    8.313728   7.118955   6.904808   7.040692   6.346438
    24  H    8.070059   6.761153   6.368936   6.572791   5.646571
    25  O    4.687678   3.581467   4.742519   4.361592   4.493943
    26  H    5.592535   4.456085   5.185640   4.960482   4.837118
    27  H    4.910566   3.912568   5.528046   5.046836   5.356245
    28  O    7.906536   7.766978   4.616253   5.493971   4.795908
    29  H    7.514567   7.414972   4.126049   5.043797   4.326872
    30  H    7.248032   7.166596   4.184030   4.975021   4.475618
    31  O    3.968146   3.787055   3.413644   3.193990   3.784873
    32  H    3.399093   3.234842   2.469500   2.242857   2.921553
    33  H    3.983990   3.481172   3.708839   3.395921   3.867392
                   16         17         18         19         20
    16  O    0.000000
    17  H    0.974746   0.000000
    18  H    0.980984   1.533189   0.000000
    19  O    3.064691   3.413234   2.090837   0.000000
    20  H    3.600092   3.913472   2.633238   0.964838   0.000000
    21  H    3.375059   3.928771   2.464105   0.968030   1.528812
    22  O    4.362087   3.785669   4.229510   4.833086   4.574894
    23  H    4.814161   4.126176   4.847185   5.667046   5.483760
    24  H    3.742208   3.294295   3.683720   4.543547   4.304652
    25  O    3.840722   2.957439   3.919844   4.716740   5.169986
    26  H    3.841332   2.912377   3.930918   4.804255   5.101734
    27  H    4.449805   3.537162   4.679329   5.627183   6.116399
    28  O    8.426356   8.268467   7.557159   5.854082   5.371328
    29  H    8.211570   8.142424   7.302412   5.452822   5.024721
    30  H    8.152978   7.905408   7.332533   5.752822   5.388121
    31  O    6.030584   5.402330   5.645850   5.222294   5.536364
    32  H    5.699930   5.203193   5.214244   4.556486   4.927623
    33  H    5.312736   4.606177   5.045246   4.968466   5.338931
                   21         22         23         24         25
    21  H    0.000000
    22  O    5.705389   0.000000
    23  H    6.535764   0.966845   0.000000
    24  H    5.327799   0.973916   1.540376   0.000000
    25  O    5.504496   3.856856   3.906483   4.105834   0.000000
    26  H    5.654295   2.981364   2.951160   3.296746   0.967112
    27  H    6.374981   4.494009   4.358077   4.754853   0.968089
    28  O    6.394020   6.908079   7.656540   7.391967   7.530372
    29  H    5.879664   7.212296   8.012175   7.600043   7.592582
    30  H    6.372337   6.601384   7.286534   7.154371   6.871908
    31  O    6.009333   5.365341   5.653989   5.923665   3.071676
    32  H    5.272290   5.559669   5.982392   6.005836   3.324153
    33  H    5.782782   4.771502   4.988518   5.275960   2.104051
                   26         27         28         29         30
    26  H    0.000000
    27  H    1.528028   0.000000
    28  O    7.452586   8.356025   0.000000
    29  H    7.602321   8.443824   0.965569   0.000000
    30  H    6.842117   7.649827   0.966235   1.512195   0.000000
    31  O    3.508113   3.512506   5.548324   5.641609   4.689895
    32  H    3.834328   3.901137   5.199023   5.136919   4.405170
    33  H    2.591130   2.552288   6.152469   6.243604   5.352187
                   31         32         33
    31  O    0.000000
    32  H    0.969991   0.000000
    33  H    0.976801   1.513137   0.000000
 Symmetry turned off by external request.
 Stoichiometry    H22O11
 Framework group  C1[X(H22O11)]
 Deg. of freedom    93
 Full point group                 C1      NOp   1
 Rotational constants (GHZ):           0.3620797           0.3160573           0.2351198
 Standard basis: 6-311++G(d,p) (5D, 7F)
   396 basis functions,   594 primitive gaussians,   407 cartesian basis functions
    55 alpha electrons       55 beta electrons
       nuclear repulsion energy       731.6373594559 Hartrees.
 NAtoms=   33 NActive=   33 NUniq=   33 SFac= 1.00D+00 NAtFMM=   60 NAOKFM=F Big=F
 Integral buffers will be    131072 words long.
 Raffenetti 2 integral format.
 Two-electron integral symmetry is turned off.
 Force inversion solution in PCM.
 ------------------------------------------------------------------------------
 Polarizable Continuum Model (PCM)
 =================================
 Model                : C-PCM.
 Atomic radii         : UFF (Universal Force Field).
 Polarization charges : Total charges.
 Charge compensation  : None.
 Solution method      : Matrix inversion.
 Cavity type          : Scaled VdW (van der Waals Surface) (Alpha=1.100).
 Cavity algorithm     : GePol (No added spheres)
                        Default sphere list used, NSphG=   33.
                        Lebedev-Laikov grids with approx.  5.0 points / Ang**2.
                        Smoothing algorithm: York/Karplus (Gamma=1.0000).
                        Polarization charges: spherical gaussians, with
                                              point-specific exponents (IZeta= 3).
                        Self-potential: point-specific (ISelfS= 7).
                        Self-field    : sphere-specific E.n sum rule (ISelfD= 2).
 1st derivatives      : Analytical E(r).r(x)/FMM algorithm (CHGder, D1EAlg=3).
                        Cavity 1st derivative terms included.
 2nd derivatives      : Analytical E(r).r(xy)/FMM algorithm (CHGder, D2EAlg=3).
                        Cavity 2nd derivative terms included.
 Solvent              : Water, Eps=  78.355300 Eps(inf)=   1.777849
 ------------------------------------------------------------------------------
 Separa: There are  2 disjoint cavities,
 One-electron integrals computed using PRISM.
 NBasis=   396 RedAO= T EigKep=  3.51D-04  NBF=   396
 NBsUse=   396 1.00D-06 EigRej= -1.00D+00 NBFU=   396
 Initial guess from the checkpoint file:  "cluster_004.chk"
 B after Tr=     0.000000    0.000000    0.000000
         Rot=    1.000000    0.000000    0.000000    0.000000 Ang=   0.00 deg.
 Requested convergence on RMS density matrix=1.00D-08 within  32 cycles.
 Requested convergence on MAX density matrix=1.00D-06.
 Requested convergence on             energy=1.00D-06.
 No special actions if energy rises.
 Inv3:  Mode=1 IEnd=    34476300.
 Iteration    1 A*A^-1 deviation from unit magnitude is 8.55D-15 for   3366.
 Iteration    1 A*A^-1 deviation from orthogonality  is 3.79D-15 for   3353    752.
 Iteration    1 A^-1*A deviation from unit magnitude is 8.77D-15 for   3366.
 Iteration    1 A^-1*A deviation from orthogonality  is 2.83D-15 for   3350    337.
 Error on total polarization charges =  0.01747
 SCF Done:  E(RB3LYP) =  -841.177470839     A.U. after   10 cycles
            NFock= 10  Conv=0.25D-08     -V/T= 2.0037
 QCSCF skips out because SCF is already converged.
 DoSCS=F DFT=T ScalE2(SS,OS)=  1.000000  1.000000
 Range of M.O.s used for correlation:     1   396
 NBasis=   396 NAE=    55 NBE=    55 NFC=     0 NFV=     0
 NROrb=    396 NOA=    55 NOB=    55 NVA=   341 NVB=   341

 **** Warning!!: The largest alpha MO coefficient is  0.12582563D+02

 NEqPCM:  Using non-equilibrium solvation (IEInf=1, Eps=  78.3553, EpsInf=   1.7778)
 Inv3:  Mode=1 IEnd=    34476300.
 Iteration    1 A*A^-1 deviation from unit magnitude is 8.55D-15 for   3366.
 Iteration    1 A*A^-1 deviation from orthogonality  is 3.79D-15 for   3353    752.
 Iteration    1 A^-1*A deviation from unit magnitude is 8.77D-15 for   3366.
 Iteration    1 A^-1*A deviation from orthogonality  is 2.83D-15 for   3350    337.
          Differentiating once with respect to electric field.
                with respect to dipole field.
                with respect to quadrupole field.
          Differentiating once with respect to magnetic field using GIAOs.
          Electric field/nuclear overlap derivatives assumed to be zero.
 FoFJK:  IHMeth= 1 ICntrl=    6127 DoSepK=F KAlg= 0 I1Cent=           0 FoldK=F
 IRaf=         1 NMat=       1 IRICut=       1 DoRegI=T DoRafI=F ISym2E= 0 IDoP0=0 IntGTp=1.
 CalDSu exits because no D1Ps are significant.
          There are    12 degrees of freedom in the 1st order CPHF.  IDoFFX=0 NUNeed=    12.
     11 vectors produced by pass  0 Test12= 3.13D-13 8.33D-09 XBig12= 1.00D+00 1.58D-01.
 AX will form    11 AO Fock derivatives at one time.
     11 vectors produced by pass  1 Test12= 3.13D-13 8.33D-09 XBig12= 1.05D-01 3.66D-02.
     11 vectors produced by pass  2 Test12= 3.13D-13 8.33D-09 XBig12= 3.61D-02 2.40D-02.
     11 vectors produced by pass  3 Test12= 3.13D-13 8.33D-09 XBig12= 1.96D-03 9.23D-03.
     11 vectors produced by pass  4 Test12= 3.13D-13 8.33D-09 XBig12= 5.18D-05 1.04D-03.
     11 vectors produced by pass  5 Test12= 3.13D-13 8.33D-09 XBig12= 2.01D-06 2.03D-04.
     11 vectors produced by pass  6 Test12= 3.13D-13 8.33D-09 XBig12= 5.19D-08 2.63D-05.
     11 vectors produced by pass  7 Test12= 3.13D-13 8.33D-09 XBig12= 8.82D-10 2.79D-06.
     11 vectors produced by pass  8 Test12= 3.13D-13 8.33D-09 XBig12= 1.35D-11 3.36D-07.
      9 vectors produced by pass  9 Test12= 3.13D-13 8.33D-09 XBig12= 2.83D-13 5.03D-08.
      1 vectors produced by pass 10 Test12= 3.13D-13 8.33D-09 XBig12= 5.91D-15 9.21D-09.
 InvSVY:  IOpt=1 It=  1 EMax= 1.71D-13
 Solved reduced A of dimension   109 with    12 vectors.
 Isotropic polarizability for W=    0.085645      105.03 Bohr**3.
 Dipole-magnetic dipole polarizability for W=    0.085645:
                 1             2             3 
      1  -0.551467D+02  0.170514D+04 -0.526973D+03
      2  -0.165204D+04  0.299636D+02  0.343816D+03
      3   0.487389D+03 -0.419641D+03  0.253276D+02
 DQ contribution to OR G for W=    0.085645:
                 1             2             3 
      1  -0.112986D+03  0.561230D+04 -0.163267D+04
      2  -0.550459D+04  0.612256D+02  0.126544D+04
      3   0.155446D+04 -0.141713D+04  0.517608D+02
 Optical Rotation G' tensor for W=    0.085645:
                 1             2             3 
      1  -0.600983D+00  0.189983D+00  0.120061D+00
      2   0.189983D+00  0.396867D+00 -0.610762D-02
      3   0.120061D+00 -0.610762D-02  0.348654D+00
 OR G Eigenvalues:    -0.6502     0.3595     0.4352  Iso=    -0.0482
 Eigenvectors:
   (1)   0.976878  -0.177946  -0.118513
   (2)   0.076129  -0.228474   0.970569
   (3)   0.199786   0.957149   0.209645
 w=    0.085645 a.u., Optical Rotation Beta=     -0.0482 au.
 Molar Mass =    198.1672 grams/mole, [Alpha] ( 5320.0 A) =      -11.53 deg.
 End of Minotr F.D. properties on file   721 Mask=       B NFrqRd=     1 NDeriv=     1 ND12= 1 LenFil=      39:
 Frequencies=    0.085645
 Property number 1 -- Alpha(-w,w) frequency  1    0.085645:
                 1             2             3 
      1   0.104240D+03 -0.302603D+01  0.329246D+01
      2  -0.302603D+01  0.106509D+03 -0.293132D+01
      3   0.329246D+01 -0.293132D+01  0.104338D+03
 Property number 2 -- FD Optical Rotation Tensor frequency  1    0.085645:
                 1             2             3 
      1  -0.551467D+02  0.170514D+04 -0.526973D+03
      2  -0.165204D+04  0.299636D+02  0.343816D+03
      3   0.487389D+03 -0.419641D+03  0.253276D+02
 Property number 4 -- D-Q polarizability frequency  1    0.085645:
                 1             2             3 
      1   0.100864D+04 -0.599322D+03 -0.216605D+04
      2  -0.631652D+03  0.135532D+04 -0.225733D+04
      3  -0.376983D+03 -0.755999D+03  0.442338D+04
      4   0.955138D+03  0.785482D+03  0.150088D+02
      5   0.333854D+04 -0.979776D+02  0.888453D+03
      6  -0.462168D+02  0.335497D+04  0.876669D+03
 End of Minotr F.D. properties file   722 does not exist.
 End of Minotr F.D. properties file   788 does not exist.
 Symmetrizing basis deriv contribution to polar:
 IMax=3 JMax=2 DiffMx= 0.00D+00
 G2DrvN: will do    34 centers at a time, making    1 passes.
 PxScal for G2LodP:  IOpCl= 0 ISclPx=1 IMOff=     1 NMtTot=    25 NTT=   78606 ScalPx= 1.57D+02
 Calling FoFCou, ICntrl=  3107 FMM=F I1Cent=   0 AccDes= 0.00D+00.
 PxScal for G2LodP:  IOpCl= 0 ISclPx=0 IMOff=     1 NMtTot=    25 NTT=   78606 ScalPx= 1.00D+00
 NEqPCM:  Using non-equilibrium solvation (IEInf=1, Eps=  78.3553, EpsInf=   1.7778)
 G2PCM: DoFxE=T DoFxN=T DoGrad=T DoDP/DQ/DG/TGxP=TTTF NFrqRd=   1 IEInf=1 SqF1=F DoCFld=F IF1Alg=4.
 End of G2Drv F.D. properties on file   721 Mask=       B NFrqRd=     1 NDeriv=     1 ND12= 1 LenFil=      39:
 Frequencies=    0.085645
 Property number 1 -- Alpha(-w,w) frequency  1    0.085645:
                 1             2             3 
      1   0.104240D+03 -0.302603D+01  0.329246D+01
      2  -0.302603D+01  0.106509D+03 -0.293132D+01
      3   0.329246D+01 -0.293132D+01  0.104338D+03
 Property number 2 -- FD Optical Rotation Tensor frequency  1    0.085645:
                 1             2             3 
      1  -0.551467D+02  0.170514D+04 -0.526973D+03
      2  -0.165204D+04  0.299636D+02  0.343816D+03
      3   0.487389D+03 -0.419641D+03  0.253276D+02
 Property number 4 -- D-Q polarizability frequency  1    0.085645:
                 1             2             3 
      1   0.100864D+04 -0.599322D+03 -0.216605D+04
      2  -0.631652D+03  0.135532D+04 -0.225733D+04
      3  -0.376983D+03 -0.755999D+03  0.442338D+04
      4   0.955138D+03  0.785482D+03  0.150088D+02
      5   0.333854D+04 -0.979776D+02  0.888453D+03
      6  -0.462168D+02  0.335497D+04  0.876669D+03
 End of G2Drv F.D. properties on file   722 Mask=       B NFrqRd=     1 NDeriv=    99 ND12= 1 LenFil=    3567:
 Frequencies=    0.085645
 Property number 1 -- Alpha(-w,w) derivatives, frequency  1    0.085645:
                 1             2             3             4             5 
      1  -0.415824D+00  0.489686D-01  0.112699D+01 -0.453085D+00  0.260695D+01
      2   0.489686D-01  0.345129D+01  0.233705D+01  0.260695D+01  0.128875D+01
      3   0.112699D+01  0.233705D+01  0.207931D+01  0.120940D+01  0.104840D+01
                 6             7             8             9            10 
      1   0.120940D+01 -0.305861D+00  0.254574D+00 -0.911486D-01 -0.185013D+00
      2   0.104840D+01  0.254574D+00  0.429785D+00  0.864210D+00 -0.448056D+00
      3   0.785848D+00 -0.911486D-01  0.864210D+00 -0.504356D+00 -0.436559D+00
                11            12            13            14            15 
      1  -0.448056D+00 -0.436559D+00  0.180920D+00 -0.277482D+00 -0.120060D+00
      2  -0.123977D+01 -0.118313D+01 -0.277482D+00 -0.798965D+00 -0.662909D+00
      3  -0.118313D+01 -0.116632D+01 -0.120060D+00 -0.662909D+00 -0.966442D+00
                16            17            18            19            20 
      1   0.564897D+00 -0.975880D-01 -0.153387D+00  0.301719D+00  0.887149D+00
      2  -0.975880D-01  0.236739D+00  0.311963D+00  0.887149D+00 -0.191514D+01
      3  -0.153387D+00  0.311963D+00  0.657435D+00 -0.611862D+00 -0.847877D+00
                21            22            23            24            25 
      1  -0.611862D+00  0.431461D+00 -0.254690D+01 -0.747127D+00  0.221446D+00
      2  -0.847877D+00 -0.254690D+01 -0.353221D+00 -0.489769D+00  0.172144D+00
      3  -0.112739D+01 -0.747127D+00 -0.489769D+00  0.513091D+00  0.159715D+00
                26            27            28            29            30 
      1   0.172144D+00  0.159715D+00  0.269924D+01 -0.986339D+00  0.334225D+01
      2  -0.702469D+00 -0.816685D+00 -0.986339D+00 -0.615613D+00 -0.224133D+01
      3  -0.816685D+00 -0.696368D+00  0.334225D+01 -0.224133D+01  0.420260D+01
                31            32            33            34            35 
      1  -0.662773D+00 -0.150673D+01 -0.119685D+01  0.336332D+01 -0.235895D+01
      2  -0.150673D+01  0.192650D+01  0.162047D+00 -0.235895D+01  0.154955D+01
      3  -0.119685D+01  0.162047D+00 -0.598280D+00  0.310319D+01 -0.206167D+01
                36            37            38            39            40 
      1   0.310319D+01 -0.186174D+01  0.195975D+00 -0.219303D+01  0.557821D+00
      2  -0.206167D+01  0.195975D+00  0.151547D+01  0.154930D+01  0.998179D+00
      3   0.188635D+01 -0.219303D+01  0.154930D+01 -0.221258D+01  0.162715D+01
                41            42            43            44            45 
      1   0.998179D+00  0.162715D+01 -0.243078D+01  0.218188D+01 -0.158454D+01
      2  -0.141103D+01 -0.866016D+00  0.218188D+01 -0.207160D+01  0.119819D+01
      3  -0.866016D+00  0.372170D+00 -0.158454D+01  0.119819D+01 -0.973936D+00
                46            47            48            49            50 
      1  -0.804093D+00  0.781341D+00 -0.105563D+01  0.357709D+00  0.442175D+00
      2   0.781341D+00 -0.970759D+00  0.115326D+01  0.442175D+00 -0.539181D+00
      3  -0.105563D+01  0.115326D+01 -0.165624D+01 -0.399906D+00  0.238690D+00
                51            52            53            54            55 
      1  -0.399906D+00 -0.109058D+01  0.381839D+00 -0.117757D+01  0.108361D+01
      2   0.238690D+00  0.381839D+00  0.285020D+00  0.578614D+00 -0.571311D+00
      3  -0.603579D+00 -0.117757D+01  0.578614D+00 -0.954949D+00  0.114625D+01
                56            57            58            59            60 
      1  -0.571311D+00  0.114625D+01 -0.494917D+00 -0.195023D-01  0.642021D+00
      2  -0.270702D+00  0.109372D+01 -0.195023D-01  0.121965D+01 -0.136052D+01
      3   0.109372D+01  0.168037D+01  0.642021D+00 -0.136052D+01 -0.249832D+01
                61            62            63            64            65 
      1   0.989853D+00  0.111669D+01  0.128300D+01 -0.155940D+01  0.509203D+00
      2   0.111669D+01 -0.193993D+01 -0.265353D+01  0.509203D+00  0.173827D+00
      3   0.128300D+01 -0.265353D+01 -0.349806D+01 -0.970329D+00 -0.187034D+00
                66            67            68            69            70 
      1  -0.970329D+00  0.269148D+00 -0.119615D+00 -0.135192D+00 -0.860893D+00
      2  -0.187034D+00 -0.119615D+00  0.632630D+00  0.548024D+00 -0.539552D+00
      3  -0.616244D+00 -0.135192D+00  0.548024D+00  0.105331D+00 -0.834111D+00
                71            72            73            74            75 
      1  -0.539552D+00 -0.834111D+00  0.625831D-01  0.443835D+00  0.158780D+00
      2   0.292165D+00  0.148220D+01  0.443835D+00 -0.101576D+00 -0.784643D+00
      3   0.148220D+01  0.254017D+01  0.158780D+00 -0.784643D+00 -0.813938D+00
                76            77            78            79            80 
      1   0.369760D+00  0.121484D+00 -0.488562D+00 -0.216667D+00 -0.438050D+00
      2   0.121484D+00 -0.181004D+01  0.108937D+01 -0.438050D+00  0.162691D+01
      3  -0.488562D+00  0.108937D+01  0.221915D+01 -0.228233D+00  0.126250D+01
                81            82            83            84            85 
      1  -0.228233D+00 -0.122523D+01  0.150525D+01  0.181384D+00 -0.213161D+01
      2   0.126250D+01  0.150525D+01  0.416441D+01 -0.180866D+01  0.123827D+01
      3   0.129709D+01  0.181384D+00 -0.180866D+01  0.142938D+01 -0.652665D+00
                86            87            88            89            90 
      1   0.123827D+01 -0.652665D+00  0.682020D+00 -0.183824D+01  0.146027D+01
      2   0.125193D+01 -0.444769D+00 -0.183824D+01 -0.101515D+01 -0.410031D+00
      3  -0.444769D+00 -0.577186D+00  0.146027D+01 -0.410031D+00  0.171846D+01
                91            92            93            94            95 
      1  -0.321132D+00 -0.601822D+00  0.213389D+00  0.173989D+01 -0.797973D+00
      2  -0.601822D+00 -0.232276D+01  0.770170D+00 -0.797973D+00  0.294877D+00
      3   0.213389D+00  0.770170D+00 -0.403813D+00  0.947331D-01  0.416247D-01
                96            97            98            99           100 
      1   0.947331D-01  0.210102D+00 -0.156975D+00 -0.624530D-01  0.173208D+01
      2   0.416247D-01 -0.156975D+00  0.111206D+01 -0.148274D+00 -0.147869D+01
      3   0.252675D+00 -0.624530D-01 -0.148274D+00  0.260504D+00 -0.708449D+00
               101           102           103           104           105 
      1  -0.147869D+01 -0.708449D+00  0.578850D+00 -0.688778D+00  0.132036D+00
      2  -0.174021D+01  0.628104D+00 -0.688778D+00 -0.146751D+01  0.671203D+00
      3   0.628104D+00 -0.931371D+00  0.132036D+00  0.671203D+00  0.185867D+00
               106           107           108           109           110 
      1  -0.105256D+01  0.149015D+01 -0.134539D+01 -0.539371D+01  0.231640D+00
      2   0.149015D+01  0.200955D+00 -0.131342D+00  0.231640D+00  0.111099D+01
      3  -0.134539D+01 -0.131342D+00 -0.182246D+01  0.223673D+01 -0.383610D+00
               111           112           113           114           115 
      1   0.223673D+01 -0.736115D+00  0.155584D+01 -0.759398D+00  0.481505D+01
      2  -0.383610D+00  0.155584D+01  0.213946D+01  0.159567D+01 -0.761674D+00
      3   0.753136D+00 -0.759398D+00  0.159567D+01 -0.116854D+01 -0.698814D+00
               116           117           118           119           120 
      1  -0.761674D+00 -0.698814D+00  0.346179D+01 -0.158607D+00 -0.533328D+00
      2   0.104871D+01 -0.139165D+01 -0.158607D+00 -0.949005D+00 -0.661045D-01
      3  -0.139165D+01 -0.116711D+01 -0.533328D+00 -0.661045D-01 -0.289069D+00
               121           122           123           124           125 
      1   0.647338D+00 -0.112114D+01 -0.250273D+00 -0.202812D+01 -0.274223D+00
      2  -0.112114D+01 -0.277573D+01 -0.631100D+00 -0.274223D+00 -0.581916D+00
      3  -0.250273D+00 -0.631100D+00  0.479116D+00  0.576244D+00  0.113367D+00
               126           127           128           129           130 
      1   0.576244D+00  0.209455D+01  0.109664D+00 -0.154059D+01 -0.862253D-01
      2   0.113367D+00  0.109664D+00 -0.458392D+00  0.442076D+00  0.171075D+00
      3   0.623773D+00 -0.154059D+01  0.442076D+00 -0.371729D+00  0.101945D+01
               131           132           133           134           135 
      1   0.171075D+00  0.101945D+01 -0.276353D+01  0.860171D+00  0.243042D+00
      2   0.477203D+00 -0.117580D+01  0.860171D+00 -0.735246D+00  0.160288D+01
      3  -0.117580D+01  0.658011D+00  0.243042D+00  0.160288D+01  0.656022D+00
               136           137           138           139           140 
      1  -0.167858D+01 -0.171782D+01 -0.128430D+01 -0.203087D+01 -0.252801D+00
      2  -0.171782D+01 -0.137307D+01 -0.199527D+01 -0.252801D+00  0.325707D-01
      3  -0.128430D+01 -0.199527D+01  0.587779D+00 -0.144113D+01  0.103398D+01
               141           142           143           144           145 
      1  -0.144113D+01 -0.284011D+00 -0.885337D+00  0.961563D+00  0.725536D-01
      2   0.103398D+01 -0.885337D+00  0.621714D+00  0.201786D+01  0.193058D+00
      3   0.392351D+01  0.961563D+00  0.201786D+01  0.338711D+01  0.432694D+00
               146           147           148           149           150 
      1   0.193058D+00  0.432694D+00  0.343462D+00 -0.270222D+00  0.325241D+00
      2   0.358752D+00  0.104614D+01 -0.270222D+00 -0.156201D+00 -0.798177D-01
      3   0.104614D+01 -0.422154D+00  0.325241D+00 -0.798177D-01 -0.168260D+01
               151           152           153           154           155 
      1  -0.337056D+00  0.212421D+00 -0.125107D+01  0.181774D+01  0.134329D+01
      2   0.212421D+00 -0.106439D+00 -0.149675D+01  0.134329D+01  0.109850D+01
      3  -0.125107D+01 -0.149675D+01 -0.901846D+00  0.733343D+00  0.248276D+00
               156           157           158           159           160 
      1   0.733343D+00  0.124679D+01  0.681502D+00  0.809128D+00  0.973740D+00
      2   0.248276D+00  0.681502D+00  0.863263D+00 -0.881035D+00  0.511936D+00
      3  -0.552863D+00  0.809128D+00 -0.881035D+00 -0.173964D+01  0.666543D-02
               161           162           163           164           165 
      1   0.511936D+00  0.666543D-02 -0.107475D+01 -0.513758D+00  0.580064D+00
      2  -0.256376D-01 -0.491896D+00 -0.513758D+00  0.417011D+00 -0.592725D+00
      3  -0.491896D+00 -0.216914D+01  0.580064D+00 -0.592725D+00  0.631502D+00
