 Entering Gaussian System, Link 0=g16
 Input=FREE.INP
 Output=FREE.OUT
 Initial command:
 /usr/local/g16-A.03/sse4/g16/l1.exe "/scratch/zronyj/p1/cluster_450/Gau-30407.inp" -scrdir="/scratch/zronyj/p1/cluster_450/"
 Entering Link 1 = /usr/local/g16-A.03/sse4/g16/l1.exe PID=     30408.
  
 Copyright (c) 1988,1990,1992,1993,1995,1998,2003,2009,2016,
            Gaussian, Inc.  All Rights Reserved.
  
 This is part of the Gaussian(R) 16 program.  It is based on
 the Gaussian(R) 09 system (copyright 2009, Gaussian, Inc.),
 the Gaussian(R) 03 system (copyright 2003, Gaussian, Inc.),
 the Gaussian(R) 98 system (copyright 1998, Gaussian, Inc.),
 the Gaussian(R) 94 system (copyright 1995, Gaussian, Inc.),
 the Gaussian 92(TM) system (copyright 1992, Gaussian, Inc.),
 the Gaussian 90(TM) system (copyright 1990, Gaussian, Inc.),
 the Gaussian 88(TM) system (copyright 1988, Gaussian, Inc.),
 the Gaussian 86(TM) system (copyright 1986, Carnegie Mellon
 University), and the Gaussian 82(TM) system (copyright 1983,
 Carnegie Mellon University). Gaussian is a federally registered
 trademark of Gaussian, Inc.
  
 This software contains proprietary and confidential information,
 including trade secrets, belonging to Gaussian, Inc.
  
 This software is provided under written license and may be
 used, copied, transmitted, or stored only in accord with that
 written license.
  
 The following legend is applicable only to US Government
 contracts under FAR:
  
                    RESTRICTED RIGHTS LEGEND
  
 Use, reproduction and disclosure by the US Government is
 subject to restrictions as set forth in subparagraphs (a)
 and (c) of the Commercial Computer Software - Restricted
 Rights clause in FAR 52.227-19.
  
 Gaussian, Inc.
 340 Quinnipiac St., Bldg. 40, Wallingford CT 06492
  
  
 ---------------------------------------------------------------
 Warning -- This program may not be used in any manner that
 competes with the business of Gaussian, Inc. or will provide
 assistance to any competitor of Gaussian, Inc.  The licensee
 of this program is prohibited from giving any competitor of
 Gaussian, Inc. access to this program.  By using this program,
 the user acknowledges that Gaussian, Inc. is engaged in the
 business of creating and licensing software in the field of
 computational chemistry and represents and warrants to the
 licensee that it is not a competitor of Gaussian, Inc. and that
 it will not use this program in any manner prohibited above.
 ---------------------------------------------------------------
  

 Cite this work as:
 Gaussian 16, Revision A.03,
 M. J. Frisch, G. W. Trucks, H. B. Schlegel, G. E. Scuseria, 
 M. A. Robb, J. R. Cheeseman, G. Scalmani, V. Barone, 
 G. A. Petersson, H. Nakatsuji, X. Li, M. Caricato, A. V. Marenich, 
 J. Bloino, B. G. Janesko, R. Gomperts, B. Mennucci, H. P. Hratchian, 
 J. V. Ortiz, A. F. Izmaylov, J. L. Sonnenberg, D. Williams-Young, 
 F. Ding, F. Lipparini, F. Egidi, J. Goings, B. Peng, A. Petrone, 
 T. Henderson, D. Ranasinghe, V. G. Zakrzewski, J. Gao, N. Rega, 
 G. Zheng, W. Liang, M. Hada, M. Ehara, K. Toyota, R. Fukuda, 
 J. Hasegawa, M. Ishida, T. Nakajima, Y. Honda, O. Kitao, H. Nakai, 
 T. Vreven, K. Throssell, J. A. Montgomery, Jr., J. E. Peralta, 
 F. Ogliaro, M. J. Bearpark, J. J. Heyd, E. N. Brothers, K. N. Kudin, 
 V. N. Staroverov, T. A. Keith, R. Kobayashi, J. Normand, 
 K. Raghavachari, A. P. Rendell, J. C. Burant, S. S. Iyengar, 
 J. Tomasi, M. Cossi, J. M. Millam, M. Klene, C. Adamo, R. Cammi, 
 J. W. Ochterski, R. L. Martin, K. Morokuma, O. Farkas, 
 J. B. Foresman, and D. J. Fox, Gaussian, Inc., Wallingford CT, 2016.
 
 ******************************************
 Gaussian 16:  ES64L-G16RevA.03 25-Dec-2016
                23-Aug-2023 
 ******************************************
 %chk=cluster_450.chk
 %mem=6GB
 %nproc=8
 Will use up to    8 processors via shared memory.
 ----------------------------------------------------------------------
 #b3lyp/6-311++G** scrf=(cpcm,Solvent=Water) nosymm freq=roa scf=(xqc,c
 onver=8) iop(2/11=1) geom=checkpoint guess=checkpoint
 ----------------------------------------------------------------------
 1/10=4,29=2,30=1,38=1,83=21/1,3;
 2/11=1,12=2,15=1,40=1/2;
 3/5=4,6=6,7=1111,11=2,14=-4,25=1,30=1,36=2,70=2101,71=2,72=1,74=-5,116=-2,140=1/1,2,3;
 4/5=1/1;
 5/5=2,6=8,8=3,13=1,38=6,53=1,98=1/2,8;
 8/6=4,10=90,11=11/1;
 10/13=10,15=4,31=1,49=111,72=3/2;
 11/6=3,8=1,9=11,15=111,16=1,31=1/1,2,10;
 10/6=1,31=1,49=111/2;
 6/7=2,8=2,9=2,10=2,28=1/1;
 7/8=1,10=1,25=1,30=1/1,2,3,16;
 1/10=4,30=1/3;
 99//99;
 ---------------
 ROA cluster_450
 ---------------
 Structure from the checkpoint file:  "cluster_450.chk"
 Charge =  0 Multiplicity = 1
 No Z-Matrix found in chk file; cartesian coordinates used.
  O                                                13.873577390000     18.196101120000      0.944839130000
  H                                                13.962428880000     17.310947690000      1.322910180000
  H                                                14.759384300000     18.573993450000      1.083639730000
  O                                                18.618365060000     19.264614330000      4.869514590000
  H                                                18.455890420000     18.462973820000      5.393421930000
  H                                                18.597491620000     18.961884640000      3.949653340000
  O                                                17.062828290000     18.829842820000      1.920295160000
  H                                                17.455745580000     18.038130980000      1.522669080000
  H                                                16.671694560000     18.512169690000      2.746145240000
  O                                                19.104032730000     22.869229840000      3.697062920000
  H                                                19.140188790000     22.144650100000      4.343769630000
  H                                                20.033667270000     23.103044350000      3.557621420000
  O                                                17.428994750000     24.641323010000      5.221310730000
  H                                                16.781183450000     23.922482780000      5.338965270000
  H                                                18.056989680000     24.223081230000      4.590012740000
  O                                                14.637174090000     25.357961340000      6.151808640000
  H                                                14.134411270000     26.132939430000      5.871357180000
  H                                                13.969574240000     24.659567840000      6.184645140000
  O                                                15.311332600000     24.336461180000      2.804739350000
  H                                                15.852497300000     24.782581570000      2.137539690000
  H                                                15.481712420000     24.849817710000      3.613446600000
  O                                                16.043311440000     22.212719740000      4.605839710000
  H                                                16.736565970000     21.571915400000      4.394880660000
  H                                                15.889159920000     22.708799450000      3.778586120000
  O                                                19.241860640000     23.706608430000      7.260059250000
  H                                                18.769345260000     23.702312750000      8.102290170000
  H                                                18.603401730000     24.112603890000      6.638679630000
 Recover connectivity data from disk.
 Using perturbation frequencies:    0.085645

 GradGradGradGradGradGradGradGradGradGradGradGradGradGradGradGradGradGrad
 Berny optimization.
 Initialization pass.
 Trust Radius=3.00D-01 FncErr=1.00D-07 GrdErr=1.00D-07 EigMax=2.50D+02 EigMin=1.00D-04
 Number of steps in this run=      2 maximum allowed number of steps=      2.
 GradGradGradGradGradGradGradGradGradGradGradGradGradGradGradGradGradGrad

                          Input orientation:                          
 ---------------------------------------------------------------------
 Center     Atomic      Atomic             Coordinates (Angstroms)
 Number     Number       Type             X           Y           Z
 ---------------------------------------------------------------------
      1          8           0       13.873577   18.196101    0.944839
      2          1           0       13.962429   17.310948    1.322910
      3          1           0       14.759384   18.573993    1.083640
      4          8           0       18.618365   19.264614    4.869515
      5          1           0       18.455890   18.462974    5.393422
      6          1           0       18.597492   18.961885    3.949653
      7          8           0       17.062828   18.829843    1.920295
      8          1           0       17.455746   18.038131    1.522669
      9          1           0       16.671695   18.512170    2.746145
     10          8           0       19.104033   22.869230    3.697063
     11          1           0       19.140189   22.144650    4.343770
     12          1           0       20.033667   23.103044    3.557621
     13          8           0       17.428995   24.641323    5.221311
     14          1           0       16.781183   23.922483    5.338965
     15          1           0       18.056990   24.223081    4.590013
     16          8           0       14.637174   25.357961    6.151809
     17          1           0       14.134411   26.132939    5.871357
     18          1           0       13.969574   24.659568    6.184645
     19          8           0       15.311333   24.336461    2.804739
     20          1           0       15.852497   24.782582    2.137540
     21          1           0       15.481712   24.849818    3.613447
     22          8           0       16.043311   22.212720    4.605840
     23          1           0       16.736566   21.571915    4.394881
     24          1           0       15.889160   22.708799    3.778586
     25          8           0       19.241861   23.706608    7.260059
     26          1           0       18.769345   23.702313    8.102290
     27          1           0       18.603402   24.112604    6.638680
 ---------------------------------------------------------------------
                    Distance matrix (angstroms):
                    1          2          3          4          5
     1  O    0.000000
     2  H    0.966607   0.000000
     3  H    0.972996   1.512505   0.000000
     4  O    6.249625   6.170329   5.449912   0.000000
     5  H    6.392081   6.171501   5.678970   0.971342   0.000000
     6  H    5.650725   5.577560   4.805784   0.968621   1.534090
     7  O    3.394770   3.503768   2.464002   3.362531   3.760030
     8  H    3.631910   3.573788   2.783929   3.749309   4.020387
     9  H    3.342763   3.287652   2.534695   2.977314   3.192781
    10  O    7.534622   7.935187   6.644923   3.821488   4.765796
    11  H    7.408169   7.700615   6.524529   2.973771   3.889058
    12  H    8.297676   8.683447   7.379089   4.296241   5.233526
    13  O    8.512936   8.997167   7.814066   5.517913   6.265472
    14  H    7.781643   8.233254   7.127539   5.029051   5.710853
    15  H    8.192235   8.672772   7.421661   4.997965   5.829530
    16  O    8.887511   9.408930   8.468972   7.390740   7.918245
    17  H    9.345160   9.927008   8.969420   8.263378   8.816574
    18  H    8.321129   8.811285   7.979867   7.241985   7.690959
    19  O    6.574982   7.305696   6.039277   6.397139   7.147543
    20  H    6.979999   7.749922   6.391570   6.749939   7.570724
    21  H    7.347075   8.024297   6.804973   6.527694   7.266761
    22  O    5.851828   6.255803   5.224432   3.923232   4.527849
    23  H    5.612095   5.940428   4.884782   3.014977   3.690349
    24  H    5.697117   6.235338   5.063176   4.527814   5.217551
    25  O    9.953199  10.199344   9.196983   5.082791   5.621191
    26  H   10.272099  10.484082   9.572925   5.492431   5.906513
    27  H    9.476078   9.800947   8.735625   5.160734   5.787119
                    6          7          8          9         10
     6  H    0.000000
     7  O    2.547729   0.000000
     8  H    2.836751   0.969174   0.000000
     9  H    2.315031   0.967435   1.528510   0.000000
    10  O    3.948130   4.862105   5.548365   5.079812   0.000000
    11  H    3.252667   4.601804   5.259226   4.673412   0.971881
    12  H    4.400624   5.455912   6.036560   5.747824   0.968676
    13  O    5.936204   6.693585   7.568541   6.653305   2.875656
    14  H    5.462298   6.140164   7.045903   6.000516   3.033284
    15  H    5.327513   6.099407   6.929914   6.159010   1.930433
    16  O    7.838584   8.148978   9.107864   7.912186   5.672071
    17  H    8.662336   8.804643   9.770787   8.618636   6.330600
    18  H    7.673096   7.857391   8.816509   7.544219   5.979635
    19  O    6.402792   5.845753   6.775779   5.981337   4.163362
    20  H    6.685751   6.078420   6.959604   6.352917   4.082341
    21  H    6.669998   6.450332   7.393729   6.506462   4.129277
    22  O    4.185970   4.437952   5.378485   4.188962   3.259585
    23  H    3.236284   3.707962   4.610255   3.476288   2.788346
    24  H    4.626413   4.458368   5.418348   4.392038   3.219905
    25  O    5.821203   7.552755   8.260720   7.345976   3.662669
    26  H    6.304410   8.054205   8.780656   7.747646   4.495784
    27  H    5.810405   7.248730   8.024332   7.088595   3.232603
                   11         12         13         14         15
    11  H    0.000000
    12  H    1.528022   0.000000
    13  O    3.151450   3.452315   0.000000
    14  H    3.117051   3.797804   0.974799   0.000000
    15  H    2.356657   2.495510   0.983789   1.509626   0.000000
    16  O    5.819924   6.398171   3.028805   2.705197   3.927123
    17  H    6.580105   7.023878   3.674474   3.489264   4.547090
    18  H    6.037292   6.789495   3.591091   3.027146   4.409120
    19  O    4.672557   4.938481   3.227577   2.958740   3.276994
    20  H    4.757631   4.724369   3.466258   3.442580   3.344765
    21  H    4.608227   4.875923   2.533891   2.350742   2.824630
    22  O    3.108692   4.220708   2.863047   2.001304   2.845471
    23  H    2.471445   3.730447   3.253261   2.533467   2.968211
    24  H    3.347669   4.169076   2.861327   2.168759   2.766035
    25  O    3.309803   3.833966   2.883864   3.129239   2.966448
    26  H    4.085378   4.755171   3.313355   3.411338   3.621428
    27  H    3.070439   3.543697   1.915127   2.246304   2.123160
                   16         17         18         19         20
    16  O    0.000000
    17  H    0.965409   0.000000
    18  H    0.966706   1.515303   0.000000
    19  O    3.563822   3.743878   3.650819   0.000000
    20  H    4.233489   4.326278   4.465377   0.968007   0.000000
    21  H    2.723001   2.925710   2.988949   0.972919   1.523254
    22  O    3.776213   4.540215   3.574924   2.879242   3.568348
    23  H    4.672086   5.454735   4.515872   3.493215   4.023126
    24  H    3.770638   4.379905   3.644095   1.982812   2.644797
    25  O    5.015807   5.822509   5.464582   5.974583   6.235841
    26  H    4.860081   5.689255   5.256567   6.357990   6.727052
    27  H    4.185561   4.964113   4.688035   5.058352   5.317575
                   21         22         23         24         25
    21  H    0.000000
    22  O    2.873069   0.000000
    23  H    3.595823   0.967334   0.000000
    24  H    2.185691   0.976835   1.546099   0.000000
    25  O    5.361290   4.416707   4.363790   4.935269   0.000000
    26  H    5.681110   4.677105   4.734519   5.289324   0.965734
    27  H    4.409134   3.781013   3.869730   4.185440   0.979068
                   26         27
    26  H    0.000000
    27  H    1.529062   0.000000
 Symmetry turned off by external request.
 Stoichiometry    H18O9
 Framework group  C1[X(H18O9)]
 Deg. of freedom    75
 Full point group                 C1      NOp   1
 Rotational constants (GHZ):           0.6347617           0.3150308           0.2435512
 Standard basis: 6-311++G(d,p) (5D, 7F)
   324 basis functions,   486 primitive gaussians,   333 cartesian basis functions
    45 alpha electrons       45 beta electrons
       nuclear repulsion energy       499.7971063930 Hartrees.
 NAtoms=   27 NActive=   27 NUniq=   27 SFac= 1.00D+00 NAtFMM=   60 NAOKFM=F Big=F
 Integral buffers will be    131072 words long.
 Raffenetti 2 integral format.
 Two-electron integral symmetry is turned off.
 Force inversion solution in PCM.
 ------------------------------------------------------------------------------
 Polarizable Continuum Model (PCM)
 =================================
 Model                : C-PCM.
 Atomic radii         : UFF (Universal Force Field).
 Polarization charges : Total charges.
 Charge compensation  : None.
 Solution method      : Matrix inversion.
 Cavity type          : Scaled VdW (van der Waals Surface) (Alpha=1.100).
 Cavity algorithm     : GePol (No added spheres)
                        Default sphere list used, NSphG=   27.
                        Lebedev-Laikov grids with approx.  5.0 points / Ang**2.
                        Smoothing algorithm: York/Karplus (Gamma=1.0000).
                        Polarization charges: spherical gaussians, with
                                              point-specific exponents (IZeta= 3).
                        Self-potential: point-specific (ISelfS= 7).
                        Self-field    : sphere-specific E.n sum rule (ISelfD= 2).
 1st derivatives      : Analytical E(r).r(x)/FMM algorithm (CHGder, D1EAlg=3).
                        Cavity 1st derivative terms included.
 2nd derivatives      : Analytical E(r).r(xy)/FMM algorithm (CHGder, D2EAlg=3).
                        Cavity 2nd derivative terms included.
 Solvent              : Water, Eps=  78.355300 Eps(inf)=   1.777849
 ------------------------------------------------------------------------------
 One-electron integrals computed using PRISM.
 NBasis=   324 RedAO= T EigKep=  3.44D-04  NBF=   324
 NBsUse=   324 1.00D-06 EigRej= -1.00D+00 NBFU=   324
 Initial guess from the checkpoint file:  "cluster_450.chk"
 B after Tr=     0.000000    0.000000    0.000000
         Rot=    1.000000    0.000000    0.000000    0.000000 Ang=   0.00 deg.
 Requested convergence on RMS density matrix=1.00D-08 within  32 cycles.
 Requested convergence on MAX density matrix=1.00D-06.
 Requested convergence on             energy=1.00D-06.
 No special actions if energy rises.
 Inv3:  Mode=1 IEnd=    22473507.
 Iteration    1 A*A^-1 deviation from unit magnitude is 8.44D-15 for    679.
 Iteration    1 A*A^-1 deviation from orthogonality  is 2.87D-15 for   2440    339.
 Iteration    1 A^-1*A deviation from unit magnitude is 8.66D-15 for    679.
 Iteration    1 A^-1*A deviation from orthogonality  is 2.27D-15 for   2431    335.
 Error on total polarization charges =  0.01620
 SCF Done:  E(RB3LYP) =  -688.219155477     A.U. after   10 cycles
            NFock= 10  Conv=0.38D-08     -V/T= 2.0036
 QCSCF skips out because SCF is already converged.
 DoSCS=F DFT=T ScalE2(SS,OS)=  1.000000  1.000000
 Range of M.O.s used for correlation:     1   324
 NBasis=   324 NAE=    45 NBE=    45 NFC=     0 NFV=     0
 NROrb=    324 NOA=    45 NOB=    45 NVA=   279 NVB=   279

 **** Warning!!: The largest alpha MO coefficient is  0.15129181D+02

 NEqPCM:  Using non-equilibrium solvation (IEInf=1, Eps=  78.3553, EpsInf=   1.7778)
 Inv3:  Mode=1 IEnd=    22473507.
 Iteration    1 A*A^-1 deviation from unit magnitude is 8.44D-15 for    679.
 Iteration    1 A*A^-1 deviation from orthogonality  is 2.87D-15 for   2440    339.
 Iteration    1 A^-1*A deviation from unit magnitude is 8.66D-15 for    679.
 Iteration    1 A^-1*A deviation from orthogonality  is 2.27D-15 for   2431    335.
          Differentiating once with respect to electric field.
                with respect to dipole field.
                with respect to quadrupole field.
          Differentiating once with respect to magnetic field using GIAOs.
          Electric field/nuclear overlap derivatives assumed to be zero.
 FoFJK:  IHMeth= 1 ICntrl=    6127 DoSepK=F KAlg= 0 I1Cent=           0 FoldK=F
 IRaf=         1 NMat=       1 IRICut=       1 DoRegI=T DoRafI=F ISym2E= 0 IDoP0=0 IntGTp=1.
 CalDSu exits because no D1Ps are significant.
          There are    12 degrees of freedom in the 1st order CPHF.  IDoFFX=0 NUNeed=    12.
     11 vectors produced by pass  0 Test12= 2.09D-13 8.33D-09 XBig12= 1.00D+00 2.08D-01.
 AX will form    11 AO Fock derivatives at one time.
     11 vectors produced by pass  1 Test12= 2.09D-13 8.33D-09 XBig12= 1.27D-01 4.63D-02.
     11 vectors produced by pass  2 Test12= 2.09D-13 8.33D-09 XBig12= 3.80D-02 3.42D-02.
     11 vectors produced by pass  3 Test12= 2.09D-13 8.33D-09 XBig12= 1.80D-03 6.96D-03.
     11 vectors produced by pass  4 Test12= 2.09D-13 8.33D-09 XBig12= 4.82D-05 8.34D-04.
     11 vectors produced by pass  5 Test12= 2.09D-13 8.33D-09 XBig12= 1.84D-06 1.93D-04.
     11 vectors produced by pass  6 Test12= 2.09D-13 8.33D-09 XBig12= 4.00D-08 3.23D-05.
     11 vectors produced by pass  7 Test12= 2.09D-13 8.33D-09 XBig12= 7.56D-10 2.89D-06.
     11 vectors produced by pass  8 Test12= 2.09D-13 8.33D-09 XBig12= 1.82D-11 3.60D-07.
      7 vectors produced by pass  9 Test12= 2.09D-13 8.33D-09 XBig12= 2.91D-13 4.74D-08.
 InvSVY:  IOpt=1 It=  1 EMax= 5.12D-13
 Solved reduced A of dimension   106 with    12 vectors.
 Isotropic polarizability for W=    0.085645       84.40 Bohr**3.
 Dipole-magnetic dipole polarizability for W=    0.085645:
                 1             2             3 
      1  -0.800545D+02  0.320642D+03 -0.178485D+04
      2  -0.272936D+03  0.214699D+02  0.134196D+04
      3   0.179671D+04 -0.137545D+04  0.587984D+02
 DQ contribution to OR G for W=    0.085645:
                 1             2             3 
      1  -0.160944D+03  0.118945D+04 -0.586662D+04
      2  -0.109511D+04  0.442130D+02  0.443847D+04
      3   0.588822D+04 -0.450391D+04  0.116731D+03
 Optical Rotation G' tensor for W=    0.085645:
                 1             2             3 
      1  -0.101805D+00 -0.134248D+00 -0.265778D+00
      2  -0.134248D+00  0.425196D+00  0.195185D+00
      3  -0.265778D+00  0.195185D+00 -0.109563D+00
 OR G Eigenvalues:    -0.3744     0.0262     0.5620  Iso=    -0.0713
 Eigenvectors:
   (1)   0.680384  -0.063980   0.730058
   (2)   0.655665   0.498164  -0.567395
   (3)  -0.327386   0.864719   0.380892
 w=    0.085645 a.u., Optical Rotation Beta=     -0.0713 au.
 Molar Mass =    162.1368 grams/mole, [Alpha] ( 5320.0 A) =      -20.85 deg.
 End of Minotr F.D. properties on file   721 Mask=       B NFrqRd=     1 NDeriv=     1 ND12= 1 LenFil=      39:
 Frequencies=    0.085645
 Property number 1 -- Alpha(-w,w) frequency  1    0.085645:
                 1             2             3 
      1   0.844114D+02 -0.183566D+01  0.350058D+01
      2  -0.183566D+01  0.837144D+02  0.719323D+00
      3   0.350058D+01  0.719323D+00  0.850743D+02
 Property number 2 -- FD Optical Rotation Tensor frequency  1    0.085645:
                 1             2             3 
      1  -0.800545D+02  0.320642D+03 -0.178485D+04
      2  -0.272936D+03  0.214699D+02  0.134196D+04
      3   0.179671D+04 -0.137545D+04  0.587984D+02
 Property number 4 -- D-Q polarizability frequency  1    0.085645:
                 1             2             3 
      1   0.362901D+04 -0.241843D+04 -0.320016D+03
      2  -0.193405D+04  0.471001D+04 -0.495686D+03
      3  -0.169496D+04 -0.229158D+04  0.815703D+03
      4   0.346979D+04  0.256986D+04  0.170476D+03
      5   0.775092D+03  0.953188D+01  0.274351D+04
      6   0.126263D+03  0.693761D+03  0.357504D+04
 End of Minotr F.D. properties file   722 does not exist.
 End of Minotr F.D. properties file   788 does not exist.
 Symmetrizing basis deriv contribution to polar:
 IMax=3 JMax=2 DiffMx= 0.00D+00
 G2DrvN: will do    28 centers at a time, making    1 passes.
 PxScal for G2LodP:  IOpCl= 0 ISclPx=1 IMOff=     1 NMtTot=    25 NTT=   52650 ScalPx= 2.21D+02
 Calling FoFCou, ICntrl=  3107 FMM=F I1Cent=   0 AccDes= 0.00D+00.
 PxScal for G2LodP:  IOpCl= 0 ISclPx=0 IMOff=     1 NMtTot=    25 NTT=   52650 ScalPx= 1.00D+00
 NEqPCM:  Using non-equilibrium solvation (IEInf=1, Eps=  78.3553, EpsInf=   1.7778)
 G2PCM: DoFxE=T DoFxN=T DoGrad=T DoDP/DQ/DG/TGxP=TTTF NFrqRd=   1 IEInf=1 SqF1=F DoCFld=F IF1Alg=4.
 End of G2Drv F.D. properties on file   721 Mask=       B NFrqRd=     1 NDeriv=     1 ND12= 1 LenFil=      39:
 Frequencies=    0.085645
 Property number 1 -- Alpha(-w,w) frequency  1    0.085645:
                 1             2             3 
      1   0.844114D+02 -0.183566D+01  0.350058D+01
      2  -0.183566D+01  0.837144D+02  0.719323D+00
      3   0.350058D+01  0.719323D+00  0.850743D+02
 Property number 2 -- FD Optical Rotation Tensor frequency  1    0.085645:
                 1             2             3 
      1  -0.800545D+02  0.320642D+03 -0.178485D+04
      2  -0.272936D+03  0.214699D+02  0.134196D+04
      3   0.179671D+04 -0.137545D+04  0.587984D+02
 Property number 4 -- D-Q polarizability frequency  1    0.085645:
                 1             2             3 
      1   0.362901D+04 -0.241843D+04 -0.320016D+03
      2  -0.193405D+04  0.471001D+04 -0.495686D+03
      3  -0.169496D+04 -0.229158D+04  0.815703D+03
      4   0.346979D+04  0.256986D+04  0.170476D+03
      5   0.775092D+03  0.953188D+01  0.274351D+04
      6   0.126263D+03  0.693761D+03  0.357504D+04
 End of G2Drv F.D. properties on file   722 Mask=       B NFrqRd=     1 NDeriv=    81 ND12= 1 LenFil=    2919:
 Frequencies=    0.085645
 Property number 1 -- Alpha(-w,w) derivatives, frequency  1    0.085645:
                 1             2             3             4             5 
      1  -0.744240D+00 -0.133822D+01 -0.734512D+00 -0.152352D+01 -0.565812D+00
      2  -0.133822D+01 -0.443333D+00 -0.476277D+00 -0.565812D+00  0.275590D+00
      3  -0.734512D+00 -0.476277D+00  0.294587D+00  0.665546D+00 -0.305054D+00
                 6             7             8             9            10 
      1   0.665546D+00 -0.103229D+01  0.364284D+00  0.107698D+01 -0.405669D+00
      2  -0.305054D+00  0.364284D+00  0.544050D+00  0.139018D+01 -0.115014D-01
      3   0.451895D+00  0.107698D+01  0.139018D+01  0.240230D+01  0.197586D+00
                11            12            13            14            15 
      1  -0.115014D-01  0.197586D+00  0.424357D+00  0.330261D+00 -0.780923D+00
      2  -0.236485D+00  0.850125D-01  0.330261D+00 -0.707886D-02  0.518095D+00
      3   0.850125D-01  0.252883D+00 -0.780923D+00  0.518095D+00  0.212124D+00
                16            17            18            19            20 
      1   0.389642D+00 -0.430297D+00 -0.468130D+00  0.108942D+01  0.155209D+01
      2  -0.430297D+00 -0.536188D+00 -0.897440D+00  0.155209D+01  0.764451D+00
      3  -0.468130D+00 -0.897440D+00 -0.125100D+01  0.506027D+00  0.381831D+00
                21            22            23            24            25 
      1   0.506027D+00  0.111107D+01  0.221414D+00  0.119283D+00  0.639539D+00
      2   0.381831D+00  0.221414D+00 -0.435619D+00 -0.249988D+00  0.166820D+00
      3  -0.612539D+00  0.119283D+00 -0.249988D+00 -0.665800D+00 -0.661219D+00
                26            27            28            29            30 
      1   0.166820D+00 -0.661219D+00 -0.290236D+01  0.159589D+01 -0.158108D+01
      2   0.925010D-01 -0.515561D+00  0.159589D+01 -0.606065D+00  0.538057D+00
      3  -0.515561D+00 -0.122344D+01 -0.158108D+01  0.538057D+00 -0.281175D+00
                31            32            33            34            35 
      1  -0.117151D+01  0.504897D-01 -0.142381D+00 -0.122797D+01  0.207865D+00
      2   0.504897D-01 -0.352497D+00 -0.457250D+00  0.207865D+00 -0.183372D+00
      3  -0.142381D+00 -0.457250D+00  0.451252D+00  0.518717D+00 -0.183314D+00
                36            37            38            39            40 
      1   0.518717D+00  0.125994D+01 -0.750535D+00  0.703103D+00  0.679718D+00
      2  -0.183314D+00 -0.750535D+00  0.504091D+00 -0.310255D+00 -0.140167D+00
      3   0.148812D+01  0.703103D+00 -0.310255D+00  0.253881D+00  0.306185D+00
                41            42            43            44            45 
      1  -0.140167D+00  0.306185D+00 -0.403254D+00  0.245614D+00 -0.531286D-01
      2   0.525358D+00 -0.188941D+00  0.245614D+00 -0.198641D+00 -0.669400D-02
      3  -0.188941D+00  0.349705D+00 -0.531286D-01 -0.669400D-02 -0.112292D+00
                46            47            48            49            50 
      1   0.166290D+01 -0.874549D+00  0.880383D+00  0.567367D+00 -0.844451D-01
      2  -0.874549D+00 -0.955849D-01 -0.326284D+00 -0.844451D-01  0.204000D+00
      3   0.880383D+00 -0.326284D+00 -0.162370D+00 -0.207969D+00  0.473320D+00
                51            52            53            54            55 
      1  -0.207969D+00  0.165256D+01 -0.470318D+00 -0.513982D+00 -0.576200D+00
      2   0.473320D+00 -0.470318D+00  0.341674D+00  0.105624D+00 -0.563159D-01
      3  -0.888844D+00 -0.513982D+00  0.105624D+00 -0.165698D+01  0.129424D+00
                56            57            58            59            60 
      1  -0.563159D-01  0.129424D+00 -0.920586D+00 -0.453154D+00 -0.137219D+00
      2   0.534084D+00  0.940622D+00 -0.453154D+00 -0.544610D-01  0.915452D+00
      3   0.940622D+00  0.158471D+01 -0.137219D+00  0.915452D+00  0.179550D+00
                61            62            63            64            65 
      1  -0.403223D+00  0.141812D+00  0.976375D+00  0.262671D+00 -0.159816D+00
      2   0.141812D+00  0.979283D+00  0.169309D+00 -0.159816D+00 -0.594549D+00
      3   0.976375D+00  0.169309D+00 -0.514712D+00 -0.219311D+00 -0.452033D+00
                66            67            68            69            70 
      1  -0.219311D+00  0.636368D+00  0.208582D+00 -0.107300D+00  0.353278D+00
      2  -0.452033D+00  0.208582D+00  0.430161D+00 -0.162482D+00  0.198678D+00
      3  -0.664284D+00 -0.107300D+00 -0.162482D+00  0.354261D+00 -0.169856D+00
                71            72            73            74            75 
      1   0.198678D+00 -0.169856D+00  0.269540D+00 -0.580315D-01  0.133283D-01
      2  -0.480191D-01 -0.192245D+00 -0.580315D-01  0.341375D-01 -0.349597D+00
      3  -0.192245D+00 -0.663949D-01  0.133283D-01 -0.349597D+00 -0.632231D+00
                76            77            78            79            80 
      1   0.151872D+00  0.223728D+00  0.293156D+00 -0.201278D-01 -0.377457D+00
      2   0.223728D+00 -0.202372D+00 -0.673241D+00 -0.377457D+00 -0.963785D+00
      3   0.293156D+00 -0.673241D+00 -0.503669D+00 -0.691698D+00  0.435174D-01
                81            82            83            84            85 
      1  -0.691698D+00  0.342305D+00 -0.634898D+00 -0.367211D+00 -0.428885D+00
      2   0.435174D-01 -0.634898D+00  0.501534D+00  0.629879D+00 -0.306735D+00
      3   0.842615D+00 -0.367211D+00  0.629879D+00  0.105041D+01 -0.188403D+01
                86            87            88            89            90 
      1  -0.306735D+00 -0.188403D+01 -0.829637D-03 -0.114611D+01 -0.381117D+00
      2  -0.224636D+00 -0.559962D+00 -0.114611D+01 -0.145103D+00  0.129998D+01
      3  -0.559962D+00  0.232854D+01 -0.381117D+00  0.129998D+01  0.225118D+01
                91            92            93            94            95 
      1   0.147865D+00  0.575800D+00 -0.743947D-01  0.650673D+00  0.616625D+00
      2   0.575800D+00  0.385715D-01 -0.394560D+00  0.616625D+00 -0.465395D+00
      3  -0.743947D-01 -0.394560D+00 -0.133822D+00  0.126364D+01  0.736651D+00
                96            97            98            99           100 
      1   0.126364D+01  0.268181D+00  0.887594D+00 -0.267245D+00 -0.108409D+01
      2   0.736651D+00  0.887594D+00 -0.156784D+00 -0.100975D+01 -0.989593D-01
      3  -0.918496D+00 -0.267245D+00 -0.100975D+01 -0.545638D+00  0.428747D+00
               101           102           103           104           105 
      1  -0.989593D-01  0.428747D+00  0.101260D+00  0.900408D-01  0.417169D+00
      2  -0.251413D+00 -0.231778D+00  0.900408D-01 -0.483019D-01 -0.120944D+00
      3  -0.231778D+00 -0.115815D+01  0.417169D+00 -0.120944D+00 -0.803759D+00
               106           107           108           109           110 
      1  -0.270169D+00  0.356220D+00  0.558531D+00  0.492758D+00  0.122101D+01
      2   0.356220D+00  0.846094D-01 -0.213415D+00  0.122101D+01  0.337457D+01
      3   0.558531D+00 -0.213415D+00 -0.850697D+00  0.263566D+00 -0.212674D+01
               111           112           113           114           115 
      1   0.263566D+00  0.137181D+00  0.142067D+01 -0.124912D+00  0.472432D+00
      2  -0.212674D+01  0.142067D+01 -0.295379D+01  0.449623D+00 -0.186112D+01
      3  -0.174232D+01 -0.124912D+00  0.449623D+00 -0.998344D+00 -0.126324D+01
               116           117           118           119           120 
      1  -0.186112D+01 -0.126324D+01 -0.148462D+01 -0.110691D+01  0.255002D+00
      2   0.102219D+01  0.600604D+00 -0.110691D+01 -0.121547D+01  0.400431D+00
      3   0.600604D+00 -0.243487D+00  0.255002D+00  0.400431D+00  0.341961D+00
               121           122           123           124           125 
      1  -0.796006D+00 -0.160930D+01 -0.271287D+00 -0.105820D+00  0.341383D+00
      2  -0.160930D+01  0.384094D+00  0.108571D+01  0.341383D+00  0.325679D+00
      3  -0.271287D+00  0.108571D+01  0.140697D+01  0.359085D+00  0.774200D+00
               126           127           128           129           130 
      1   0.359085D+00  0.113279D+01 -0.252744D+00 -0.335035D+00 -0.434342D+00
      2   0.774200D+00 -0.252744D+00 -0.222771D+01  0.147517D+01 -0.127015D+00
      3   0.532650D+00 -0.335035D+00  0.147517D+01  0.101761D+01  0.569063D+00
               131           132           133           134           135 
      1  -0.127015D+00  0.569063D+00 -0.820478D+00  0.903516D+00  0.100282D+01
      2   0.272674D+01 -0.722768D+00  0.903516D+00 -0.291462D+00 -0.140468D+01
      3  -0.722768D+00 -0.135736D+01  0.100282D+01 -0.140468D+01 -0.126555D+01
               136           137           138           139           140 
      1  -0.761498D+00 -0.174167D+00 -0.384469D+00 -0.324868D+00  0.244269D+00
      2  -0.174167D+00  0.137001D+01 -0.107411D+00  0.244269D+00  0.107518D+01
      3  -0.384469D+00 -0.107411D+00 -0.960938D+00  0.498641D+00  0.332142D+00
               141           142           143           144           145 
      1   0.498641D+00 -0.606889D+00  0.663857D+00  0.117773D+01  0.320837D+00
      2   0.332142D+00  0.663857D+00 -0.134411D+01 -0.202267D+01 -0.198321D+00
      3  -0.106784D+01  0.117773D+01 -0.202267D+01 -0.260117D+01  0.142871D+00
               146           147           148           149           150 
      1  -0.198321D+00  0.142871D+00 -0.316503D+00  0.591303D-01 -0.130263D+00
      2   0.151027D+00  0.352128D+00  0.591303D-01 -0.288269D+00 -0.317746D+00
      3   0.352128D+00  0.309903D+00 -0.130263D+00 -0.317746D+00 -0.157088D+00
               151           152           153           154           155 
      1   0.354936D+00 -0.558146D+00 -0.504717D+00  0.467337D+00  0.683835D-01
      2  -0.558146D+00  0.952165D+00  0.104148D+01  0.683835D-01 -0.116496D+01
      3  -0.504717D+00  0.104148D+01  0.118329D+01  0.162630D-01 -0.156604D+00
               156           157           158           159           160 
      1   0.162630D-01  0.509909D+00 -0.197759D+00 -0.241742D+00  0.193511D+00
      2  -0.156604D+00 -0.197759D+00 -0.667483D+00 -0.126293D+00 -0.207961D-01
      3   0.860160D+00 -0.241742D+00 -0.126293D+00  0.101948D+01 -0.643317D+00
               161           162           163           164           165 
      1  -0.207961D-01 -0.643317D+00  0.374743D+01 -0.270255D+01  0.236000D+01
      2   0.123972D+00  0.724835D+00 -0.270255D+01  0.249074D+01 -0.164852D+01
      3   0.724835D+00  0.122265D+01  0.236000D+01 -0.164852D+01  0.883567D+00
               166           167           168           169           170 
      1  -0.192657D+01  0.363812D+00 -0.179100D+01  0.128296D+01 -0.545442D+00
      2   0.363812D+00  0.121874D+01 -0.428001D-01 -0.545442D+00  0.730905D+00
      3  -0.179100D+01 -0.428001D-01 -0.166610D+01 -0.101371D-01 -0.889052D+00
               171           172           173           174           175 
      1  -0.101371D-01 -0.108663D+01  0.106555D+01 -0.935909D+00  0.792699D+00
      2  -0.889052D+00  0.106555D+01 -0.110104D+01  0.102760D+01 -0.349570D+00
      3  -0.118966D+01 -0.935909D+00  0.102760D+01 -0.107368D+01  0.458742D+00
               176           177           178           179           180 
      1  -0.349570D+00  0.458742D+00 -0.218556D+00 -0.504714D+00 -0.641155D-01
      2  -0.873744D-01 -0.921759D-01 -0.504714D+00 -0.855538D-01  0.881850D-01
      3  -0.921759D-01 -0.579071D+00 -0.641155D-01  0.881850D-01  0.496305D+00
               181           182           183           184           185 
      1  -0.244945D+01  0.162269D+01 -0.121392D+01  0.656164D+00  0.421853D-01
      2   0.162269D+01 -0.130108D+01  0.546371D+00  0.421853D-01 -0.706870D+00
      3  -0.121392D+01  0.546371D+00  0.446173D+00  0.112140D+01  0.248287D+00
               186           187           188           189           190 
      1   0.112140D+01 -0.681100D+00  0.965522D+00  0.209775D+00  0.171556D+01
      2   0.248287D+00  0.965522D+00 -0.351361D+00  0.886753D+00  0.245793D+01
      3   0.163332D+01  0.209775D+00  0.886753D+00  0.148257D+01 -0.415683D-01
               191           192           193           194           195 
      1   0.245793D+01 -0.415683D-01  0.309253D+01  0.143049D+01 -0.600542D+00
      2   0.216688D+01 -0.236457D+00  0.143049D+01  0.185697D+01  0.386986D+00
      3  -0.236457D+00  0.831126D+00 -0.600542D+00  0.386986D+00 -0.938937D+00
               196           197           198           199           200 
      1   0.351890D+00 -0.491836D+00 -0.666867D+00  0.394592D-02 -0.151751D+01
      2  -0.491836D+00  0.573999D+00 -0.225440D+01 -0.151751D+01 -0.120586D+01
      3  -0.666867D+00 -0.225440D+01  0.750532D+00 -0.829143D-01 -0.199423D+00
               201           202           203           204           205 
      1  -0.829143D-01 -0.139533D+01  0.304479D+00  0.335587D+00 -0.332409D+00
      2  -0.199423D+00  0.304479D+00 -0.970989D+00 -0.782293D-01 -0.144991D+00
      3   0.499745D-01  0.335587D+00 -0.782293D-01  0.368270D+00 -0.158536D+00
               206           207           208           209           210 
      1  -0.144991D+00 -0.158536D+00 -0.173300D+01 -0.572682D+00 -0.257314D+00
      2   0.122706D+00  0.353606D+00 -0.572682D+00 -0.776068D+00  0.227726D+00
      3   0.353606D+00  0.230302D+00 -0.257314D+00  0.227726D+00 -0.106486D+01
               211           212           213           214           215 
      1  -0.665846D+00 -0.152344D+01  0.121824D+00 -0.177071D+00  0.687735D+00
      2  -0.152344D+01 -0.150658D+01 -0.949805D+00  0.687735D+00 -0.876082D+00
      3   0.121824D+00 -0.949805D+00  0.155904D+01  0.338766D+00  0.200021D+01
               216           217           218           219           220 
      1   0.338766D+00  0.369031D+00 -0.230177D+01 -0.145931D+00 -0.303558D+01
      2   0.200021D+01 -0.230177D+01 -0.166011D+01 -0.287840D+01 -0.135301D+01
      3  -0.174051D+01 -0.145931D+00 -0.287840D+01 -0.127708D+01 -0.302600D+01
               221           222           223           224           225 
      1  -0.135301D+01 -0.302600D+01 -0.736716D+00 -0.145867D+01  0.900427D-01
      2   0.927238D-01 -0.171313D+01 -0.145867D+01  0.578015D+00 -0.149382D+01
      3  -0.171313D+01 -0.293733D+01  0.900427D-01 -0.149382D+01 -0.208884D+00
