 Entering Gaussian System, Link 0=g16
 Input=FREE.INP
 Output=FREE.OUT
 Initial command:
 /usr/local/g16-A.03/sse4/g16/l1.exe "/scratch/zronyj/cluster_505/Gau-26854.inp" -scrdir="/scratch/zronyj/cluster_505/"
 Entering Link 1 = /usr/local/g16-A.03/sse4/g16/l1.exe PID=     26855.
  
 Copyright (c) 1988,1990,1992,1993,1995,1998,2003,2009,2016,
            Gaussian, Inc.  All Rights Reserved.
  
 This is part of the Gaussian(R) 16 program.  It is based on
 the Gaussian(R) 09 system (copyright 2009, Gaussian, Inc.),
 the Gaussian(R) 03 system (copyright 2003, Gaussian, Inc.),
 the Gaussian(R) 98 system (copyright 1998, Gaussian, Inc.),
 the Gaussian(R) 94 system (copyright 1995, Gaussian, Inc.),
 the Gaussian 92(TM) system (copyright 1992, Gaussian, Inc.),
 the Gaussian 90(TM) system (copyright 1990, Gaussian, Inc.),
 the Gaussian 88(TM) system (copyright 1988, Gaussian, Inc.),
 the Gaussian 86(TM) system (copyright 1986, Carnegie Mellon
 University), and the Gaussian 82(TM) system (copyright 1983,
 Carnegie Mellon University). Gaussian is a federally registered
 trademark of Gaussian, Inc.
  
 This software contains proprietary and confidential information,
 including trade secrets, belonging to Gaussian, Inc.
  
 This software is provided under written license and may be
 used, copied, transmitted, or stored only in accord with that
 written license.
  
 The following legend is applicable only to US Government
 contracts under FAR:
  
                    RESTRICTED RIGHTS LEGEND
  
 Use, reproduction and disclosure by the US Government is
 subject to restrictions as set forth in subparagraphs (a)
 and (c) of the Commercial Computer Software - Restricted
 Rights clause in FAR 52.227-19.
  
 Gaussian, Inc.
 340 Quinnipiac St., Bldg. 40, Wallingford CT 06492
  
  
 ---------------------------------------------------------------
 Warning -- This program may not be used in any manner that
 competes with the business of Gaussian, Inc. or will provide
 assistance to any competitor of Gaussian, Inc.  The licensee
 of this program is prohibited from giving any competitor of
 Gaussian, Inc. access to this program.  By using this program,
 the user acknowledges that Gaussian, Inc. is engaged in the
 business of creating and licensing software in the field of
 computational chemistry and represents and warrants to the
 licensee that it is not a competitor of Gaussian, Inc. and that
 it will not use this program in any manner prohibited above.
 ---------------------------------------------------------------
  

 Cite this work as:
 Gaussian 16, Revision A.03,
 M. J. Frisch, G. W. Trucks, H. B. Schlegel, G. E. Scuseria, 
 M. A. Robb, J. R. Cheeseman, G. Scalmani, V. Barone, 
 G. A. Petersson, H. Nakatsuji, X. Li, M. Caricato, A. V. Marenich, 
 J. Bloino, B. G. Janesko, R. Gomperts, B. Mennucci, H. P. Hratchian, 
 J. V. Ortiz, A. F. Izmaylov, J. L. Sonnenberg, D. Williams-Young, 
 F. Ding, F. Lipparini, F. Egidi, J. Goings, B. Peng, A. Petrone, 
 T. Henderson, D. Ranasinghe, V. G. Zakrzewski, J. Gao, N. Rega, 
 G. Zheng, W. Liang, M. Hada, M. Ehara, K. Toyota, R. Fukuda, 
 J. Hasegawa, M. Ishida, T. Nakajima, Y. Honda, O. Kitao, H. Nakai, 
 T. Vreven, K. Throssell, J. A. Montgomery, Jr., J. E. Peralta, 
 F. Ogliaro, M. J. Bearpark, J. J. Heyd, E. N. Brothers, K. N. Kudin, 
 V. N. Staroverov, T. A. Keith, R. Kobayashi, J. Normand, 
 K. Raghavachari, A. P. Rendell, J. C. Burant, S. S. Iyengar, 
 J. Tomasi, M. Cossi, J. M. Millam, M. Klene, C. Adamo, R. Cammi, 
 J. W. Ochterski, R. L. Martin, K. Morokuma, O. Farkas, 
 J. B. Foresman, and D. J. Fox, Gaussian, Inc., Wallingford CT, 2016.
 
 ******************************************
 Gaussian 16:  ES64L-G16RevA.03 25-Dec-2016
                22-Aug-2023 
 ******************************************
 %chk=cluster_505.chk
 %mem=8GB
 %nproc=8
 Will use up to    8 processors via shared memory.
 ----------------------------------------------------------------------
 #b3lyp/6-311++G** scrf=(cpcm,Solvent=Water) nosymm freq=roa scf=(xqc,c
 onver=8) iop(2/11=1) geom=checkpoint guess=checkpoint
 ----------------------------------------------------------------------
 1/10=4,29=2,30=1,38=1,83=21/1,3;
 2/11=1,12=2,15=1,40=1/2;
 3/5=4,6=6,7=1111,11=2,14=-4,25=1,30=1,36=2,70=2101,71=2,72=1,74=-5,116=-2,140=1/1,2,3;
 4/5=1/1;
 5/5=2,6=8,8=3,13=1,38=6,53=1,98=1/2,8;
 8/6=4,10=90,11=11/1;
 10/13=10,15=4,31=1,49=111,72=3/2;
 11/6=3,8=1,9=11,15=111,16=1,31=1/1,2,10;
 10/6=1,31=1,49=111/2;
 6/7=2,8=2,9=2,10=2,28=1/1;
 7/8=1,10=1,25=1,30=1/1,2,3,16;
 1/10=4,30=1/3;
 99//99;
 ---------------
 ROA cluster_505
 ---------------
 Structure from the checkpoint file:  "cluster_505.chk"
 Charge =  0 Multiplicity = 1
 No Z-Matrix found in chk file; cartesian coordinates used.
  O                                                20.414501010000      2.586646760000     20.182250130000
  H                                                20.498427370000      1.933290020000     19.470414960000
  H                                                20.085363720000      2.075441150000     20.934533180000
  O                                                19.024910840000      5.209557530000     20.645043610000
  H                                                18.711520390000      5.594177380000     19.818775420000
  H                                                19.454207810000      4.380208030000     20.365615770000
  O                                                19.091696740000      1.702589610000     25.042026430000
  H                                                19.061318830000      1.178810630000     25.852544090000
  H                                                19.670458890000      1.194719140000     24.462370330000
  O                                                20.014418110000      4.493405850000     25.419032500000
  H                                                19.925788090000      4.917451020000     24.552648110000
  H                                                19.737562550000      3.573196070000     25.271205750000
  O                                                24.725436100000      6.983544230000     18.937030650000
  H                                                24.126879470000      6.396986970000     18.456555360000
  H                                                25.428033130000      6.385935500000     19.224455920000
  O                                                23.170116860000      3.125534750000     17.306346650000
  H                                                22.568854480000      3.867427240000     17.150723730000
  H                                                22.769212690000      2.680350760000     18.064919550000
  O                                                24.013580390000      5.208316130000     23.465757140000
  H                                                23.147781980000      5.654913590000     23.451860630000
  H                                                23.827278860000      4.256719870000     23.398731090000
  O                                                24.079462790000      2.472226730000     23.053176450000
  H                                                25.001713650000      2.556782090000     22.782023170000
  H                                                23.609359270000      2.343626040000     22.219134660000
  O                                                21.662775760000      6.785173170000     23.373179930000
  H                                                21.196729250000      6.543060460000     22.560009460000
  H                                                22.038242760000      7.653865870000     23.176795170000
 Recover connectivity data from disk.
 Using perturbation frequencies:    0.085645

 GradGradGradGradGradGradGradGradGradGradGradGradGradGradGradGradGradGrad
 Berny optimization.
 Initialization pass.
 Trust Radius=3.00D-01 FncErr=1.00D-07 GrdErr=1.00D-07 EigMax=2.50D+02 EigMin=1.00D-04
 Number of steps in this run=      2 maximum allowed number of steps=      2.
 GradGradGradGradGradGradGradGradGradGradGradGradGradGradGradGradGradGrad

                          Input orientation:                          
 ---------------------------------------------------------------------
 Center     Atomic      Atomic             Coordinates (Angstroms)
 Number     Number       Type             X           Y           Z
 ---------------------------------------------------------------------
      1          8           0       20.414501    2.586647   20.182250
      2          1           0       20.498427    1.933290   19.470415
      3          1           0       20.085364    2.075441   20.934533
      4          8           0       19.024911    5.209558   20.645044
      5          1           0       18.711520    5.594177   19.818775
      6          1           0       19.454208    4.380208   20.365616
      7          8           0       19.091697    1.702590   25.042026
      8          1           0       19.061319    1.178811   25.852544
      9          1           0       19.670459    1.194719   24.462370
     10          8           0       20.014418    4.493406   25.419033
     11          1           0       19.925788    4.917451   24.552648
     12          1           0       19.737563    3.573196   25.271206
     13          8           0       24.725436    6.983544   18.937031
     14          1           0       24.126879    6.396987   18.456555
     15          1           0       25.428033    6.385936   19.224456
     16          8           0       23.170117    3.125535   17.306347
     17          1           0       22.568854    3.867427   17.150724
     18          1           0       22.769213    2.680351   18.064920
     19          8           0       24.013580    5.208316   23.465757
     20          1           0       23.147782    5.654914   23.451861
     21          1           0       23.827279    4.256720   23.398731
     22          8           0       24.079463    2.472227   23.053176
     23          1           0       25.001714    2.556782   22.782023
     24          1           0       23.609359    2.343626   22.219135
     25          8           0       21.662776    6.785173   23.373180
     26          1           0       21.196729    6.543060   22.560009
     27          1           0       22.038243    7.653866   23.176795
 ---------------------------------------------------------------------
                    Distance matrix (angstroms):
                    1          2          3          4          5
     1  O    0.000000
     2  H    0.969860   0.000000
     3  H    0.967260   1.527897   0.000000
     4  O    3.004130   3.779541   3.321302   0.000000
     5  H    3.475269   4.088580   3.938764   0.963776   0.000000
     6  H    2.042706   2.806989   2.456415   0.974780   1.524579
     7  O    5.113589   5.751084   4.242392   5.624655   6.524672
     8  H    5.997111   6.585294   5.102886   6.585310   7.484931
     9  H    4.561852   5.113769   3.659707   5.577423   6.468212
    10  O    5.587458   6.494190   5.095323   4.927775   5.854239
    11  H    4.977134   5.921337   4.603612   4.020731   4.933757
    12  H    5.227714   6.075967   4.601192   4.958521   5.904754
    13  O    6.282312   6.607357   7.043420   6.209696   6.234982
    14  H    5.592716   5.841076   6.414825   5.677108   5.641477
    15  H    6.362976   6.647372   7.074521   6.663476   6.789082
    16  O    4.019283   3.639033   4.876693   5.716011   5.682040
    17  H    3.933420   3.661765   4.867870   5.154718   4.997919
    18  H    3.168049   2.773082   3.975380   5.203242   5.294456
    19  O    5.532444   6.248588   5.626090   5.730903   6.446798
    20  H    5.251232   6.059824   5.341158   5.007457   5.734406
    21  H    4.978147   5.649004   4.983189   5.617244   6.385598
    22  O    4.656958   5.094158   4.538603   6.232221   7.001623
    23  H    5.272782   5.624507   5.274031   6.879395   7.587697
    24  H    3.796719   4.171538   3.760408   5.631030   6.349538
    25  O    5.419211   6.334671   5.533245   4.108969   4.770972
    26  H    4.681755   5.593139   4.882308   3.187808   3.819818
    27  H    6.105780   6.988081   6.321416   4.632988   5.156132
                    6          7          8          9         10
     6  H    0.000000
     7  O    5.400914   0.000000
     8  H    6.364722   0.965508   0.000000
     9  H    5.193987   0.963794   1.517856   0.000000
    10  O    5.085634   2.963478   3.476043   3.451789   0.000000
    11  H    4.247618   3.357162   4.051477   3.732570   0.968654
    12  H    4.979595   1.992193   2.555062   2.513139   0.972259
    13  O    6.050129   9.843702  10.658400   9.465340   8.391116
    14  H    5.435602   9.526745  10.372556   9.110054   8.307349
    15  H    6.404044   9.794234  10.563179   9.355968   8.441663
    16  O    4.974064   8.859968   9.680364   8.196605   8.811650
    17  H    4.505497   8.890996   9.759772   8.306879   8.676516
    18  H    4.378581   7.947337   8.755010   7.262007   8.059717
    19  O    5.575349   6.244973   6.816052   5.997075   4.507736
    20  H    4.979184   5.882289   6.519046   5.745106   3.877736
    21  H    5.323419   5.625810   6.181351   5.271274   4.321521
    22  O    5.679468   5.424544   5.889920   4.801788   5.119280
    23  H    6.319709   6.384791   6.827532   5.753352   5.964683
    24  H    4.984825   5.365531   5.936593   4.676220   5.271101
    25  O    4.439265   5.935331   6.659289   6.033974   3.486372
    26  H    3.539728   5.832815   6.646498   5.878200   3.711193
    27  H    5.029593   6.897747   7.612362   6.998548   4.371728
                   11         12         13         14         15
    11  H    0.000000
    12  H    1.535830   0.000000
    13  O    7.670758   8.753921   0.000000
    14  H    7.549870   8.583668   0.966010   0.000000
    15  H    7.798768   8.766763   0.966122   1.510892   0.000000
    16  O    8.139135   8.684573   4.467929   3.597329   4.405399
    17  H    7.929491   8.604941   4.189501   3.245198   4.337989
    18  H    7.428345   7.868840   4.806752   3.976182   4.705870
    19  O    4.239809   4.921137   4.916049   5.149551   4.623429
    20  H    3.483795   4.390121   4.963662   5.144160   4.858486
    21  H    4.121859   4.549631   5.305566   5.394034   4.951823
    22  O    5.047826   4.998388   6.141003   6.044412   5.638693
    23  H    5.871362   5.911042   5.869968   5.849973   5.244087
    24  H    5.063453   5.081121   5.791949   5.554689   5.349387
    25  O    2.810099   4.198303   5.394317   5.513229   5.616802
    26  H    2.868537   4.277832   5.076591   5.044349   5.390226
    27  H    3.720672   5.131428   5.064182   5.312515   5.359040
                   16         17         18         19         20
    16  O    0.000000
    17  H    0.967543   0.000000
    18  H    0.966616   1.511638   0.000000
    19  O    6.556504   6.615502   6.091642   0.000000
    20  H    6.645720   6.575302   6.165263   0.974294   0.000000
    21  H    6.231259   6.385356   5.661624   0.971975   1.555469
    22  O    5.854893   6.250398   5.161664   2.767806   3.340131
    23  H    5.801832   6.272809   5.220191   2.911105   3.672079
    24  H    4.993976   5.393831   4.251674   3.150224   3.563326
    25  O    7.243721   6.932040   6.800838   2.832195   1.867865
    26  H    6.570747   6.188870   6.131808   3.246009   2.321812
    27  H    7.499939   7.136680   7.169480   3.156924   2.302726
                   21         22         23         24         25
    21  H    0.000000
    22  O    1.835053   0.000000
    23  H    2.156250   0.964998   0.000000
    24  H    2.258067   0.966003   1.516882   0.000000
    25  O    3.328484   4.954219   5.420080   4.984812   0.000000
    26  H    3.584773   5.012490   5.515216   4.855124   0.968021
    27  H    3.845843   5.570570   5.909168   5.619979   0.966524
                   26         27
    26  H    0.000000
    27  H    1.523961   0.000000
 Symmetry turned off by external request.
 Stoichiometry    H18O9
 Framework group  C1[X(H18O9)]
 Deg. of freedom    75
 Full point group                 C1      NOp   1
 Rotational constants (GHZ):           0.4798075           0.2884558           0.2553930
 Standard basis: 6-311++G(d,p) (5D, 7F)
   324 basis functions,   486 primitive gaussians,   333 cartesian basis functions
    45 alpha electrons       45 beta electrons
       nuclear repulsion energy       461.6663278870 Hartrees.
 NAtoms=   27 NActive=   27 NUniq=   27 SFac= 1.00D+00 NAtFMM=   60 NAOKFM=F Big=F
 Integral buffers will be    131072 words long.
 Raffenetti 2 integral format.
 Two-electron integral symmetry is turned off.
 Force inversion solution in PCM.
 ------------------------------------------------------------------------------
 Polarizable Continuum Model (PCM)
 =================================
 Model                : C-PCM.
 Atomic radii         : UFF (Universal Force Field).
 Polarization charges : Total charges.
 Charge compensation  : None.
 Solution method      : Matrix inversion.
 Cavity type          : Scaled VdW (van der Waals Surface) (Alpha=1.100).
 Cavity algorithm     : GePol (No added spheres)
                        Default sphere list used, NSphG=   27.
                        Lebedev-Laikov grids with approx.  5.0 points / Ang**2.
                        Smoothing algorithm: York/Karplus (Gamma=1.0000).
                        Polarization charges: spherical gaussians, with
                                              point-specific exponents (IZeta= 3).
                        Self-potential: point-specific (ISelfS= 7).
                        Self-field    : sphere-specific E.n sum rule (ISelfD= 2).
 1st derivatives      : Analytical E(r).r(x)/FMM algorithm (CHGder, D1EAlg=3).
                        Cavity 1st derivative terms included.
 2nd derivatives      : Analytical E(r).r(xy)/FMM algorithm (CHGder, D2EAlg=3).
                        Cavity 2nd derivative terms included.
 Solvent              : Water, Eps=  78.355300 Eps(inf)=   1.777849
 ------------------------------------------------------------------------------
 Separa: There are  2 disjoint cavities,
 One-electron integrals computed using PRISM.
 NBasis=   324 RedAO= T EigKep=  7.23D-04  NBF=   324
 NBsUse=   324 1.00D-06 EigRej= -1.00D+00 NBFU=   324
 Initial guess from the checkpoint file:  "cluster_505.chk"
 B after Tr=     0.000000    0.000000    0.000000
         Rot=    1.000000    0.000000    0.000000    0.000000 Ang=   0.00 deg.
 Requested convergence on RMS density matrix=1.00D-08 within  32 cycles.
 Requested convergence on MAX density matrix=1.00D-06.
 Requested convergence on             energy=1.00D-06.
 No special actions if energy rises.
 Inv3:  Mode=1 IEnd=    28662843.
 Iteration    1 A*A^-1 deviation from unit magnitude is 1.18D-14 for    771.
 Iteration    1 A*A^-1 deviation from orthogonality  is 4.80D-15 for   2773    769.
 Iteration    1 A^-1*A deviation from unit magnitude is 1.13D-14 for    743.
 Iteration    1 A^-1*A deviation from orthogonality  is 3.18D-15 for   3064    787.
 Error on total polarization charges =  0.01780
 SCF Done:  E(RB3LYP) =  -688.220064894     A.U. after   10 cycles
            NFock= 10  Conv=0.27D-08     -V/T= 2.0035
 QCSCF skips out because SCF is already converged.
 DoSCS=F DFT=T ScalE2(SS,OS)=  1.000000  1.000000
 Range of M.O.s used for correlation:     1   324
 NBasis=   324 NAE=    45 NBE=    45 NFC=     0 NFV=     0
 NROrb=    324 NOA=    45 NOB=    45 NVA=   279 NVB=   279

 **** Warning!!: The largest alpha MO coefficient is  0.12302540D+02

 NEqPCM:  Using non-equilibrium solvation (IEInf=1, Eps=  78.3553, EpsInf=   1.7778)
 Inv3:  Mode=1 IEnd=    28662843.
 Iteration    1 A*A^-1 deviation from unit magnitude is 1.18D-14 for    771.
 Iteration    1 A*A^-1 deviation from orthogonality  is 4.80D-15 for   2773    769.
 Iteration    1 A^-1*A deviation from unit magnitude is 1.13D-14 for    743.
 Iteration    1 A^-1*A deviation from orthogonality  is 3.18D-15 for   3064    787.
          Differentiating once with respect to electric field.
                with respect to dipole field.
                with respect to quadrupole field.
          Differentiating once with respect to magnetic field using GIAOs.
          Electric field/nuclear overlap derivatives assumed to be zero.
 FoFJK:  IHMeth= 1 ICntrl=    6127 DoSepK=F KAlg= 0 I1Cent=           0 FoldK=F
 IRaf=         1 NMat=       1 IRICut=       1 DoRegI=T DoRafI=F ISym2E= 0 IDoP0=0 IntGTp=1.
 CalDSu exits because no D1Ps are significant.
          There are    12 degrees of freedom in the 1st order CPHF.  IDoFFX=0 NUNeed=    12.
     11 vectors produced by pass  0 Test12= 2.09D-13 8.33D-09 XBig12= 1.00D+00 1.81D-01.
 AX will form    11 AO Fock derivatives at one time.
     11 vectors produced by pass  1 Test12= 2.09D-13 8.33D-09 XBig12= 9.55D-02 3.74D-02.
     11 vectors produced by pass  2 Test12= 2.09D-13 8.33D-09 XBig12= 3.20D-02 2.75D-02.
     11 vectors produced by pass  3 Test12= 2.09D-13 8.33D-09 XBig12= 1.91D-03 7.79D-03.
     11 vectors produced by pass  4 Test12= 2.09D-13 8.33D-09 XBig12= 4.52D-05 1.15D-03.
     11 vectors produced by pass  5 Test12= 2.09D-13 8.33D-09 XBig12= 1.57D-06 1.95D-04.
     11 vectors produced by pass  6 Test12= 2.09D-13 8.33D-09 XBig12= 4.76D-08 2.12D-05.
     11 vectors produced by pass  7 Test12= 2.09D-13 8.33D-09 XBig12= 5.90D-10 2.26D-06.
      9 vectors produced by pass  8 Test12= 2.09D-13 8.33D-09 XBig12= 5.07D-12 1.89D-07.
      8 vectors produced by pass  9 Test12= 2.09D-13 8.33D-09 XBig12= 7.66D-14 2.26D-08.
 InvSVY:  IOpt=1 It=  1 EMax= 2.30D-13
 Solved reduced A of dimension   105 with    12 vectors.
 Isotropic polarizability for W=    0.085645       80.91 Bohr**3.
 Dipole-magnetic dipole polarizability for W=    0.085645:
                 1             2             3 
      1  -0.254680D+02  0.178223D+04 -0.316082D+03
      2  -0.164505D+04  0.234319D+02  0.160574D+04
      3   0.351993D+03 -0.175983D+04  0.213219D+01
 DQ contribution to OR G for W=    0.085645:
                 1             2             3 
      1  -0.504044D+02  0.570790D+04 -0.103759D+04
      2  -0.543289D+04  0.468259D+02  0.537451D+04
      3   0.110965D+04 -0.568718D+04  0.357852D+01
 Optical Rotation G' tensor for W=    0.085645:
                 1             2             3 
      1   0.180932D+00  0.809540D-01  0.294444D-01
      2   0.809540D-01  0.385756D-01 -0.561020D+00
      3   0.294444D-01 -0.561020D+00 -0.123425D+00
 OR G Eigenvalues:    -0.6164     0.1829     0.5295  Iso=    -0.0320
 Eigenvectors:
   (1)  -0.094147   0.654341   0.750316
   (2)   0.988166  -0.030254   0.150375
   (3)   0.121096   0.755594  -0.643750
 w=    0.085645 a.u., Optical Rotation Beta=     -0.0320 au.
 Molar Mass =    162.1368 grams/mole, [Alpha] ( 5320.0 A) =       -9.37 deg.
 End of Minotr F.D. properties on file   721 Mask=       B NFrqRd=     1 NDeriv=     1 ND12= 1 LenFil=      39:
 Frequencies=    0.085645
 Property number 1 -- Alpha(-w,w) frequency  1    0.085645:
                 1             2             3 
      1   0.794043D+02 -0.123972D+01 -0.336851D-02
      2  -0.123972D+01  0.853994D+02 -0.857868D-01
      3  -0.336851D-02 -0.857868D-01  0.779266D+02
 Property number 2 -- FD Optical Rotation Tensor frequency  1    0.085645:
                 1             2             3 
      1  -0.254680D+02  0.178223D+04 -0.316082D+03
      2  -0.164505D+04  0.234319D+02  0.160574D+04
      3   0.351993D+03 -0.175983D+04  0.213219D+01
 Property number 4 -- D-Q polarizability frequency  1    0.085645:
                 1             2             3 
      1   0.437451D+04 -0.521261D+03 -0.214176D+04
      2  -0.219535D+04  0.944896D+03 -0.215613D+04
      3  -0.217916D+04 -0.423634D+03  0.429789D+04
      4   0.588389D+03  0.349183D+04  0.405470D+01
      5   0.329113D+04 -0.463497D+02  0.319535D+04
      6  -0.427712D+02  0.355177D+04  0.613959D+03
 End of Minotr F.D. properties file   722 does not exist.
 End of Minotr F.D. properties file   788 does not exist.
 Symmetrizing basis deriv contribution to polar:
 IMax=3 JMax=2 DiffMx= 0.00D+00
 G2DrvN: will do    28 centers at a time, making    1 passes.
 PxScal for G2LodP:  IOpCl= 0 ISclPx=1 IMOff=     1 NMtTot=    25 NTT=   52650 ScalPx= 3.63D+02
 Calling FoFCou, ICntrl=  3107 FMM=F I1Cent=   0 AccDes= 0.00D+00.
 PxScal for G2LodP:  IOpCl= 0 ISclPx=0 IMOff=     1 NMtTot=    25 NTT=   52650 ScalPx= 1.00D+00
 NEqPCM:  Using non-equilibrium solvation (IEInf=1, Eps=  78.3553, EpsInf=   1.7778)
 G2PCM: DoFxE=T DoFxN=T DoGrad=T DoDP/DQ/DG/TGxP=TTTF NFrqRd=   1 IEInf=1 SqF1=F DoCFld=F IF1Alg=4.
 End of G2Drv F.D. properties on file   721 Mask=       B NFrqRd=     1 NDeriv=     1 ND12= 1 LenFil=      39:
 Frequencies=    0.085645
 Property number 1 -- Alpha(-w,w) frequency  1    0.085645:
                 1             2             3 
      1   0.794043D+02 -0.123972D+01 -0.336851D-02
      2  -0.123972D+01  0.853994D+02 -0.857868D-01
      3  -0.336851D-02 -0.857868D-01  0.779266D+02
 Property number 2 -- FD Optical Rotation Tensor frequency  1    0.085645:
                 1             2             3 
      1  -0.254680D+02  0.178223D+04 -0.316082D+03
      2  -0.164505D+04  0.234319D+02  0.160574D+04
      3   0.351993D+03 -0.175983D+04  0.213219D+01
 Property number 4 -- D-Q polarizability frequency  1    0.085645:
                 1             2             3 
      1   0.437451D+04 -0.521261D+03 -0.214176D+04
      2  -0.219535D+04  0.944896D+03 -0.215613D+04
      3  -0.217916D+04 -0.423634D+03  0.429789D+04
      4   0.588389D+03  0.349183D+04  0.405470D+01
      5   0.329113D+04 -0.463497D+02  0.319535D+04
      6  -0.427712D+02  0.355177D+04  0.613959D+03
 End of G2Drv F.D. properties on file   722 Mask=       B NFrqRd=     1 NDeriv=    81 ND12= 1 LenFil=    2919:
 Frequencies=    0.085645
 Property number 1 -- Alpha(-w,w) derivatives, frequency  1    0.085645:
                 1             2             3             4             5 
      1   0.534026D+00  0.108499D+01  0.705832D+00 -0.140560D+01  0.911414D-02
      2   0.108499D+01 -0.168450D+00 -0.188381D-01  0.911414D-02 -0.123596D+01
      3   0.705832D+00 -0.188381D-01  0.475101D+00 -0.723554D+00  0.364776D+00
                 6             7             8             9            10 
      1  -0.723554D+00  0.412190D+00  0.341981D+00  0.471936D+00 -0.341662D+00
      2   0.364776D+00  0.341981D+00 -0.862755D-01  0.265933D+00 -0.521639D+00
      3   0.859398D+00  0.471936D+00  0.265933D+00 -0.436975D+00 -0.369691D+00
                11            12            13            14            15 
      1  -0.521639D+00 -0.369691D+00  0.727557D+00 -0.550814D-01  0.373185D+00
      2   0.168640D+00  0.332112D-01 -0.550814D-01  0.491982D+00  0.185384D+00
      3   0.332112D-01 -0.344104D-01  0.373185D+00  0.185384D+00  0.827114D-01
                16            17            18            19            20 
      1   0.588355D+00 -0.929731D-01  0.149444D+00 -0.107798D-01 -0.616760D+00
      2  -0.929731D-01  0.389251D+00  0.686428D-01 -0.616760D+00  0.841454D-01
      3   0.149444D+00  0.686428D-01  0.942277D-01 -0.272023D+00 -0.155871D+00
                21            22            23            24            25 
      1  -0.272023D+00  0.731985D+00  0.217625D+00  0.322665D+00 -0.928377D+00
      2  -0.155871D+00  0.217625D+00  0.533669D+00 -0.173899D+00 -0.322302D+00
      3  -0.359225D+00  0.322665D+00 -0.173899D+00 -0.641098D+00 -0.520143D+00
                26            27            28            29            30 
      1  -0.322302D+00 -0.520143D+00  0.323704D+01  0.259176D+00  0.417221D+00
      2  -0.114906D+00 -0.239797D+00  0.259176D+00 -0.230536D+01  0.616462D-01
      3  -0.239797D+00  0.288677D+00  0.417221D+00  0.616462D-01  0.121588D+00
                31            32            33            34            35 
      1   0.248898D+01 -0.141342D+01 -0.435993D-01 -0.159820D+01 -0.108125D+01
      2  -0.141342D+01  0.887507D+00  0.815925D+00 -0.108125D+01  0.432363D+00
      3  -0.435993D-01  0.815925D+00 -0.222481D+00 -0.226286D+00  0.279353D+00
                36            37            38            39            40 
      1  -0.226286D+00 -0.119370D+01  0.303322D+00 -0.145852D+00 -0.131748D+01
      2   0.279353D+00  0.303322D+00  0.857558D+00 -0.242554D+00 -0.237778D-01
      3  -0.367276D+00 -0.145852D+00 -0.242554D+00 -0.216877D+00 -0.247915D-01
                41            42            43            44            45 
      1  -0.237778D-01 -0.247915D-01  0.159990D+01  0.461133D-01  0.329478D+00
      2   0.781114D-01 -0.215677D-01  0.461133D-01  0.612394D+00 -0.356448D+00
      3  -0.215677D-01  0.464783D+00  0.329478D+00 -0.356448D+00  0.170160D+00
                46            47            48            49            50 
      1  -0.219663D+01 -0.454366D+00 -0.327655D+00 -0.112477D+01  0.115835D+01
      2  -0.454366D+00  0.122700D+01  0.288095D+00  0.115835D+01 -0.861767D+00
      3  -0.327655D+00  0.288095D+00  0.221447D+00  0.120269D+00 -0.123648D+01
                51            52            53            54            55 
      1   0.120269D+00 -0.117386D-01  0.110132D+01 -0.295807D-01  0.230724D+01
      2  -0.123648D+01  0.110132D+01 -0.129575D+01 -0.607802D-01  0.157158D+01
      3  -0.532773D+00 -0.295807D-01 -0.607802D-01  0.323795D+00  0.564344D+00
                56            57            58            59            60 
      1   0.157158D+01  0.564344D+00  0.138528D+00  0.337414D+00 -0.780251D+00
      2   0.122387D+01  0.270828D+00  0.337414D+00 -0.844244D+00 -0.204987D-01
      3   0.270828D+00 -0.688182D+00 -0.780251D+00 -0.204987D-01  0.114775D+00
                61            62            63            64            65 
      1   0.189969D+01  0.793854D+00 -0.786298D+00 -0.993809D+00 -0.764754D+00
      2   0.793854D+00  0.473640D+00  0.784518D-01 -0.764754D+00 -0.616912D+00
      3  -0.786298D+00  0.784518D-01 -0.186984D+00  0.185612D+00  0.939335D-01
                66            67            68            69            70 
      1   0.185612D+00  0.318817D+00 -0.945488D-02  0.132455D+00 -0.135305D+01
      2   0.939335D-01 -0.945488D-02  0.380834D+00 -0.310484D+00 -0.594658D+00
      3   0.180461D+00  0.132455D+00 -0.310484D+00  0.243195D+00  0.861534D-01
                71            72            73            74            75 
      1  -0.594658D+00  0.861534D-01 -0.101177D+01 -0.766290D+00 -0.717379D+00
      2  -0.310257D+00  0.810185D-01 -0.766290D+00 -0.730798D+00 -0.373189D+00
      3   0.810185D-01 -0.119460D+00 -0.717379D+00 -0.373189D+00  0.447511D+00
                76            77            78            79            80 
      1  -0.166502D+00 -0.221812D+00  0.769841D+00 -0.341550D+00 -0.186647D+00
      2  -0.221812D+00  0.384805D+00  0.866001D-01 -0.186647D+00 -0.162499D+00
      3   0.769841D+00  0.866001D-01 -0.263144D+00  0.652139D+00 -0.152264D+00
                81            82            83            84            85 
      1   0.652139D+00  0.126157D+01 -0.851950D+00 -0.235701D+01 -0.352100D+00
      2  -0.152264D+00 -0.851950D+00  0.106602D+01  0.944515D+00  0.957096D+00
      3   0.205578D+00 -0.235701D+01  0.944515D+00  0.148132D+01  0.835537D+00
                86            87            88            89            90 
      1   0.957096D+00  0.835537D+00 -0.200929D+01  0.799749D+00  0.758829D+00
      2   0.236426D+01  0.392958D+00  0.799749D+00  0.202074D+00 -0.355756D+00
      3   0.392958D+00 -0.649475D+00  0.758829D+00 -0.355756D+00  0.142384D+01
                91            92            93            94            95 
      1  -0.723674D+00  0.439590D+00  0.117804D+01 -0.517100D+00  0.743939D-01
      2   0.439590D+00 -0.134250D-01 -0.360113D+00  0.743939D-01 -0.855946D-01
      3   0.117804D+01 -0.360113D+00 -0.938015D+00 -0.634963D-02 -0.240174D-01
                96            97            98            99           100 
      1  -0.634963D-02  0.158094D+01 -0.581273D+00 -0.518186D+00 -0.904097D+00
      2  -0.240174D-01 -0.581273D+00  0.273247D+00  0.489715D+00  0.308425D+00
      3   0.103737D+01 -0.518186D+00  0.489715D+00 -0.154000D+01  0.114922D+01
               101           102           103           104           105 
      1   0.308425D+00  0.114922D+01  0.569509D+00 -0.116938D+01 -0.100442D+01
      2  -0.907530D+00 -0.677182D+00 -0.116938D+01 -0.223165D+01 -0.147029D+00
      3  -0.677182D+00 -0.543751D+00 -0.100442D+01 -0.147029D+00 -0.393649D+00
               106           107           108           109           110 
      1   0.230539D+00 -0.237669D+00 -0.234183D+00 -0.693560D-01  0.328900D+00
      2  -0.237669D+00 -0.507163D+00 -0.717109D-01  0.328900D+00 -0.233341D+00
      3  -0.234183D+00 -0.717109D-01  0.272769D+00  0.537029D+00  0.124431D+01
               111           112           113           114           115 
      1   0.537029D+00 -0.106789D+00 -0.238419D-01  0.112887D+01  0.118671D+01
      2   0.124431D+01 -0.238419D-01  0.867451D-01  0.305423D+00  0.130503D+01
      3  -0.827611D+00  0.112887D+01  0.305423D+00 -0.117137D+01 -0.100208D+01
               116           117           118           119           120 
      1   0.130503D+01 -0.100208D+01  0.863933D-01 -0.220042D+00 -0.545777D+00
      2   0.394067D+00 -0.947755D+00 -0.220042D+00 -0.383372D+00 -0.676639D+00
      3  -0.947755D+00  0.103655D+01 -0.545777D+00 -0.676639D+00  0.870993D+00
               121           122           123           124           125 
      1  -0.494347D+00 -0.394604D+00 -0.506224D+00 -0.483368D+00 -0.726549D+00
      2  -0.394604D+00 -0.240147D-01 -0.520619D+00 -0.726549D+00 -0.498890D+00
      3  -0.506224D+00 -0.520619D+00  0.806657D+00  0.215858D+00  0.389143D+00
               126           127           128           129           130 
      1   0.215858D+00  0.671490D-01 -0.121499D+00  0.353554D-02  0.601151D+00
      2   0.389143D+00 -0.121499D+00  0.624208D+00 -0.559197D+00  0.395361D+00
      3  -0.326844D+00  0.353554D-02 -0.559197D+00 -0.754254D-01 -0.642443D+00
               131           132           133           134           135 
      1   0.395361D+00 -0.642443D+00 -0.726082D+00 -0.574368D+00  0.750300D+00
      2  -0.306950D-01  0.141228D+00 -0.574368D+00  0.701404D-01  0.519319D+00
      3   0.141228D+00  0.357616D+00  0.750300D+00  0.519319D+00 -0.664962D+00
               136           137           138           139           140 
      1  -0.905891D+00 -0.471598D+00 -0.217770D+00 -0.510144D+00  0.690840D+00
      2  -0.471598D+00  0.540195D+00  0.302534D+00  0.690840D+00  0.702416D-01
      3  -0.217770D+00  0.302534D+00  0.115191D+01  0.294939D+00  0.666622D+00
               141           142           143           144           145 
      1   0.294939D+00 -0.249184D+00 -0.202275D+00  0.880905D+00  0.303833D+00
      2   0.666622D+00 -0.202275D+00  0.892681D+00  0.159547D+01  0.584567D+00
      3   0.230000D+01  0.880905D+00  0.159547D+01  0.841374D+00  0.175816D+00
               146           147           148           149           150 
      1   0.584567D+00  0.175816D+00  0.281629D+00 -0.639387D+00 -0.639511D+00
      2  -0.475559D+00 -0.406930D+00 -0.639387D+00 -0.402945D-01 -0.412912D+00
      3  -0.406930D+00 -0.775735D-01 -0.639511D+00 -0.412912D+00 -0.133430D+01
               151           152           153           154           155 
      1   0.842914D-01  0.152219D+00 -0.891191D-01  0.611330D+00 -0.145011D+00
      2   0.152219D+00 -0.202806D+00 -0.465370D+00 -0.145011D+00 -0.422448D-02
      3  -0.891191D-01 -0.465370D+00 -0.901250D+00  0.590920D-01  0.169570D+00
               156           157           158           159           160 
      1   0.590920D-01  0.238561D+00  0.207485D-01  0.400683D+00  0.154159D+00
      2   0.169570D+00  0.207485D-01 -0.461557D-02 -0.251382D+00  0.107091D+00
      3  -0.118405D+01  0.400683D+00 -0.251382D+00 -0.974132D+00 -0.833638D+00
               161           162           163           164           165 
      1   0.107091D+00 -0.833638D+00  0.348252D+01 -0.169985D+00  0.851140D+00
      2  -0.754402D+00 -0.116622D+01 -0.169985D+00  0.154873D+01  0.575798D+00
      3  -0.116622D+01  0.324548D-01  0.851140D+00  0.575798D+00 -0.184956D+01
               166           167           168           169           170 
      1   0.379405D+00  0.121524D+01  0.575665D+00  0.320890D+00  0.166623D+00
      2   0.121524D+01  0.240050D+01  0.299138D+00  0.166623D+00  0.277986D+00
      3   0.575665D+00  0.299138D+00 -0.101083D+01 -0.335030D+01 -0.150053D+01
               171           172           173           174           175 
      1  -0.335030D+01 -0.322586D+01  0.867152D+00  0.970567D-01  0.122723D+01
      2  -0.150053D+01  0.867152D+00 -0.609707D+00 -0.522374D+00 -0.796476D-01
      3  -0.339598D+01  0.970567D-01 -0.522374D+00  0.134570D+01 -0.840731D+00
               176           177           178           179           180 
      1  -0.796476D-01 -0.840731D+00  0.303957D+00 -0.625764D+00  0.175111D+01
      2   0.478076D+00 -0.564574D-02 -0.625764D+00 -0.587432D+00  0.746679D+00
      3  -0.564574D-02 -0.109140D+01  0.175111D+01  0.746679D+00  0.164072D+01
               181           182           183           184           185 
      1  -0.384354D+00 -0.470518D+00 -0.575248D+00 -0.134993D+01 -0.126025D+01
      2  -0.470518D+00 -0.103132D+01 -0.540032D+00 -0.126025D+01 -0.356411D+01
      3  -0.575248D+00 -0.540032D+00  0.227540D+00 -0.155435D+00  0.690634D+00
               186           187           188           189           190 
      1  -0.155435D+00 -0.455493D+00  0.273747D+00  0.188636D+01  0.320450D+00
      2   0.690634D+00  0.273747D+00  0.446918D+00  0.111931D+01 -0.896193D+00
      3   0.209914D+01  0.188636D+01  0.111931D+01  0.178385D+01  0.914369D+00
               191           192           193           194           195 
      1  -0.896193D+00  0.914369D+00  0.331394D+00 -0.575708D+00  0.761039D+00
      2   0.255713D+00 -0.332331D+00 -0.575708D+00  0.326954D+01 -0.204114D+01
      3  -0.332331D+00  0.104862D+01  0.761039D+00 -0.204114D+01  0.606605D+00
               196           197           198           199           200 
      1   0.761536D+00  0.300993D+00  0.568726D+00 -0.213720D+00  0.658811D+00
      2   0.300993D+00 -0.263441D+01  0.501126D+00  0.658811D+00 -0.320151D+00
      3   0.568726D+00  0.501126D+00 -0.602931D+00 -0.190553D+00  0.433925D+00
               201           202           203           204           205 
      1  -0.190553D+00 -0.467781D+00  0.482270D+00 -0.350066D+00  0.204229D+00
      2   0.433925D+00  0.482270D+00 -0.132964D+01  0.626754D+00 -0.545943D+00
      3  -0.617564D+00 -0.350066D+00  0.626754D+00 -0.239736D+00  0.903228D-01
               206           207           208           209           210 
      1  -0.545943D+00  0.903228D-01 -0.110360D+00  0.135406D+00 -0.565154D+00
      2   0.939849D+00 -0.472867D+00  0.135406D+00  0.271815D+00 -0.341587D-01
      3  -0.472867D+00  0.467748D+00 -0.565154D+00 -0.341587D-01 -0.407228D+00
               211           212           213           214           215 
      1  -0.103300D+00  0.405876D+00 -0.441348D+00 -0.933294D+00  0.219384D+00
      2   0.405876D+00 -0.131592D+01  0.512931D+00  0.219384D+00  0.148840D+01
      3  -0.441348D+00  0.512931D+00 -0.277778D+00 -0.883518D+00 -0.242569D+00
               216           217           218           219           220 
      1  -0.883518D+00  0.903514D+00 -0.119571D+01 -0.692840D+00 -0.127475D+00
      2  -0.242569D+00 -0.119571D+01  0.792791D+00  0.250189D+01 -0.148463D+00
      3   0.634802D-01 -0.692840D+00  0.250189D+01  0.161196D+01  0.643703D+00
               221           222           223           224           225 
      1  -0.148463D+00  0.643703D+00 -0.112333D+01  0.205770D+01  0.153553D+01
      2   0.729554D+00 -0.261192D-01  0.205770D+01 -0.431291D+00 -0.329321D+00
