 Entering Gaussian System, Link 0=g16
 Input=FREE.INP
 Output=FREE.OUT
 Initial command:
 /usr/local/g16-A.03/sse4/g16/l1.exe "/scratch/zronyj/cluster_500/Gau-18528.inp" -scrdir="/scratch/zronyj/cluster_500/"
 Entering Link 1 = /usr/local/g16-A.03/sse4/g16/l1.exe PID=     18529.
  
 Copyright (c) 1988,1990,1992,1993,1995,1998,2003,2009,2016,
            Gaussian, Inc.  All Rights Reserved.
  
 This is part of the Gaussian(R) 16 program.  It is based on
 the Gaussian(R) 09 system (copyright 2009, Gaussian, Inc.),
 the Gaussian(R) 03 system (copyright 2003, Gaussian, Inc.),
 the Gaussian(R) 98 system (copyright 1998, Gaussian, Inc.),
 the Gaussian(R) 94 system (copyright 1995, Gaussian, Inc.),
 the Gaussian 92(TM) system (copyright 1992, Gaussian, Inc.),
 the Gaussian 90(TM) system (copyright 1990, Gaussian, Inc.),
 the Gaussian 88(TM) system (copyright 1988, Gaussian, Inc.),
 the Gaussian 86(TM) system (copyright 1986, Carnegie Mellon
 University), and the Gaussian 82(TM) system (copyright 1983,
 Carnegie Mellon University). Gaussian is a federally registered
 trademark of Gaussian, Inc.
  
 This software contains proprietary and confidential information,
 including trade secrets, belonging to Gaussian, Inc.
  
 This software is provided under written license and may be
 used, copied, transmitted, or stored only in accord with that
 written license.
  
 The following legend is applicable only to US Government
 contracts under FAR:
  
                    RESTRICTED RIGHTS LEGEND
  
 Use, reproduction and disclosure by the US Government is
 subject to restrictions as set forth in subparagraphs (a)
 and (c) of the Commercial Computer Software - Restricted
 Rights clause in FAR 52.227-19.
  
 Gaussian, Inc.
 340 Quinnipiac St., Bldg. 40, Wallingford CT 06492
  
  
 ---------------------------------------------------------------
 Warning -- This program may not be used in any manner that
 competes with the business of Gaussian, Inc. or will provide
 assistance to any competitor of Gaussian, Inc.  The licensee
 of this program is prohibited from giving any competitor of
 Gaussian, Inc. access to this program.  By using this program,
 the user acknowledges that Gaussian, Inc. is engaged in the
 business of creating and licensing software in the field of
 computational chemistry and represents and warrants to the
 licensee that it is not a competitor of Gaussian, Inc. and that
 it will not use this program in any manner prohibited above.
 ---------------------------------------------------------------
  

 Cite this work as:
 Gaussian 16, Revision A.03,
 M. J. Frisch, G. W. Trucks, H. B. Schlegel, G. E. Scuseria, 
 M. A. Robb, J. R. Cheeseman, G. Scalmani, V. Barone, 
 G. A. Petersson, H. Nakatsuji, X. Li, M. Caricato, A. V. Marenich, 
 J. Bloino, B. G. Janesko, R. Gomperts, B. Mennucci, H. P. Hratchian, 
 J. V. Ortiz, A. F. Izmaylov, J. L. Sonnenberg, D. Williams-Young, 
 F. Ding, F. Lipparini, F. Egidi, J. Goings, B. Peng, A. Petrone, 
 T. Henderson, D. Ranasinghe, V. G. Zakrzewski, J. Gao, N. Rega, 
 G. Zheng, W. Liang, M. Hada, M. Ehara, K. Toyota, R. Fukuda, 
 J. Hasegawa, M. Ishida, T. Nakajima, Y. Honda, O. Kitao, H. Nakai, 
 T. Vreven, K. Throssell, J. A. Montgomery, Jr., J. E. Peralta, 
 F. Ogliaro, M. J. Bearpark, J. J. Heyd, E. N. Brothers, K. N. Kudin, 
 V. N. Staroverov, T. A. Keith, R. Kobayashi, J. Normand, 
 K. Raghavachari, A. P. Rendell, J. C. Burant, S. S. Iyengar, 
 J. Tomasi, M. Cossi, J. M. Millam, M. Klene, C. Adamo, R. Cammi, 
 J. W. Ochterski, R. L. Martin, K. Morokuma, O. Farkas, 
 J. B. Foresman, and D. J. Fox, Gaussian, Inc., Wallingford CT, 2016.
 
 ******************************************
 Gaussian 16:  ES64L-G16RevA.03 25-Dec-2016
                21-Aug-2023 
 ******************************************
 %chk=cluster_500.chk
 %mem=8GB
 %nproc=8
 Will use up to    8 processors via shared memory.
 ----------------------------------------------------------------------
 #b3lyp/6-311++G** scrf=(cpcm,Solvent=Water) nosymm freq=roa scf=(xqc,c
 onver=8) iop(2/11=1) geom=checkpoint guess=checkpoint
 ----------------------------------------------------------------------
 1/10=4,29=2,30=1,38=1,83=21/1,3;
 2/11=1,12=2,15=1,40=1/2;
 3/5=4,6=6,7=1111,11=2,14=-4,25=1,30=1,36=2,70=2101,71=2,72=1,74=-5,116=-2,140=1/1,2,3;
 4/5=1/1;
 5/5=2,6=8,8=3,13=1,38=6,53=1,98=1/2,8;
 8/6=4,10=90,11=11/1;
 10/13=10,15=4,31=1,49=111,72=3/2;
 11/6=3,8=1,9=11,15=111,16=1,31=1/1,2,10;
 10/6=1,31=1,49=111/2;
 6/7=2,8=2,9=2,10=2,28=1/1;
 7/8=1,10=1,25=1,30=1/1,2,3,16;
 1/10=4,30=1/3;
 99//99;
 ---------------
 ROA cluster_500
 ---------------
 Structure from the checkpoint file:  "cluster_500.chk"
 Charge =  0 Multiplicity = 1
 No Z-Matrix found in chk file; cartesian coordinates used.
  O                                                19.107162970000      1.628564660000      3.713337920000
  H                                                19.391871110000      1.255063500000      4.559967240000
  H                                                19.689423740000      1.214750570000      3.059765700000
  O                                                17.405662360000      3.338037250000      5.214513690000
  H                                                16.576502020000      2.852069360000      5.092119830000
  H                                                17.908647710000      3.180053270000      4.400933880000
  O                                                19.970307970000      4.508890850000      4.124678900000
  H                                                20.532920220000      4.987129670000      3.502475090000
  H                                                19.954071950000      3.588123490000      3.820415170000
  O                                                17.616925380000      5.970386030000      6.233747740000
  H                                                17.463441960000      5.064886890000      5.893474490000
  H                                                17.809217380000      6.488716350000      5.439327760000
  O                                                20.279337100000      5.821779120000      7.005828390000
  H                                                19.314266790000      5.946152900000      6.905997430000
  H                                                20.471643810000      5.301538020000      6.211131380000
  O                                                19.202537370000      2.409588680000      7.295094880000
  H                                                19.380078860000      3.228405190000      7.784533990000
  H                                                18.557217600000      2.689728880000      6.618002670000
  O                                                21.659611140000      6.770760280000      2.054395540000
  H                                                21.397317500000      6.857072740000      1.129555200000
  H                                                21.917027090000      7.666713840000      2.308677650000
  O                                                25.125667970000      3.361847860000      5.234456020000
  H                                                24.904834780000      4.200991950000      4.805378340000
  H                                                24.257667180000      3.045566790000      5.545498500000
  O                                                22.340861980000      2.501506600000      5.733707290000
  H                                                21.928501820000      3.121577900000      5.113593980000
  H                                                21.677414480000      2.434702890000      6.439572110000
  O                                                24.011153800000      5.211533450000      2.173953920000
  H                                                23.159901270000      5.682486980000      2.140620650000
  H                                                23.804623530000      4.271459360000      2.022667070000
  O                                                24.057575870000      2.477202710000      1.738868660000
  H                                                25.021065480000      2.521691330000      1.832819580000
  H                                                23.923947390000      2.343297870000      0.790953710000
 Recover connectivity data from disk.
 Using perturbation frequencies:    0.085645

 GradGradGradGradGradGradGradGradGradGradGradGradGradGradGradGradGradGrad
 Berny optimization.
 Initialization pass.
 Trust Radius=3.00D-01 FncErr=1.00D-07 GrdErr=1.00D-07 EigMax=2.50D+02 EigMin=1.00D-04
 Number of steps in this run=      2 maximum allowed number of steps=      2.
 GradGradGradGradGradGradGradGradGradGradGradGradGradGradGradGradGradGrad

                          Input orientation:                          
 ---------------------------------------------------------------------
 Center     Atomic      Atomic             Coordinates (Angstroms)
 Number     Number       Type             X           Y           Z
 ---------------------------------------------------------------------
      1          8           0       19.107163    1.628565    3.713338
      2          1           0       19.391871    1.255064    4.559967
      3          1           0       19.689424    1.214751    3.059766
      4          8           0       17.405662    3.338037    5.214514
      5          1           0       16.576502    2.852069    5.092120
      6          1           0       17.908648    3.180053    4.400934
      7          8           0       19.970308    4.508891    4.124679
      8          1           0       20.532920    4.987130    3.502475
      9          1           0       19.954072    3.588123    3.820415
     10          8           0       17.616925    5.970386    6.233748
     11          1           0       17.463442    5.064887    5.893474
     12          1           0       17.809217    6.488716    5.439328
     13          8           0       20.279337    5.821779    7.005828
     14          1           0       19.314267    5.946153    6.905997
     15          1           0       20.471644    5.301538    6.211131
     16          8           0       19.202537    2.409589    7.295095
     17          1           0       19.380079    3.228405    7.784534
     18          1           0       18.557218    2.689729    6.618003
     19          8           0       21.659611    6.770760    2.054396
     20          1           0       21.397318    6.857073    1.129555
     21          1           0       21.917027    7.666714    2.308678
     22          8           0       25.125668    3.361848    5.234456
     23          1           0       24.904835    4.200992    4.805378
     24          1           0       24.257667    3.045567    5.545499
     25          8           0       22.340862    2.501507    5.733707
     26          1           0       21.928502    3.121578    5.113594
     27          1           0       21.677414    2.434703    6.439572
     28          8           0       24.011154    5.211533    2.173954
     29          1           0       23.159901    5.682487    2.140621
     30          1           0       23.804624    4.271459    2.022667
     31          8           0       24.057576    2.477203    1.738869
     32          1           0       25.021065    2.521691    1.832820
     33          1           0       23.923947    2.343298    0.790954
 ---------------------------------------------------------------------
                    Distance matrix (angstroms):
                    1          2          3          4          5
     1  O    0.000000
     2  H    0.968165   0.000000
     3  H    0.968208   1.529957   0.000000
     4  O    2.840938   2.951650   3.790363   0.000000
     5  H    3.130854   3.280231   4.062211   0.968841   0.000000
     6  H    2.077581   2.435329   2.971920   0.969467   1.536204
     7  O    3.034881   3.333385   3.473370   3.022589   3.898579
     8  H    3.654751   4.043340   3.890800   3.928145   4.768511
     9  H    2.137426   2.511210   2.506297   2.915552   3.683339
    10  O    5.236858   5.309071   6.081569   2.830677   3.479899
    11  H    4.388978   4.473459   5.273372   1.856431   2.515033
    12  H    5.318344   5.537977   6.083766   3.184364   3.855560
    13  O    5.458712   5.255923   6.094598   4.199499   5.117855
    14  H    5.373782   5.245589   6.109043   3.647760   4.512079
    15  H    4.646667   4.501801   5.219656   3.774761   4.735421
    16  O    3.667162   2.974844   4.427495   2.901654   3.456147
    17  H    4.382763   3.780482   5.145283   3.242737   3.905223
    18  H    3.140953   2.643940   4.014785   1.927736   2.505575
    19  O    5.975722   6.468651   5.980105   6.313954   7.100838
    20  H    6.265623   6.868191   6.203097   6.708488   7.415000
    21  H    6.806442   7.249412   6.866890   6.894471   7.710354
    22  O    6.445190   6.145722   6.236350   7.720068   8.565534
    23  H    6.436065   6.255517   6.258220   7.559740   8.441738
    24  H    5.647336   5.277608   5.513584   6.866226   7.696966
    25  O    3.911615   3.409961   3.979426   5.032449   5.810540
    26  H    3.485650   3.197636   3.587154   4.529141   5.358824
    27  H    3.832545   3.185620   4.106517   4.534826   5.292365
    28  O    6.265500   6.533337   5.952839   7.509162   8.328074
    29  H    5.944107   6.297092   5.731467   6.932282   7.750081
    30  H    5.648840   5.916834   5.230097   7.211509   7.980097
    31  O    5.396786   5.587578   4.734903   7.554409   8.206783
    32  H    6.269631   6.381968   5.624935   8.372374   9.057750
    33  H    5.679136   5.994116   4.934807   7.940115   8.528999
                    6          7          8          9         10
     6  H    0.000000
     7  O    2.468313   0.000000
     8  H    3.310523   0.965600   0.000000
     9  H    2.165014   0.969872   1.547052   0.000000
    10  O    3.351159   3.481745   4.114568   4.118447   0.000000
    11  H    2.445094   3.118036   3.891609   3.561129   0.979424
    12  H    3.469207   3.212215   3.663976   3.954076   0.967856
    13  O    4.402767   3.181226   3.610322   3.904084   2.776082
    14  H    3.987783   3.198726   3.740161   3.935794   1.825781
    15  H    3.787672   2.287556   2.727531   2.986502   2.932113
    16  O    3.262504   3.879185   4.774683   3.745283   4.039790
    17  H    3.690013   3.922060   4.770554   4.021580   3.610001
    18  H    2.361452   3.394531   4.346028   3.253431   3.434314
    19  O    5.698170   3.500839   2.558848   4.019560   5.869488
    20  H    6.032678   4.064613   3.142391   4.473222   6.413296
    21  H    6.369832   4.130305   3.243621   4.772153   6.064205
    22  O    7.267268   5.396763   5.170554   5.366201   8.011509
    23  H    7.081845   4.990762   4.629169   5.084861   7.634436
    24  H    6.452764   4.747788   4.670905   4.668106   7.288876
    25  O    4.677738   3.498298   3.798075   3.246258   5.882070
    26  H    4.082956   2.595595   2.832602   2.405899   5.287735
    27  H    4.349160   3.546153   4.056019   3.340699   5.388041
    28  O    6.806389   4.541747   3.730072   4.669712   7.612092
    29  H    6.240741   3.935393   3.039605   4.181556   6.896460
    30  H    6.450570   4.379133   3.661428   4.304137   7.675100
    31  O    6.737203   5.150302   4.672605   4.733469   8.595827
    32  H    7.590464   5.891666   5.386055   5.546372   9.278090
    33  H    7.065122   5.606673   5.083430   5.146566   9.086160
                   11         12         13         14         15
    11  H    0.000000
    12  H    1.533982   0.000000
    13  O    3.120814   3.000037   0.000000
    14  H    2.286348   2.170408   0.978159   0.000000
    15  H    3.034170   3.015558   0.969111   1.495957   0.000000
    16  O    3.469813   4.693026   3.589738   3.559658   3.339009
    17  H    3.259182   4.312450   2.853180   2.856976   2.822231
    18  H    2.713423   4.047355   3.595253   3.355646   3.263758
    19  O    5.937707   5.134476   5.227084   5.451482   4.565998
    20  H    6.432902   5.619990   6.070609   6.207750   5.394347
    21  H    6.281297   5.297429   5.305567   5.556081   4.786683
    22  O    7.876824   7.959254   5.716288   6.576098   5.135780
    23  H    7.569980   7.482203   5.372538   6.221948   4.779176
    24  H    7.096495   7.310886   5.066264   5.890803   4.457179
    25  O    5.512320   6.043203   4.110035   4.732878   3.400307
    26  H    4.931675   5.330312   3.686649   4.245605   2.842402
    27  H    4.997365   5.691965   3.707769   4.258204   3.118463
    28  O    7.531857   7.124456   6.135623   6.707656   5.369826
    29  H    6.849452   6.337294   5.655731   6.129212   4.892945
    30  H    7.471497   7.248082   6.297859   6.842135   5.450968
    31  O    8.212153   8.296242   7.293980   7.825076   6.390377
    32  H    8.948432   8.986375   7.754649   8.368490   6.898869
    33  H    8.670692   8.728219   8.000480   8.463066   7.074455
                   16         17         18         19         20
    16  O    0.000000
    17  H    0.970326   0.000000
    18  H    0.976407   1.525801   0.000000
    19  O    7.247204   7.111894   6.863394   0.000000
    20  H    7.912715   7.843802   7.453588   0.965183   0.000000
    21  H    7.737582   7.491308   7.391142   0.966258   1.521823
    22  O    6.343225   6.287487   6.746146   5.809218   6.554953
    23  H    6.474875   6.351710   6.772132   4.970221   5.733160
    24  H    5.387012   5.370063   5.811369   5.728417   6.496902
    25  O    3.506488   3.674304   3.890163   5.676968   6.407765
    26  H    3.563251   3.693209   3.716893   4.769437   5.487134
    27  H    2.618696   2.777884   3.135682   6.166967   6.916075
    28  O    7.563053   7.540442   7.473586   2.824046   3.260477
    29  H    7.276070   7.222419   7.084366   1.855436   2.347042
    30  H    7.241841   7.339187   7.152220   3.293720   3.643922
    31  O    7.378863   7.680713   7.355614   4.927923   5.160572
    32  H    7.981497   8.230618   8.044100   5.422459   5.694002
    33  H    8.037410   8.386914   7.929458   5.130880   5.183886
                   21         22         23         24         25
    21  H    0.000000
    22  O    6.114526   0.000000
    23  H    5.212652   0.968007   0.000000
    24  H    6.108241   0.974785   1.517106   0.000000
    25  O    6.212071   2.957124   3.213098   2.001391   0.000000
    26  H    5.340969   3.208459   3.180989   2.370091   0.969056
    27  H    6.670505   3.768601   4.025743   2.798254   0.971015
    28  O    3.229772   3.745684   2.957069   4.014909   4.775559
    29  H    2.347368   4.338366   3.512912   4.444281   4.868237
    30  H    3.895199   3.590006   2.993144   3.757446   4.364304
    31  O    5.642487   3.760658   3.618394   3.854025   4.348153
    32  H    6.027666   3.505415   3.416089   3.826383   4.732951
    33  H    5.888121   4.714477   4.530869   4.817701   5.192495
                   26         27         28         29         30
    26  H    0.000000
    27  H    1.514285   0.000000
    28  O    4.164953   5.599342   0.000000
    29  H    4.112563   5.588099   0.973416   0.000000
    30  H    3.794192   5.235240   0.974311   1.555821   0.000000
    31  O    4.041899   5.269116   2.769119   3.352771   1.834089
    32  H    4.548329   5.692955   2.893362   3.680938   2.139500
    33  H    4.824183   6.079651   3.185447   3.681786   2.291105
                   31         32         33
    31  O    0.000000
    32  H    0.969081   0.000000
    33  H    0.966607   1.523475   0.000000
 Symmetry turned off by external request.
 Stoichiometry    H22O11
 Framework group  C1[X(H22O11)]
 Deg. of freedom    93
 Full point group                 C1      NOp   1
 Rotational constants (GHZ):           0.5057380           0.2603178           0.2389942
 Standard basis: 6-311++G(d,p) (5D, 7F)
   396 basis functions,   594 primitive gaussians,   407 cartesian basis functions
    55 alpha electrons       55 beta electrons
       nuclear repulsion energy       751.3161208967 Hartrees.
 NAtoms=   33 NActive=   33 NUniq=   33 SFac= 1.00D+00 NAtFMM=   60 NAOKFM=F Big=F
 Integral buffers will be    131072 words long.
 Raffenetti 2 integral format.
 Two-electron integral symmetry is turned off.
 Force inversion solution in PCM.
 ------------------------------------------------------------------------------
 Polarizable Continuum Model (PCM)
 =================================
 Model                : C-PCM.
 Atomic radii         : UFF (Universal Force Field).
 Polarization charges : Total charges.
 Charge compensation  : None.
 Solution method      : Matrix inversion.
 Cavity type          : Scaled VdW (van der Waals Surface) (Alpha=1.100).
 Cavity algorithm     : GePol (No added spheres)
                        Default sphere list used, NSphG=   33.
                        Lebedev-Laikov grids with approx.  5.0 points / Ang**2.
                        Smoothing algorithm: York/Karplus (Gamma=1.0000).
                        Polarization charges: spherical gaussians, with
                                              point-specific exponents (IZeta= 3).
                        Self-potential: point-specific (ISelfS= 7).
                        Self-field    : sphere-specific E.n sum rule (ISelfD= 2).
 1st derivatives      : Analytical E(r).r(x)/FMM algorithm (CHGder, D1EAlg=3).
                        Cavity 1st derivative terms included.
 2nd derivatives      : Analytical E(r).r(xy)/FMM algorithm (CHGder, D2EAlg=3).
                        Cavity 2nd derivative terms included.
 Solvent              : Water, Eps=  78.355300 Eps(inf)=   1.777849
 ------------------------------------------------------------------------------
 One-electron integrals computed using PRISM.
 NBasis=   396 RedAO= T EigKep=  2.51D-04  NBF=   396
 NBsUse=   396 1.00D-06 EigRej= -1.00D+00 NBFU=   396
 Initial guess from the checkpoint file:  "cluster_500.chk"
 B after Tr=     0.000000    0.000000    0.000000
         Rot=    1.000000    0.000000    0.000000    0.000000 Ang=   0.00 deg.
 Requested convergence on RMS density matrix=1.00D-08 within  32 cycles.
 Requested convergence on MAX density matrix=1.00D-06.
 Requested convergence on             energy=1.00D-06.
 No special actions if energy rises.
 Inv3:  Mode=1 IEnd=    30203787.
 Iteration    1 A*A^-1 deviation from unit magnitude is 9.21D-15 for    755.
 Iteration    1 A*A^-1 deviation from orthogonality  is 6.25D-15 for   3169    780.
 Iteration    1 A^-1*A deviation from unit magnitude is 8.99D-15 for    755.
 Iteration    1 A^-1*A deviation from orthogonality  is 3.04D-15 for   2109    793.
 Error on total polarization charges =  0.01765
 SCF Done:  E(RB3LYP) =  -841.178920715     A.U. after   10 cycles
            NFock= 10  Conv=0.40D-08     -V/T= 2.0035
 QCSCF skips out because SCF is already converged.
 DoSCS=F DFT=T ScalE2(SS,OS)=  1.000000  1.000000
 Range of M.O.s used for correlation:     1   396
 NBasis=   396 NAE=    55 NBE=    55 NFC=     0 NFV=     0
 NROrb=    396 NOA=    55 NOB=    55 NVA=   341 NVB=   341

 **** Warning!!: The largest alpha MO coefficient is  0.15473910D+02

 NEqPCM:  Using non-equilibrium solvation (IEInf=1, Eps=  78.3553, EpsInf=   1.7778)
 Inv3:  Mode=1 IEnd=    30203787.
 Iteration    1 A*A^-1 deviation from unit magnitude is 9.21D-15 for    755.
 Iteration    1 A*A^-1 deviation from orthogonality  is 6.25D-15 for   3169    780.
 Iteration    1 A^-1*A deviation from unit magnitude is 8.99D-15 for    755.
 Iteration    1 A^-1*A deviation from orthogonality  is 3.04D-15 for   2109    793.
          Differentiating once with respect to electric field.
                with respect to dipole field.
                with respect to quadrupole field.
          Differentiating once with respect to magnetic field using GIAOs.
          Electric field/nuclear overlap derivatives assumed to be zero.
 FoFJK:  IHMeth= 1 ICntrl=    6127 DoSepK=F KAlg= 0 I1Cent=           0 FoldK=F
 IRaf=         1 NMat=       1 IRICut=       1 DoRegI=T DoRafI=F ISym2E= 0 IDoP0=0 IntGTp=1.
 CalDSu exits because no D1Ps are significant.
          There are    12 degrees of freedom in the 1st order CPHF.  IDoFFX=0 NUNeed=    12.
     11 vectors produced by pass  0 Test12= 3.13D-13 8.33D-09 XBig12= 1.00D+00 1.33D-01.
 AX will form    11 AO Fock derivatives at one time.
     11 vectors produced by pass  1 Test12= 3.13D-13 8.33D-09 XBig12= 9.09D-02 3.41D-02.
     11 vectors produced by pass  2 Test12= 3.13D-13 8.33D-09 XBig12= 3.51D-02 2.54D-02.
     11 vectors produced by pass  3 Test12= 3.13D-13 8.33D-09 XBig12= 1.79D-03 7.40D-03.
     11 vectors produced by pass  4 Test12= 3.13D-13 8.33D-09 XBig12= 6.53D-05 1.04D-03.
     11 vectors produced by pass  5 Test12= 3.13D-13 8.33D-09 XBig12= 3.32D-06 2.11D-04.
     11 vectors produced by pass  6 Test12= 3.13D-13 8.33D-09 XBig12= 7.89D-08 4.01D-05.
     11 vectors produced by pass  7 Test12= 3.13D-13 8.33D-09 XBig12= 1.13D-09 3.79D-06.
     11 vectors produced by pass  8 Test12= 3.13D-13 8.33D-09 XBig12= 2.50D-11 4.26D-07.
     10 vectors produced by pass  9 Test12= 3.13D-13 8.33D-09 XBig12= 5.04D-13 7.15D-08.
 InvSVY:  IOpt=1 It=  1 EMax= 2.27D-13
 Solved reduced A of dimension   109 with    12 vectors.
 Isotropic polarizability for W=    0.085645      105.86 Bohr**3.
 Dipole-magnetic dipole polarizability for W=    0.085645:
                 1             2             3 
      1   0.293200D+01  0.458415D+03 -0.389251D+03
      2  -0.482557D+03 -0.213207D+01  0.204522D+04
      3   0.424173D+03 -0.212148D+04 -0.807358D+00
 DQ contribution to OR G for W=    0.085645:
                 1             2             3 
      1   0.614558D+01  0.149008D+04 -0.130119D+04
      2  -0.153256D+04 -0.232324D+01  0.691398D+04
      3   0.137488D+04 -0.706953D+04 -0.382234D+01
 Optical Rotation G' tensor for W=    0.085645:
                 1             2             3 
      1   0.666798D-01  0.725091D+00  0.479918D+00
      2   0.725091D+00  0.481510D+00 -0.379648D+00
      3   0.479918D+00 -0.379648D+00 -0.555622D+00
 OR G Eigenvalues:    -1.1308     0.0950     1.0284  Iso=     0.0025
 Eigenvectors:
   (1)  -0.544002   0.416202   0.728586
   (2)   0.588004  -0.430352   0.684872
   (3)   0.598593   0.800983  -0.010616
 w=    0.085645 a.u., Optical Rotation Beta=      0.0025 au.
 Molar Mass =    198.1672 grams/mole, [Alpha] ( 5320.0 A) =        0.59 deg.
 End of Minotr F.D. properties on file   721 Mask=       B NFrqRd=     1 NDeriv=     1 ND12= 1 LenFil=      39:
 Frequencies=    0.085645
 Property number 1 -- Alpha(-w,w) frequency  1    0.085645:
                 1             2             3 
      1   0.107566D+03 -0.680834D+00 -0.245205D+00
      2  -0.680834D+00  0.106921D+03  0.275349D+00
      3  -0.245205D+00  0.275349D+00  0.103094D+03
 Property number 2 -- FD Optical Rotation Tensor frequency  1    0.085645:
                 1             2             3 
      1   0.293200D+01  0.458415D+03 -0.389251D+03
      2  -0.482557D+03 -0.213207D+01  0.204522D+04
      3   0.424173D+03 -0.212148D+04 -0.807358D+00
 Property number 4 -- D-Q polarizability frequency  1    0.085645:
                 1             2             3 
      1   0.567561D+04 -0.592010D+03 -0.603408D+03
      2  -0.285298D+04  0.111305D+04 -0.591783D+03
      3  -0.282262D+04 -0.521036D+03  0.119519D+04
      4   0.782869D+03  0.421655D+04  0.698049D+01
      5   0.929155D+03  0.131261D+02  0.409136D+04
      6   0.930373D+01  0.898294D+03  0.780159D+03
 End of Minotr F.D. properties file   722 does not exist.
 End of Minotr F.D. properties file   788 does not exist.
 Symmetrizing basis deriv contribution to polar:
 IMax=3 JMax=2 DiffMx= 0.00D+00
 G2DrvN: will do    34 centers at a time, making    1 passes.
 PxScal for G2LodP:  IOpCl= 0 ISclPx=1 IMOff=     1 NMtTot=    25 NTT=   78606 ScalPx= 2.64D+02
 Calling FoFCou, ICntrl=  3107 FMM=F I1Cent=   0 AccDes= 0.00D+00.
 PxScal for G2LodP:  IOpCl= 0 ISclPx=0 IMOff=     1 NMtTot=    25 NTT=   78606 ScalPx= 1.00D+00
 NEqPCM:  Using non-equilibrium solvation (IEInf=1, Eps=  78.3553, EpsInf=   1.7778)
 G2PCM: DoFxE=T DoFxN=T DoGrad=T DoDP/DQ/DG/TGxP=TTTF NFrqRd=   1 IEInf=1 SqF1=F DoCFld=F IF1Alg=4.
 End of G2Drv F.D. properties on file   721 Mask=       B NFrqRd=     1 NDeriv=     1 ND12= 1 LenFil=      39:
 Frequencies=    0.085645
 Property number 1 -- Alpha(-w,w) frequency  1    0.085645:
                 1             2             3 
      1   0.107566D+03 -0.680834D+00 -0.245205D+00
      2  -0.680834D+00  0.106921D+03  0.275349D+00
      3  -0.245205D+00  0.275349D+00  0.103094D+03
 Property number 2 -- FD Optical Rotation Tensor frequency  1    0.085645:
                 1             2             3 
      1   0.293200D+01  0.458415D+03 -0.389251D+03
      2  -0.482557D+03 -0.213207D+01  0.204522D+04
      3   0.424173D+03 -0.212148D+04 -0.807358D+00
 Property number 4 -- D-Q polarizability frequency  1    0.085645:
                 1             2             3 
      1   0.567561D+04 -0.592010D+03 -0.603408D+03
      2  -0.285298D+04  0.111305D+04 -0.591783D+03
      3  -0.282262D+04 -0.521036D+03  0.119519D+04
      4   0.782869D+03  0.421655D+04  0.698049D+01
      5   0.929155D+03  0.131261D+02  0.409136D+04
      6   0.930373D+01  0.898294D+03  0.780159D+03
 End of G2Drv F.D. properties on file   722 Mask=       B NFrqRd=     1 NDeriv=    99 ND12= 1 LenFil=    3567:
 Frequencies=    0.085645
 Property number 1 -- Alpha(-w,w) derivatives, frequency  1    0.085645:
                 1             2             3             4             5 
      1   0.245037D+01  0.173558D+01  0.200337D+01  0.108979D+00  0.137089D+01
      2   0.173558D+01  0.287923D+01  0.123871D+01  0.137089D+01  0.146800D+01
      3   0.200337D+01  0.123871D+01  0.174858D+00  0.405145D+00  0.145301D+01
                 6             7             8             9            10 
      1   0.405145D+00  0.123870D+01  0.957963D+00 -0.691011D+00 -0.116022D+01
      2   0.145301D+01  0.957963D+00  0.106721D+01 -0.511971D+00 -0.136265D+01
      3   0.152790D+01 -0.691011D+00 -0.511971D+00 -0.167848D+01 -0.698790D+00
                11            12            13            14            15 
      1  -0.136265D+01 -0.698790D+00 -0.860422D-01 -0.661459D+00 -0.496983D+00
      2  -0.178915D+01 -0.124812D+00 -0.661459D+00 -0.508649D+00 -0.689066D+00
      3  -0.124812D+00  0.451262D+00 -0.496983D+00 -0.689066D+00 -0.904762D+00
                16            17            18            19            20 
      1  -0.844665D+00 -0.395072D+00  0.332028D+00 -0.882948D+00 -0.506641D+00
      2  -0.395072D+00 -0.118554D+01  0.221993D+00 -0.506641D+00 -0.122948D+01
      3   0.332028D+00  0.221993D+00  0.148525D+01 -0.857053D+00 -0.102143D+01
                21            22            23            24            25 
      1  -0.857053D+00  0.173148D-01 -0.528950D+00  0.109606D+00 -0.440922D-01
      2  -0.102143D+01 -0.528950D+00 -0.406218D+00 -0.450103D-01 -0.271435D+00
      3  -0.826320D+00  0.109606D+00 -0.450103D-01  0.484828D-01  0.165754D+00
                26            27            28            29            30 
      1  -0.271435D+00  0.165754D+00  0.582328D-01 -0.957089D+00  0.938751D+00
      2   0.469208D+00  0.302561D+00 -0.957089D+00 -0.124379D+01 -0.270673D-01
      3   0.302561D+00  0.525014D+00  0.938751D+00 -0.270673D-01 -0.852467D+00
                31            32            33            34            35 
      1  -0.188721D+01  0.260889D+01 -0.171603D+01  0.138069D+01 -0.729884D+00
      2   0.260889D+01  0.288691D+00  0.149539D-01 -0.729884D+00 -0.103748D+01
      3  -0.171603D+01  0.149539D-01 -0.309968D+00 -0.144904D+01  0.367950D+00
                36            37            38            39            40 
      1  -0.144904D+01  0.129772D+01  0.645339D+00 -0.155175D+00  0.147615D+01
      2   0.367950D+00  0.645339D+00  0.113823D+01 -0.584039D+00 -0.656630D+00
      3  -0.673462D+00 -0.155175D+00 -0.584039D+00  0.285524D+00  0.665612D+00
                41            42            43            44            45 
      1  -0.656630D+00  0.665612D+00  0.769298D+00  0.910203D+00 -0.194848D-01
      2   0.142041D+00 -0.125338D+00  0.910203D+00  0.660925D+00  0.440367D-01
      3  -0.125338D+00  0.263202D+00 -0.194848D-01  0.440367D-01  0.857232D-01
                46            47            48            49            50 
      1  -0.143581D+01  0.564953D+00 -0.956089D+00  0.858916D+00 -0.180159D+01
      2   0.564953D+00  0.355328D+00  0.891679D+00 -0.180159D+01 -0.712649D+00
      3  -0.956089D+00  0.891679D+00  0.117350D+01  0.970324D+00 -0.456996D+00
                51            52            53            54            55 
      1   0.970324D+00 -0.131975D+01  0.136772D+00  0.191899D+01  0.230088D+01
      2  -0.456996D+00  0.136772D+00  0.337319D+00 -0.443678D+00 -0.146193D+01
      3  -0.398682D+00  0.191899D+01 -0.443678D+00 -0.383008D+00  0.248515D+01
                56            57            58            59            60 
      1  -0.146193D+01  0.248515D+01 -0.712029D+00  0.482782D+00 -0.141150D+00
      2  -0.168948D+00  0.280625D-01  0.482782D+00  0.205879D+01  0.105947D+01
      3   0.280625D-01  0.154515D+01 -0.141150D+00  0.105947D+01 -0.178972D+01
                61            62            63            64            65 
      1  -0.391823D+00 -0.352669D+00  0.414455D-01 -0.968453D+00  0.849798D+00
      2  -0.352669D+00  0.132099D+01 -0.110078D+01  0.849798D+00  0.453368D+00
      3   0.414455D-01 -0.110078D+01 -0.386228D-01 -0.117580D+01 -0.237543D+00
                66            67            68            69            70 
      1  -0.117580D+01 -0.146480D+00  0.855046D-01 -0.403672D+00  0.274514D+00
      2  -0.237543D+00  0.855046D-01  0.795615D+00 -0.693069D+00  0.385097D-01
      3  -0.309870D+00 -0.403672D+00 -0.693069D+00  0.399384D+00  0.823227D-01
                71            72            73            74            75 
      1   0.385097D-01  0.823227D-01 -0.123163D+01  0.546504D+00 -0.152614D+01
      2  -0.433180D+00  0.424487D+00  0.546504D+00  0.244453D-01 -0.321454D+00
      3   0.424487D+00 -0.206306D+00 -0.152614D+01 -0.321454D+00 -0.160745D+01
                76            77            78            79            80 
      1   0.100952D+01 -0.259487D+00  0.340630D+00 -0.341771D-01 -0.808685D-02
      2  -0.259487D+00 -0.333867D+01 -0.935165D+00 -0.808685D-02 -0.106701D+01
      3   0.340630D+00 -0.935165D+00  0.144449D+01 -0.438699D+00  0.546728D+00
                81            82            83            84            85 
      1  -0.438699D+00  0.493961D+01 -0.404222D+01 -0.198954D+01 -0.293362D+01
      2   0.546728D+00 -0.404222D+01  0.395546D+01  0.141311D+01  0.176152D+01
      3   0.157469D+00 -0.198954D+01  0.141311D+01  0.506350D+00  0.136376D+01
                86            87            88            89            90 
      1   0.176152D+01  0.136376D+01 -0.186759D+01  0.128433D+01 -0.418606D+00
      2   0.243798D+01  0.508538D+00  0.128433D+01 -0.269061D-01 -0.374754D-01
      3   0.508538D+00 -0.876821D+00 -0.418606D+00 -0.374754D-01  0.525950D-01
                91            92            93            94            95 
      1  -0.236032D+01  0.186681D+01  0.358443D+00  0.135885D+01 -0.208020D+01
      2   0.186681D+01 -0.245386D+01 -0.821504D+00 -0.208020D+01 -0.184422D+01
      3   0.358443D+00 -0.821504D+00 -0.391608D+00 -0.677498D+00 -0.348197D+00
                96            97            98            99           100 
      1  -0.677498D+00  0.564625D+00 -0.425116D+00 -0.754961D+00 -0.215306D+01
      2  -0.348197D+00 -0.425116D+00 -0.138926D+01  0.203960D+00  0.154475D+01
      3   0.284630D-01 -0.754961D+00  0.203960D+00  0.317628D+00  0.360541D+00
               101           102           103           104           105 
      1   0.154475D+01  0.360541D+00  0.685978D+00 -0.303367D+00 -0.451585D+00
      2  -0.162105D+01 -0.294927D+00 -0.303367D+00  0.299978D-02  0.836771D-02
      3  -0.294927D+00 -0.182973D+00 -0.451585D+00  0.836771D-02  0.816856D+00
               106           107           108           109           110 
      1   0.688814D+00 -0.117676D+01  0.557664D+00  0.267910D+01 -0.371265D+00
      2  -0.117676D+01  0.124402D+01 -0.881400D-01 -0.371265D+00 -0.194370D+01
      3   0.557664D+00 -0.881400D-01 -0.350043D+00  0.245626D+00 -0.146890D+01
               111           112           113           114           115 
      1   0.245626D+00 -0.652309D+00 -0.142926D+01  0.580823D+00 -0.403804D+00
      2  -0.146890D+01 -0.142926D+01 -0.419892D+01  0.441338D+00  0.174985D+00
      3  -0.302025D+01  0.580823D+00  0.441338D+00  0.384381D+01 -0.116550D+01
               116           117           118           119           120 
      1   0.174985D+00 -0.116550D+01 -0.361599D+01  0.105519D+01  0.870753D+00
      2   0.281499D+01  0.186570D+01  0.105519D+01  0.173030D+01  0.694525D+00
      3   0.186570D+01 -0.158194D+01  0.870753D+00  0.694525D+00  0.281284D+01
               121           122           123           124           125 
      1   0.892592D+00  0.488590D+00 -0.480623D+00  0.426927D+00 -0.104657D+00
      2   0.488590D+00  0.219464D+01  0.484914D+00 -0.104657D+00 -0.843011D+00
      3  -0.480623D+00  0.484914D+00 -0.112322D+01  0.115148D+01  0.356389D+00
               126           127           128           129           130 
      1   0.115148D+01 -0.160008D+00  0.312471D+00  0.138515D+00  0.330199D-01
      2   0.356389D+00  0.312471D+00 -0.179182D+00  0.507916D+00  0.709676D+00
      3   0.186004D+01  0.138515D+00  0.507916D+00  0.228100D+00 -0.281525D+00
               131           132           133           134           135 
      1   0.709676D+00 -0.281525D+00  0.203754D+00  0.206252D+00  0.605993D+00
      2   0.180773D+01 -0.883016D+00  0.206252D+00 -0.170382D+01 -0.195676D+01
      3  -0.883016D+00 -0.259215D+01  0.605993D+00 -0.195676D+01  0.106848D+00
               136           137           138           139           140 
      1   0.133590D+01  0.978121D+00 -0.104235D+01  0.484894D+00  0.142937D+00
      2   0.978121D+00  0.518244D+00 -0.251660D+01  0.142937D+00 -0.160225D+00
      3  -0.104235D+01 -0.251660D+01  0.596916D+01 -0.169063D+01 -0.765230D+00
               141           142           143           144           145 
      1  -0.169063D+01  0.771237D-02 -0.193274D+01  0.336634D+01 -0.414649D+00
      2  -0.765230D+00 -0.193274D+01 -0.129882D+01  0.168683D+01 -0.585347D+00
      3   0.269443D+01  0.336634D+01  0.168683D+01 -0.257357D+01  0.940989D+00
               146           147           148           149           150 
      1  -0.585347D+00  0.940989D+00 -0.392098D+00  0.314986D+00  0.899824D+00
      2  -0.392142D-01  0.100412D+01  0.314986D+00  0.796627D+00  0.699526D+00
      3   0.100412D+01 -0.198300D+01  0.899824D+00  0.699526D+00 -0.303509D+01
               151           152           153           154           155 
      1   0.265782D-01  0.682922D+00 -0.679466D+00 -0.129693D+01 -0.484562D+00
      2   0.682922D+00  0.121769D+01 -0.865241D+00 -0.484562D+00 -0.380349D+00
      3  -0.679466D+00 -0.865241D+00  0.864372D+00 -0.197354D+00  0.146149D+01
               156           157           158           159           160 
      1  -0.197354D+00 -0.514295D-01 -0.405455D+00  0.929399D+00 -0.623662D+00
      2   0.146149D+01 -0.405455D+00 -0.614790D+00  0.300174D+00  0.904228D+00
      3  -0.338091D+01  0.929399D+00  0.300174D+00  0.226822D+00 -0.261037D+01
               161           162           163           164           165 
      1   0.904228D+00 -0.261037D+01  0.789606D+00 -0.173322D+01  0.697475D+00
      2  -0.135777D+00 -0.855074D+00 -0.173322D+01 -0.384068D+00  0.144966D+01
      3  -0.855074D+00  0.197985D+01  0.697475D+00  0.144966D+01 -0.144162D+01
               166           167           168           169           170 
      1   0.574866D+00 -0.540419D+00 -0.462957D+00 -0.108338D+01  0.111332D+01
