 Entering Gaussian System, Link 0=g16
 Input=FREE.INP
 Output=FREE.OUT
 Initial command:
 /usr/local/g16-A.03/sse4/g16/l1.exe "/scratch/zronyj/cluster_150/Gau-4503.inp" -scrdir="/scratch/zronyj/cluster_150/"
 Entering Link 1 = /usr/local/g16-A.03/sse4/g16/l1.exe PID=      4504.
  
 Copyright (c) 1988,1990,1992,1993,1995,1998,2003,2009,2016,
            Gaussian, Inc.  All Rights Reserved.
  
 This is part of the Gaussian(R) 16 program.  It is based on
 the Gaussian(R) 09 system (copyright 2009, Gaussian, Inc.),
 the Gaussian(R) 03 system (copyright 2003, Gaussian, Inc.),
 the Gaussian(R) 98 system (copyright 1998, Gaussian, Inc.),
 the Gaussian(R) 94 system (copyright 1995, Gaussian, Inc.),
 the Gaussian 92(TM) system (copyright 1992, Gaussian, Inc.),
 the Gaussian 90(TM) system (copyright 1990, Gaussian, Inc.),
 the Gaussian 88(TM) system (copyright 1988, Gaussian, Inc.),
 the Gaussian 86(TM) system (copyright 1986, Carnegie Mellon
 University), and the Gaussian 82(TM) system (copyright 1983,
 Carnegie Mellon University). Gaussian is a federally registered
 trademark of Gaussian, Inc.
  
 This software contains proprietary and confidential information,
 including trade secrets, belonging to Gaussian, Inc.
  
 This software is provided under written license and may be
 used, copied, transmitted, or stored only in accord with that
 written license.
  
 The following legend is applicable only to US Government
 contracts under FAR:
  
                    RESTRICTED RIGHTS LEGEND
  
 Use, reproduction and disclosure by the US Government is
 subject to restrictions as set forth in subparagraphs (a)
 and (c) of the Commercial Computer Software - Restricted
 Rights clause in FAR 52.227-19.
  
 Gaussian, Inc.
 340 Quinnipiac St., Bldg. 40, Wallingford CT 06492
  
  
 ---------------------------------------------------------------
 Warning -- This program may not be used in any manner that
 competes with the business of Gaussian, Inc. or will provide
 assistance to any competitor of Gaussian, Inc.  The licensee
 of this program is prohibited from giving any competitor of
 Gaussian, Inc. access to this program.  By using this program,
 the user acknowledges that Gaussian, Inc. is engaged in the
 business of creating and licensing software in the field of
 computational chemistry and represents and warrants to the
 licensee that it is not a competitor of Gaussian, Inc. and that
 it will not use this program in any manner prohibited above.
 ---------------------------------------------------------------
  

 Cite this work as:
 Gaussian 16, Revision A.03,
 M. J. Frisch, G. W. Trucks, H. B. Schlegel, G. E. Scuseria, 
 M. A. Robb, J. R. Cheeseman, G. Scalmani, V. Barone, 
 G. A. Petersson, H. Nakatsuji, X. Li, M. Caricato, A. V. Marenich, 
 J. Bloino, B. G. Janesko, R. Gomperts, B. Mennucci, H. P. Hratchian, 
 J. V. Ortiz, A. F. Izmaylov, J. L. Sonnenberg, D. Williams-Young, 
 F. Ding, F. Lipparini, F. Egidi, J. Goings, B. Peng, A. Petrone, 
 T. Henderson, D. Ranasinghe, V. G. Zakrzewski, J. Gao, N. Rega, 
 G. Zheng, W. Liang, M. Hada, M. Ehara, K. Toyota, R. Fukuda, 
 J. Hasegawa, M. Ishida, T. Nakajima, Y. Honda, O. Kitao, H. Nakai, 
 T. Vreven, K. Throssell, J. A. Montgomery, Jr., J. E. Peralta, 
 F. Ogliaro, M. J. Bearpark, J. J. Heyd, E. N. Brothers, K. N. Kudin, 
 V. N. Staroverov, T. A. Keith, R. Kobayashi, J. Normand, 
 K. Raghavachari, A. P. Rendell, J. C. Burant, S. S. Iyengar, 
 J. Tomasi, M. Cossi, J. M. Millam, M. Klene, C. Adamo, R. Cammi, 
 J. W. Ochterski, R. L. Martin, K. Morokuma, O. Farkas, 
 J. B. Foresman, and D. J. Fox, Gaussian, Inc., Wallingford CT, 2016.
 
 ******************************************
 Gaussian 16:  ES64L-G16RevA.03 25-Dec-2016
                22-Aug-2023 
 ******************************************
 %chk=cluster_150.chk
 %mem=8GB
 %nproc=8
 Will use up to    8 processors via shared memory.
 ----------------------------------------------------------------------
 #b3lyp/6-311++G** scrf=(cpcm,Solvent=Water) nosymm freq=roa scf=(xqc,c
 onver=8) iop(2/11=1) geom=checkpoint guess=checkpoint
 ----------------------------------------------------------------------
 1/10=4,29=2,30=1,38=1,83=21/1,3;
 2/11=1,12=2,15=1,40=1/2;
 3/5=4,6=6,7=1111,11=2,14=-4,25=1,30=1,36=2,70=2101,71=2,72=1,74=-5,116=-2,140=1/1,2,3;
 4/5=1/1;
 5/5=2,6=8,8=3,13=1,38=6,53=1,98=1/2,8;
 8/6=4,10=90,11=11/1;
 10/13=10,15=4,31=1,49=111,72=3/2;
 11/6=3,8=1,9=11,15=111,16=1,31=1/1,2,10;
 10/6=1,31=1,49=111/2;
 6/7=2,8=2,9=2,10=2,28=1/1;
 7/8=1,10=1,25=1,30=1/1,2,3,16;
 1/10=4,30=1/3;
 99//99;
 ---------------
 ROA cluster_150
 ---------------
 Structure from the checkpoint file:  "cluster_150.chk"
 Charge =  0 Multiplicity = 1
 No Z-Matrix found in chk file; cartesian coordinates used.
  O                                                 7.478751860000     17.416452010000      2.373070600000
  H                                                 7.774526480000     16.518630640000      2.569626650000
  H                                                 7.678938770000     17.895228420000      3.186319250000
  O                                                 3.878006900000     19.648293360000      1.370606720000
  H                                                 4.519494440000     20.370768570000      1.293403880000
  H                                                 3.400300520000     19.872970150000      2.181036790000
  O                                                 5.916462670000     20.225887470000      5.269908600000
  H                                                 5.938313480000     19.956690730000      4.341310260000
  H                                                 6.813334960000     20.039154480000      5.612722900000
  O                                                 4.108832290000     19.552203520000      7.171633730000
  H                                                 4.456762390000     18.888462270000      7.782375100000
  H                                                 4.733421160000     19.535859010000      6.419409340000
  O                                                10.484368880000     20.254264330000      1.936577440000
  H                                                10.042894350000     21.003145410000      2.360122730000
  H                                                 9.746235890000     19.703192540000      1.636854770000
  O                                                 8.421865740000     19.465346370000      6.428054860000
  H                                                 9.290418370000     19.812235320000      6.674320160000
  H                                                 8.597276890000     18.547335770000      6.176346810000
  O                                                10.584818410000     25.446322780000      5.450245450000
  H                                                10.292807330000     24.599313680000      5.074825120000
  H                                                10.737584230000     25.232527060000      6.380081570000
  O                                                 4.125334860000     24.606921300000      5.241284960000
  H                                                 3.810400110000     25.471664410000      5.534382650000
  H                                                 3.408157690000     24.294636080000      4.669393280000
  O                                                 5.990039800000     22.767966640000      2.037109140000
  H                                                 6.560876890000     22.743839420000      2.817728620000
  H                                                 6.538684310000     23.166981770000      1.351252680000
  O                                                 8.928428300000     22.822335110000      4.322492910000
  H                                                 8.918751060000     22.034421480000      4.885171180000
  H                                                 8.280940520000     23.406581160000      4.741579750000
  O                                                 3.037345400000     23.753805470000      1.738908330000
  H                                                 3.919879310000     23.372451530000      1.879321970000
  H                                                 2.904334250000     23.669102980000      0.786884690000
 Recover connectivity data from disk.
 Using perturbation frequencies:    0.085645

 GradGradGradGradGradGradGradGradGradGradGradGradGradGradGradGradGradGrad
 Berny optimization.
 Initialization pass.
 Trust Radius=3.00D-01 FncErr=1.00D-07 GrdErr=1.00D-07 EigMax=2.50D+02 EigMin=1.00D-04
 Number of steps in this run=      2 maximum allowed number of steps=      2.
 GradGradGradGradGradGradGradGradGradGradGradGradGradGradGradGradGradGrad

                          Input orientation:                          
 ---------------------------------------------------------------------
 Center     Atomic      Atomic             Coordinates (Angstroms)
 Number     Number       Type             X           Y           Z
 ---------------------------------------------------------------------
      1          8           0        7.478752   17.416452    2.373071
      2          1           0        7.774526   16.518631    2.569627
      3          1           0        7.678939   17.895228    3.186319
      4          8           0        3.878007   19.648293    1.370607
      5          1           0        4.519494   20.370769    1.293404
      6          1           0        3.400301   19.872970    2.181037
      7          8           0        5.916463   20.225887    5.269909
      8          1           0        5.938313   19.956691    4.341310
      9          1           0        6.813335   20.039154    5.612723
     10          8           0        4.108832   19.552204    7.171634
     11          1           0        4.456762   18.888462    7.782375
     12          1           0        4.733421   19.535859    6.419409
     13          8           0       10.484369   20.254264    1.936577
     14          1           0       10.042894   21.003145    2.360123
     15          1           0        9.746236   19.703193    1.636855
     16          8           0        8.421866   19.465346    6.428055
     17          1           0        9.290418   19.812235    6.674320
     18          1           0        8.597277   18.547336    6.176347
     19          8           0       10.584818   25.446323    5.450245
     20          1           0       10.292807   24.599314    5.074825
     21          1           0       10.737584   25.232527    6.380082
     22          8           0        4.125335   24.606921    5.241285
     23          1           0        3.810400   25.471664    5.534383
     24          1           0        3.408158   24.294636    4.669393
     25          8           0        5.990040   22.767967    2.037109
     26          1           0        6.560877   22.743839    2.817729
     27          1           0        6.538684   23.166982    1.351253
     28          8           0        8.928428   22.822335    4.322493
     29          1           0        8.918751   22.034421    4.885171
     30          1           0        8.280941   23.406581    4.741580
     31          8           0        3.037345   23.753805    1.738908
     32          1           0        3.919879   23.372452    1.879322
     33          1           0        2.904334   23.669103    0.786885
 ---------------------------------------------------------------------
                    Distance matrix (angstroms):
                    1          2          3          4          5
     1  O    0.000000
     2  H    0.965505   0.000000
     3  H    0.964715   1.511446   0.000000
     4  O    4.353322   5.139582   4.562580   0.000000
     5  H    4.318665   5.202206   4.437738   0.969246   0.000000
     6  H    4.764989   5.525979   4.819627   0.967202   1.512710
     7  O    4.327279   4.948502   3.588821   4.437733   4.217238
     8  H    3.563668   4.281448   2.934861   3.628368   3.387365
     9  H    4.220983   4.751675   3.351585   5.173439   4.901856
    10  O    6.240513   6.619543   5.601246   5.806413   5.949141
    11  H    6.368658   6.617885   5.700234   6.482521   6.656419
    12  H    5.329314   5.759585   4.671254   5.121990   5.197958
    13  O    4.156614   4.658214   3.872640   6.658194   6.000581
    14  H    4.409009   5.029936   3.991245   6.389100   5.660895
    15  H    3.303435   3.859940   3.153299   5.874522   5.280383
    16  O    4.640079   4.897923   3.677779   6.801316   6.512521
    17  H    5.246204   5.476702   4.293941   7.579608   7.213039
    18  H    4.122488   4.219122   3.195130   6.824863   6.617881
    19  O    9.143056   9.792824   8.401698   9.759197   8.934693
    20  H    8.173854   8.826958   7.439323   8.909742   8.093879
    21  H    9.368413   9.961489   8.566877  10.165250   9.390188
    22  O    8.436522   9.266866   7.867516   6.295341   5.803974
    23  H    9.398784  10.230390   8.825043   7.159138   6.671421
    24  H    8.315783   9.161902   7.835273   5.717626   5.294253
    25  O    5.564876   6.520902   5.283620   3.825869   2.908979
    26  H    5.424138   6.347261   4.989484   4.344463   3.481706
    27  H    5.915778   6.871122   5.697283   4.411434   3.449534
    28  O    5.926667   6.643848   5.208502   6.655444   5.884238
    29  H    5.450678   6.090562   4.642860   6.592031   5.917938
    30  H    6.491147   7.240007   5.758146   6.698807   5.937554
    31  O    7.764683   8.687850   7.613298   4.206850   3.720239
    32  H    6.955810   7.893648   6.770432   3.758976   3.116559
    33  H    7.908029   8.833244   7.867132   4.178000   3.707332
                    6          7          8          9         10
     6  H    0.000000
     7  O    3.999594   0.000000
     8  H    3.333962   0.967078   0.000000
     9  H    4.842818   0.978147   1.545624   0.000000
    10  O    5.050838   2.708863   3.394310   3.159376   0.000000
    11  H    5.784493   3.198737   3.895771   3.403662   0.966754
    12  H    4.455856   1.788038   2.438721   2.286939   0.977865
    13  O    7.098533   5.654880   5.151496   5.199693   8.279261
    14  H    6.740432   5.108661   4.676297   4.683881   7.776179
    15  H    6.371488   5.304663   4.677458   4.952000   7.901702
    16  O    6.589343   2.863000   3.280847   1.892457   4.377523
    17  H    7.408561   3.677915   4.086613   2.704519   5.211888
    18  H    6.687927   3.290278   3.524731   2.392832   4.706006
    19  O    9.662675   7.005641   7.277074   6.594540   8.924249
    20  H    8.844150   6.190097   6.407309   5.761173   8.252968
    21  H   10.009623   7.038618   7.417819   6.554364   8.765443
    22  O    5.683405   4.733119   5.071636   5.312985   5.410794
    23  H    6.538997   5.658942   6.030454   6.207731   6.148957
    24  H    5.073767   4.817357   5.032603   5.531205   5.407663
    25  O    3.886961   4.113219   3.635284   4.572663   6.343770
    26  H    4.317002   3.573309   3.236832   3.897570   5.929212
    27  H    4.624771   4.938933   4.427963   5.293285   7.269638
    28  O    6.621539   4.087918   4.141625   3.726179   6.483816
    29  H    6.514408   3.525983   3.673657   2.990518   5.875767
    30  H    6.547017   3.998337   4.189255   3.775224   6.178016
    31  O    3.922766   5.762246   5.441157   6.562253   6.950975
    32  H    3.550685   5.038183   4.669356   5.781110   6.529821
    33  H    4.074343   6.405166   5.968331   7.193436   7.691859
                   11         12         13         14         15
    11  H    0.000000
    12  H    1.534059   0.000000
    13  O    8.507103   7.327024   0.000000
    14  H    8.067067   6.842605   0.967013   0.000000
    15  H    8.149217   6.930306   0.968687   1.516905   0.000000
    16  O    4.229542   3.689129   5.004966   4.641189   4.976558
    17  H    5.044341   4.572481   4.905824   4.538368   5.059221
    18  H    4.454161   3.995703   4.944731   4.762812   4.823184
    19  O    9.273480   8.373274   6.270042   5.439151   6.944690
    20  H    8.602562   7.638930   5.363278   4.512703   6.007527
    21  H    9.036720   8.276687   6.677720   5.876252   7.352177
    22  O    6.266399   5.241509   8.384750   7.503720   8.284504
    23  H    6.986401   6.071987   9.203658   8.299854   9.148778
    24  H    6.325895   5.240691   8.594513   7.757988   8.393383
    25  O    7.099970   5.588396   5.150515   4.432219   4.864366
    26  H    6.628646   5.157794   4.729503   3.919677   4.559222
    27  H    7.999966   6.490781   4.939125   4.240223   4.729460
    28  O    6.887811   5.726785   3.835170   2.898686   4.196488
    29  H    6.180630   5.110155   3.783428   2.950101   4.083004
    30  H    6.654635   5.512032   4.760277   3.814751   5.049900
    31  O    7.887319   6.524939   8.230676   7.551805   7.837544
    32  H    7.432391   5.999474   7.267661   6.583016   6.889752
    33  H    8.614026   7.221814   8.392845   7.780839   7.953773
                   16         17         18         19         20
    16  O    0.000000
    17  H    0.967141   0.000000
    18  H    0.967920   1.525907   0.000000
    19  O    6.434792   5.909042   7.216202   0.000000
    20  H    5.629323   5.145803   6.380800   0.971409   0.000000
    21  H    6.214920   5.617867   7.022407   0.966251   1.517393
    22  O    6.804733   7.191710   7.588885   6.517146   6.169723
    23  H    7.624967   7.959849   8.442312   6.774988   6.556965
    24  H    7.179986   7.662417   7.888557   7.310306   6.903304
    25  O    6.008451   6.413468   6.461014   6.319421   5.576321
    26  H    5.219794   5.560395   5.747859   5.515947   4.739681
    27  H    6.559146   6.867417   6.990026   6.194218   5.478139
    28  O    3.994918   3.837034   4.671408   3.301631   2.363300
    29  H    3.037685   2.877030   3.732325   3.838771   2.915934
    30  H    4.289218   4.204028   5.076504   3.157627   2.362471
    31  O    8.328988   8.887924   8.815386   8.579218   8.030252
    32  H    7.498288   8.031802   7.976479   7.840526   7.233992
    33  H    8.940779   9.503652   9.364208   9.159437   8.593094
                   21         22         23         24         25
    21  H    0.000000
    22  O    6.738700   0.000000
    23  H    6.982712   0.965852   0.000000
    24  H    7.584628   0.968982   1.515058   0.000000
    25  O    6.890185   4.138311   4.928664   3.990709   0.000000
    26  H    6.027338   3.908525   4.731423   3.971558   0.967370
    27  H    6.869233   4.798962   5.500334   4.699134   0.964688
    28  O    3.649074   5.205635   5.889129   5.723757   3.722910
    29  H    3.971245   5.451735   6.191233   5.960014   4.150530
    30  H    3.471868   4.354260   4.987869   4.953571   3.601419
    31  O    9.111574   3.765391   4.237249   3.002955   3.127172
    32  H    8.378414   3.587328   4.216414   2.982747   2.162374
    33  H    9.751305   4.712964   5.158383   3.964720   3.449157
                   26         27         28         29         30
    26  H    0.000000
    27  H    1.526464   0.000000
    28  O    2.806381   3.828567   0.000000
    29  H    3.215146   4.408627   0.968250   0.000000
    30  H    2.664404   3.819317   0.967583   1.519948   0.000000
    31  O    3.820885   3.571276   6.499800   6.888119   6.052428
    32  H    2.872391   2.679406   5.599757   5.984494   5.216564
    33  H    4.283777   3.712026   7.036139   7.459313   6.679553
                   31         32         33
    31  O    0.000000
    32  H    0.971603   0.000000
    33  H    0.964995   1.520774   0.000000
 Symmetry turned off by external request.
 Stoichiometry    H22O11
 Framework group  C1[X(H22O11)]
 Deg. of freedom    93
 Full point group                 C1      NOp   1
 Rotational constants (GHZ):           0.2603200           0.2398660           0.2001784
 Standard basis: 6-311++G(d,p) (5D, 7F)
   396 basis functions,   594 primitive gaussians,   407 cartesian basis functions
    55 alpha electrons       55 beta electrons
       nuclear repulsion energy       657.6887119568 Hartrees.
 NAtoms=   33 NActive=   33 NUniq=   33 SFac= 1.00D+00 NAtFMM=   60 NAOKFM=F Big=F
 Integral buffers will be    131072 words long.
 Raffenetti 2 integral format.
 Two-electron integral symmetry is turned off.
 Force inversion solution in PCM.
 ------------------------------------------------------------------------------
 Polarizable Continuum Model (PCM)
 =================================
 Model                : C-PCM.
 Atomic radii         : UFF (Universal Force Field).
 Polarization charges : Total charges.
 Charge compensation  : None.
 Solution method      : Matrix inversion.
 Cavity type          : Scaled VdW (van der Waals Surface) (Alpha=1.100).
 Cavity algorithm     : GePol (No added spheres)
                        Default sphere list used, NSphG=   33.
                        Lebedev-Laikov grids with approx.  5.0 points / Ang**2.
                        Smoothing algorithm: York/Karplus (Gamma=1.0000).
                        Polarization charges: spherical gaussians, with
                                              point-specific exponents (IZeta= 3).
                        Self-potential: point-specific (ISelfS= 7).
                        Self-field    : sphere-specific E.n sum rule (ISelfD= 2).
 1st derivatives      : Analytical E(r).r(x)/FMM algorithm (CHGder, D1EAlg=3).
                        Cavity 1st derivative terms included.
 2nd derivatives      : Analytical E(r).r(xy)/FMM algorithm (CHGder, D2EAlg=3).
                        Cavity 2nd derivative terms included.
 Solvent              : Water, Eps=  78.355300 Eps(inf)=   1.777849
 ------------------------------------------------------------------------------
 One-electron integrals computed using PRISM.
 NBasis=   396 RedAO= T EigKep=  5.82D-04  NBF=   396
 NBsUse=   396 1.00D-06 EigRej= -1.00D+00 NBFU=   396
 Initial guess from the checkpoint file:  "cluster_150.chk"
 B after Tr=     0.000000    0.000000    0.000000
         Rot=    1.000000    0.000000    0.000000    0.000000 Ang=   0.00 deg.
 Requested convergence on RMS density matrix=1.00D-08 within  32 cycles.
 Requested convergence on MAX density matrix=1.00D-06.
 Requested convergence on             energy=1.00D-06.
 No special actions if energy rises.
 Inv3:  Mode=1 IEnd=    43754283.
 Iteration    1 A*A^-1 deviation from unit magnitude is 6.11D-15 for   3817.
 Iteration    1 A*A^-1 deviation from orthogonality  is 3.37D-15 for   3818    405.
 Iteration    1 A^-1*A deviation from unit magnitude is 6.11D-15 for   3817.
 Iteration    1 A^-1*A deviation from orthogonality  is 2.70D-15 for   3816   3701.
 Error on total polarization charges =  0.01897
 SCF Done:  E(RB3LYP) =  -841.153385655     A.U. after   10 cycles
            NFock= 10  Conv=0.22D-08     -V/T= 2.0036
 QCSCF skips out because SCF is already converged.
 DoSCS=F DFT=T ScalE2(SS,OS)=  1.000000  1.000000
 Range of M.O.s used for correlation:     1   396
 NBasis=   396 NAE=    55 NBE=    55 NFC=     0 NFV=     0
 NROrb=    396 NOA=    55 NOB=    55 NVA=   341 NVB=   341

 **** Warning!!: The largest alpha MO coefficient is  0.11798634D+02

 NEqPCM:  Using non-equilibrium solvation (IEInf=1, Eps=  78.3553, EpsInf=   1.7778)
 Inv3:  Mode=1 IEnd=    43754283.
 Iteration    1 A*A^-1 deviation from unit magnitude is 6.11D-15 for   3817.
 Iteration    1 A*A^-1 deviation from orthogonality  is 3.37D-15 for   3818    405.
 Iteration    1 A^-1*A deviation from unit magnitude is 6.11D-15 for   3817.
 Iteration    1 A^-1*A deviation from orthogonality  is 2.70D-15 for   3816   3701.
          Differentiating once with respect to electric field.
                with respect to dipole field.
                with respect to quadrupole field.
          Differentiating once with respect to magnetic field using GIAOs.
          Electric field/nuclear overlap derivatives assumed to be zero.
 FoFJK:  IHMeth= 1 ICntrl=    6127 DoSepK=F KAlg= 0 I1Cent=           0 FoldK=F
 IRaf=         1 NMat=       1 IRICut=       1 DoRegI=T DoRafI=F ISym2E= 0 IDoP0=0 IntGTp=1.
 CalDSu exits because no D1Ps are significant.
          There are    12 degrees of freedom in the 1st order CPHF.  IDoFFX=0 NUNeed=    12.
     11 vectors produced by pass  0 Test12= 3.13D-13 8.33D-09 XBig12= 1.00D+00 1.79D-01.
 AX will form    11 AO Fock derivatives at one time.
     11 vectors produced by pass  1 Test12= 3.13D-13 8.33D-09 XBig12= 9.48D-02 4.40D-02.
     11 vectors produced by pass  2 Test12= 3.13D-13 8.33D-09 XBig12= 3.08D-02 2.44D-02.
     11 vectors produced by pass  3 Test12= 3.13D-13 8.33D-09 XBig12= 1.89D-03 7.97D-03.
     11 vectors produced by pass  4 Test12= 3.13D-13 8.33D-09 XBig12= 1.03D-04 1.10D-03.
     11 vectors produced by pass  5 Test12= 3.13D-13 8.33D-09 XBig12= 3.94D-06 2.41D-04.
     11 vectors produced by pass  6 Test12= 3.13D-13 8.33D-09 XBig12= 9.63D-08 2.70D-05.
     11 vectors produced by pass  7 Test12= 3.13D-13 8.33D-09 XBig12= 1.62D-09 3.56D-06.
     11 vectors produced by pass  8 Test12= 3.13D-13 8.33D-09 XBig12= 2.48D-11 5.59D-07.
      9 vectors produced by pass  9 Test12= 3.13D-13 8.33D-09 XBig12= 6.93D-13 8.76D-08.
      1 vectors produced by pass 10 Test12= 3.13D-13 8.33D-09 XBig12= 1.26D-14 1.58D-08.
 InvSVY:  IOpt=1 It=  1 EMax= 5.12D-13
 Solved reduced A of dimension   109 with    12 vectors.
 Isotropic polarizability for W=    0.085645       99.97 Bohr**3.
 Dipole-magnetic dipole polarizability for W=    0.085645:
                 1             2             3 
      1  -0.315188D+02  0.352453D+03 -0.200453D+04
      2  -0.365939D+03 -0.107154D+01  0.611073D+03
      3   0.203330D+04 -0.590173D+03  0.324717D+02
 DQ contribution to OR G for W=    0.085645:
                 1             2             3 
      1  -0.610138D+02  0.125508D+04 -0.671621D+04
      2  -0.128102D+04 -0.252850D+01  0.213474D+04
      3   0.677477D+04 -0.208988D+04  0.635423D+02
 Optical Rotation G' tensor for W=    0.085645:
                 1             2             3 
      1   0.446619D+00  0.128818D+00  0.126747D+00
      2   0.128818D+00 -0.155667D+00  0.382340D+00
      3   0.126747D+00  0.382340D+00 -0.409576D+00
 OR G Eigenvalues:    -0.6862     0.0417     0.5259  Iso=     0.0395
 Eigenvectors:
   (1)  -0.025053  -0.580488   0.813884
   (2)  -0.402672   0.751032   0.523265
   (3)   0.915001   0.314619   0.252562
 w=    0.085645 a.u., Optical Rotation Beta=      0.0395 au.
 Molar Mass =    198.1672 grams/mole, [Alpha] ( 5320.0 A) =        9.46 deg.
 End of Minotr F.D. properties on file   721 Mask=       B NFrqRd=     1 NDeriv=     1 ND12= 1 LenFil=      39:
 Frequencies=    0.085645
 Property number 1 -- Alpha(-w,w) frequency  1    0.085645:
                 1             2             3 
      1   0.101243D+03  0.207686D+01  0.177123D+01
      2   0.207686D+01  0.995988D+02  0.670630D+00
      3   0.177123D+01  0.670630D+00  0.990681D+02
 Property number 2 -- FD Optical Rotation Tensor frequency  1    0.085645:
                 1             2             3 
      1  -0.315188D+02  0.352453D+03 -0.200453D+04
      2  -0.365939D+03 -0.107154D+01  0.611073D+03
      3   0.203330D+04 -0.590173D+03  0.324717D+02
 Property number 4 -- D-Q polarizability frequency  1    0.085645:
                 1             2             3 
      1   0.163275D+04 -0.264119D+04 -0.488147D+03
      2  -0.740512D+03  0.534765D+04 -0.468733D+03
      3  -0.892234D+03 -0.270646D+04  0.956880D+03
      4   0.413358D+04  0.134937D+04  0.982761D+02
      5   0.792877D+03  0.372623D+02  0.124250D+04
      6   0.100805D+03  0.786350D+03  0.400975D+04
 End of Minotr F.D. properties file   722 does not exist.
 End of Minotr F.D. properties file   788 does not exist.
 Symmetrizing basis deriv contribution to polar:
 IMax=3 JMax=2 DiffMx= 0.00D+00
 G2DrvN: will do    34 centers at a time, making    1 passes.
 PxScal for G2LodP:  IOpCl= 0 ISclPx=1 IMOff=     1 NMtTot=    25 NTT=   78606 ScalPx= 2.54D+02
 Calling FoFCou, ICntrl=  3107 FMM=F I1Cent=   0 AccDes= 0.00D+00.
 PxScal for G2LodP:  IOpCl= 0 ISclPx=0 IMOff=     1 NMtTot=    25 NTT=   78606 ScalPx= 1.00D+00
 NEqPCM:  Using non-equilibrium solvation (IEInf=1, Eps=  78.3553, EpsInf=   1.7778)
 G2PCM: DoFxE=T DoFxN=T DoGrad=T DoDP/DQ/DG/TGxP=TTTF NFrqRd=   1 IEInf=1 SqF1=F DoCFld=F IF1Alg=4.
 End of G2Drv F.D. properties on file   721 Mask=       B NFrqRd=     1 NDeriv=     1 ND12= 1 LenFil=      39:
 Frequencies=    0.085645
 Property number 1 -- Alpha(-w,w) frequency  1    0.085645:
                 1             2             3 
      1   0.101243D+03  0.207686D+01  0.177123D+01
      2   0.207686D+01  0.995988D+02  0.670630D+00
      3   0.177123D+01  0.670630D+00  0.990681D+02
 Property number 2 -- FD Optical Rotation Tensor frequency  1    0.085645:
                 1             2             3 
      1  -0.315188D+02  0.352453D+03 -0.200453D+04
      2  -0.365939D+03 -0.107154D+01  0.611073D+03
      3   0.203330D+04 -0.590173D+03  0.324717D+02
 Property number 4 -- D-Q polarizability frequency  1    0.085645:
                 1             2             3 
      1   0.163275D+04 -0.264119D+04 -0.488147D+03
      2  -0.740512D+03  0.534765D+04 -0.468733D+03
      3  -0.892234D+03 -0.270646D+04  0.956880D+03
      4   0.413358D+04  0.134937D+04  0.982761D+02
      5   0.792877D+03  0.372623D+02  0.124250D+04
      6   0.100805D+03  0.786350D+03  0.400975D+04
 End of G2Drv F.D. properties on file   722 Mask=       B NFrqRd=     1 NDeriv=    99 ND12= 1 LenFil=    3567:
 Frequencies=    0.085645
 Property number 1 -- Alpha(-w,w) derivatives, frequency  1    0.085645:
                 1             2             3             4             5 
      1   0.417689D+00  0.196370D+01  0.945244D+00 -0.461486D+00  0.185173D+00
      2   0.196370D+01  0.513130D+00 -0.818317D+00  0.185173D+00 -0.585827D+00
      3   0.945244D+00 -0.818317D+00 -0.101369D+01  0.353352D+00 -0.880755D+00
                 6             7             8             9            10 
      1   0.353352D+00  0.117454D+01 -0.845847D+00 -0.944888D+00 -0.297408D+00
      2  -0.880755D+00 -0.845847D+00 -0.626130D+00 -0.980782D+00 -0.908506D+00
      3  -0.101016D+01 -0.944888D+00 -0.980782D+00 -0.231797D+00 -0.454464D+00
                11            12            13            14            15 
      1  -0.908506D+00 -0.454464D+00  0.851915D+00 -0.643451D-01 -0.576805D+00
      2  -0.693742D+00  0.111755D+00 -0.643451D-01  0.618543D+00  0.490757D+00
      3   0.111755D+00  0.283756D+00 -0.576805D+00  0.490757D+00  0.215704D+00
                16            17            18            19            20 
      1  -0.361799D+00  0.404832D+00  0.245845D+00 -0.953765D-01 -0.948058D+00
      2   0.404832D+00 -0.477067D+00 -0.113788D+00 -0.948058D+00  0.193655D+00
      3   0.245845D+00 -0.113788D+00 -0.414420D+00 -0.544871D+00  0.799898D+00
                21            22            23            24            25 
      1  -0.544871D+00 -0.300481D+00 -0.937843D-01  0.295351D+00 -0.866103D+00
      2   0.799898D+00 -0.937843D-01 -0.114514D+00  0.373331D+00  0.481136D+00
      3   0.829857D+00  0.295351D+00  0.373331D+00  0.834427D+00  0.773284D+00
                26            27            28            29            30 
      1   0.481136D+00  0.773284D+00  0.977990D+00 -0.821217D+00  0.140142D+01
      2   0.107309D+01  0.105986D+01 -0.821217D+00 -0.179803D+01 -0.875683D-02
      3   0.105986D+01  0.739221D+00  0.140142D+01 -0.875683D-02  0.211050D+01
                31            32            33            34            35 
      1  -0.147516D+01 -0.131065D+01 -0.960010D+00  0.198739D+01 -0.918846D-02
      2  -0.131065D+01  0.799908D+00 -0.208703D+00 -0.918846D-02 -0.578824D+00
      3  -0.960010D+00 -0.208703D+00 -0.839173D+00  0.178622D+01 -0.637511D+00
                36            37            38            39            40 
      1   0.178622D+01 -0.607817D+00  0.897766D+00 -0.850358D+00  0.121255D+01
      2  -0.637511D+00  0.897766D+00  0.118942D+01  0.444312D+00  0.133975D+01
      3   0.505453D+00 -0.850358D+00  0.444312D+00 -0.112648D+01  0.416871D+00
                41            42            43            44            45 
      1   0.133975D+01  0.416871D+00 -0.381346D+00 -0.620104D-01 -0.817684D+00
      2   0.685781D-01 -0.186603D-01 -0.620104D-01  0.293834D+00 -0.159297D+00
      3  -0.186603D-01 -0.296236D-01 -0.817684D+00 -0.159297D+00 -0.751014D+00
                46            47            48            49            50 
      1  -0.414881D+00 -0.932421D-01 -0.551423D+00  0.190034D+00  0.310686D-01
      2  -0.932421D-01  0.643001D+00 -0.475725D+00  0.310686D-01 -0.776077D+00
      3  -0.551423D+00 -0.475725D+00 -0.103899D+01  0.473620D+00  0.144409D+00
                51            52            53            54            55 
      1   0.473620D+00 -0.157644D+01  0.934077D-01 -0.994837D+00 -0.140036D+01
      2   0.144409D+00  0.934077D-01  0.296295D+00  0.767879D+00  0.984301D+00
      3   0.873044D+00 -0.994837D+00  0.767879D+00  0.231723D+00 -0.124297D+01
                56            57            58            59            60 
      1   0.984301D+00 -0.124297D+01  0.829327D+00  0.151912D+01 -0.311988D+00
      2   0.141830D+01  0.191948D+00  0.151912D+01 -0.222132D+00 -0.857790D+00
      3   0.191948D+00 -0.654312D+00 -0.311988D+00 -0.857790D+00  0.498467D+00
                61            62            63            64            65 
      1  -0.109625D+01 -0.770333D-01 -0.879938D-01 -0.191409D+00 -0.216519D+00
      2  -0.770333D-01 -0.103728D+01  0.804486D+00 -0.216519D+00 -0.337939D-01
      3  -0.879938D-01  0.804486D+00  0.665404D+00  0.101616D+00 -0.209130D+00
                66            67            68            69            70 
      1   0.101616D+00 -0.576044D-01 -0.368348D+00  0.740292D-01  0.153390D+00
      2  -0.209130D+00 -0.368348D+00  0.723654D-01  0.246500D-01 -0.486184D-01
      3  -0.314427D+00  0.740292D-01  0.246500D-01 -0.258912D+00 -0.706962D-01
                71            72            73            74            75 
      1  -0.486184D-01 -0.706962D-01  0.264758D+01 -0.254278D+00  0.116784D+01
      2   0.143876D+01 -0.287917D+00 -0.254278D+00 -0.165607D+01 -0.307663D+00
      3  -0.287917D+00 -0.106237D+01  0.116784D+01 -0.307663D+00  0.984004D+00
                76            77            78            79            80 
      1  -0.311508D+00 -0.959234D+00 -0.369912D-01  0.706376D+00 -0.325994D-01
      2  -0.959234D+00 -0.288353D+00  0.340654D+00 -0.325994D-01 -0.246099D+00
      3  -0.369912D-01  0.340654D+00 -0.317863D+00 -0.412909D-01 -0.445438D+00
                81            82            83            84            85 
      1  -0.412909D-01  0.116765D+01  0.238137D+01  0.108720D+01  0.276246D+01
      2  -0.445438D+00  0.238137D+01  0.168593D+01 -0.852028D+00  0.115608D+01
      3   0.682113D+00  0.108720D+01 -0.852028D+00 -0.165957D+01 -0.111487D+01
                86            87            88            89            90 
      1   0.115608D+01 -0.111487D+01  0.188206D+01  0.904586D+00 -0.166599D+01
      2  -0.235971D+00 -0.156295D+01  0.904586D+00  0.451923D+00 -0.571737D+00
      3  -0.156295D+01 -0.142731D+01 -0.166599D+01 -0.571737D+00  0.761992D+00
                91            92            93            94            95 
      1  -0.643531D+00 -0.929145D+00  0.999719D-01 -0.908677D+00  0.569220D-01
      2  -0.929145D+00 -0.936929D+00  0.595756D+00  0.569220D-01  0.278190D+00
      3   0.999719D-01  0.595756D+00 -0.149847D+00 -0.225743D-01  0.550129D+00
                96            97            98            99           100 
      1  -0.225743D-01 -0.434531D+00 -0.128871D+01  0.563713D-01 -0.103830D+01
      2   0.550129D+00 -0.128871D+01 -0.594353D+00  0.606815D-01 -0.178729D+01
      3   0.175036D+01  0.563713D-01  0.606815D-01 -0.131896D+00 -0.961758D+00
               101           102           103           104           105 
      1  -0.178729D+01 -0.961758D+00 -0.226562D+01 -0.165134D+01  0.143726D+01
      2  -0.598239D+00  0.692787D+00 -0.165134D+01  0.225960D+00  0.136890D+01
      3   0.692787D+00  0.181709D+01  0.143726D+01  0.136890D+01 -0.579975D+00
               106           107           108           109           110 
      1  -0.114721D+01  0.675012D+00  0.160259D+01  0.983074D+00  0.862917D-01
      2   0.675012D+00 -0.602963D-01  0.226259D+00  0.862917D-01  0.214942D+00
      3   0.160259D+01  0.226259D+00 -0.518413D+00 -0.212588D+00  0.988697D+00
               111           112           113           114           115 
      1  -0.212588D+00  0.140583D+00  0.537127D+00  0.163260D+01  0.138538D+00
      2   0.988697D+00  0.537127D+00 -0.289423D+00 -0.592905D+00  0.156956D+01
      3  -0.128371D+01  0.163260D+01 -0.592905D+00 -0.128048D+01 -0.192240D+01
               116           117           118           119           120 
      1   0.156956D+01 -0.192240D+01  0.147457D-01  0.590070D+00  0.312669D+00
      2  -0.857895D+00 -0.439926D+00  0.590070D+00 -0.497633D+00 -0.891713D+00
      3  -0.439926D+00  0.238744D+01  0.312669D+00 -0.891713D+00  0.208840D+00
               121           122           123           124           125 
      1   0.689342D+00 -0.664544D+00 -0.105562D+01  0.405929D+00 -0.857364D+00
      2  -0.664544D+00  0.407385D+00  0.903372D+00 -0.857364D+00  0.505977D+00
      3  -0.105562D+01  0.903372D+00 -0.413928D-01  0.103368D+01  0.405131D+00
               126           127           128           129           130 
      1   0.103368D+01 -0.914560D+00 -0.709249D+00 -0.139250D+00 -0.853016D+00
      2   0.405131D+00 -0.709249D+00  0.143586D+00 -0.173709D+00  0.663131D-02
      3  -0.181036D+01 -0.139250D+00 -0.173709D+00  0.115386D+01 -0.615902D+00
               131           132           133           134           135 
      1   0.663131D-02 -0.615902D+00 -0.523460D+00 -0.745176D+00  0.917503D+00
      2  -0.101039D+00 -0.263739D+00 -0.745176D+00  0.512372D+00  0.524522D-01
      3  -0.263739D+00  0.127697D+01  0.917503D+00  0.524522D-01 -0.757464D+00
               136           137           138           139           140 
      1   0.849008D-01 -0.105465D+01  0.999946D-01 -0.313050D+00  0.257930D+00
      2  -0.105465D+01 -0.323266D-01 -0.808814D+00  0.257930D+00  0.201280D+00
      3   0.999946D-01 -0.808814D+00  0.202689D+01  0.805392D+00  0.472134D+00
               141           142           143           144           145 
      1   0.805392D+00  0.218077D+00 -0.600926D-01 -0.738588D+00 -0.649505D+00
      2   0.472134D+00 -0.600926D-01 -0.497348D+00  0.153546D+01  0.310532D+00
      3   0.717679D+00 -0.738588D+00  0.153546D+01 -0.343178D+01 -0.326283D+00
               146           147           148           149           150 
      1   0.310532D+00 -0.326283D+00 -0.220550D+00  0.232153D+00 -0.356792D+00
      2   0.434435D+00  0.548007D-01  0.232153D+00 -0.169463D+00  0.175599D+00
      3   0.548007D-01 -0.146637D+01 -0.356792D+00  0.175599D+00 -0.811415D+00
               151           152           153           154           155 
      1   0.539887D-01 -0.380133D-01  0.519530D+00 -0.102601D-01  0.461082D+00
      2  -0.380133D-01  0.123820D+00 -0.500716D+00  0.461082D+00 -0.208793D+00
      3   0.519530D+00 -0.500716D+00  0.122996D+01  0.909872D-01  0.532476D+00
               156           157           158           159           160 
      1   0.909872D-01  0.394621D+00 -0.305238D+00 -0.537363D+00 -0.183517D+00
      2   0.532476D+00 -0.305238D+00  0.180503D+00 -0.636992D+00 -0.824380D-01
      3  -0.602445D+00 -0.537363D+00 -0.636992D+00  0.250240D+00  0.295335D+00
               161           162           163           164           165 
      1  -0.824380D-01  0.295335D+00 -0.345369D+01 -0.195317D+01 -0.166354D+00
      2   0.365532D+00 -0.942419D+00 -0.195317D+01  0.120576D+01  0.880218D+00
      3  -0.942419D+00  0.175142D+01 -0.166354D+00  0.880218D+00  0.220225D+00
               166           167           168           169           170 
